20241018,朝阳,太阳宫,101126994190,太阳公元北区  高层 明卫 随时签约 观公园景观必看好房,1255万,142858元/平,高楼层 (共27层) | 2011年 | 2室1厅 | 87.85平米 | 东 南 北,https://ke-image.ljcdn.com/110000-inspection/pc1_ZBctaePS4.jpg!m_fill,w_280,h_210,f_jpg?from=ke.com
20241018,朝阳,太阳宫,101126789124,丰和园东边户全明格局中石油家属院安静不临街必看好房,1560万,108757元/平,中楼层 (共26层) 3室2厅 | 143.44平米 | 南 北,https://ke-image.ljcdn.com/110000-inspection/pc1_GgqBnfLD5_1.jpg!m_fill,w_280,h_210,f_jpg?from=ke.com
20241018,朝阳,太阳宫,101125567973,高层视野好俯瞰小区景观远观西山 安静位置 房况好必看好房,1598万,136886元/平,高楼层 (共27层) | 2010年 | 3室1厅 | 116.74平米 | 西南 北,https://ke-image.ljcdn.com/110000-inspection/pc1_Yw59Yx6Ym.jpg!m_fill,w_280,h_210,f_jpg?from=ke.com
20241018,朝阳,太阳宫,101124748294,中石油家属院物业管理好高楼层必看好房,1580万,112002元/平,高楼层 (共26层) 3室2厅 | 141.07平米 | 南 北,https://ke-image.ljcdn.com/110000-inspection/pc1_4SpYQlF3N.jpg!m_fill,w_280,h_210,f_jpg?from=ke.com
20241018,朝阳,太阳宫,101124290100,太阳宫 丰和园大三居  局长楼 看房随时必看好房,2330万,121691元/平,低楼层 (共26层) 3室2厅 | 191.47平米 | 南 北,https://ke-image.ljcdn.com/110000-inspection/fa68799a-39ac-434e-a9fe-29dcaa3b5453_1000.jpg!m_fill,w_280,h_210,f_jpg?from=ke.com
20241018,朝阳,太阳宫,101126638088,火星园小区景观房采光好安静不临街,1210万,122322元/平,高楼层 (共25层) 2室1厅 | 98.92平米 | 南,https://ke-image.ljcdn.com/110000-inspection/pc1_VzwpMUdpK_1.jpg!m_fill,w_280,h_210,f_jpg?from=ke.com
20241018,朝阳,太阳宫,101126477326,太阳公元全南向两居景观视野很好,1300万,144783元/平,高楼层 (共27层) | 2011年 | 2室1厅 | 89.79平米 | 南,https://ke-image.ljcdn.com/110000-inspection/pc1_XTIppkrA4_1.jpg!m_fill,w_280,h_210,f_jpg?from=ke.com
20241018,朝阳,太阳宫,101126412051,东北三环太阳宫 2019年交房 板楼2梯3户必看好房,698万,81897元/平,低楼层 (共28层) | 2021年 | 2室1厅 | 85.23平米 | 南,https://ke-image.ljcdn.com/110000-inspection/pc1_Go74h66uz.jpg!m_fill,w_280,h_210,f_jpg?from=ke.com
20241018,朝阳,太阳宫,101126307472,（分享美好）日不落观景两大园林 明厨明卫 视野开阔,1650万,129636元/平,中楼层 (共22层) | 2011年 | 3室1厅 | 127.28平米 | 西南 北,https://ke-image.ljcdn.com/110000-inspection/pc1_bXtEvC8SB_1.jpg!m_fill,w_280,h_210,f_jpg?from=ke.com
20241018,朝阳,太阳宫,101126137126,无遮挡  视野开阔  随时交易   诚意出售必看好房,1348万,145762元/平,中楼层 (共27层) | 2011年 | 3室1厅 | 92.48平米 | 南 北,https://ke-image.ljcdn.com/110000-inspection/pc1_hwktEfjvB_1.jpg!m_fill,w_280,h_210,f_jpg?from=ke.com
20241018,朝阳,太阳宫,101125436117,太阳宫可三居还有厅10号17号地铁配套齐全必看好房,650万,79172元/平,中楼层 (共28层) | 2003年 | 2室1厅 | 82.1平米 | 东南,https://ke-image.ljcdn.com/110000-inspection/test-59fd0c52-9cd8-4189-bcd0-d59b08098f9b.png!m_fill,w_280,h_210,f_jpg?from=ke.com
20241018,朝阳,太阳宫,101125366569,万方景轩 东南向一居室 看房方便 随时签约,590万,92087元/平,中楼层 (共20层) | 2005年 | 1室1厅 | 64.07平米 | 东南,https://ke-image.ljcdn.com/110000-inspection/pc1_np3nToWJu.jpg!m_fill,w_280,h_210,f_jpg?from=ke.com
20241018,朝阳,太阳宫,101125162363,新纪家园  满五年东向两居室 眼睛户型必看好房,650万,74066元/平,低楼层 (共28层) 2室1厅 | 87.76平米 | 东,https://ke-image.ljcdn.com/110000-inspection/pc1_11DWPbOIn.jpg!m_fill,w_280,h_210,f_jpg?from=ke.com
20241018,朝阳,太阳宫,101124935429,太阳宫丰和园小区阳光好的两居户型方正满5年唯一房主自荐,1200万,128563元/平,低楼层 (共26层) 2室1厅 | 93.34平米 | 南,https://ke-image.ljcdn.com/110000-inspection/pc1_SD6ZH1FmI.jpg!m_fill,w_280,h_210,f_jpg?from=ke.com
20241018,朝阳,太阳宫,101124049107,半岛国际公寓 东北向正规两居室 满五唯一 看房可约,870万,101364元/平,低楼层 (共18层) | 2005年 | 2室1厅 | 85.83平米 | 东北,https://ke-image.ljcdn.com/110000-inspection/d6becfd4-8e77-4843-9e70-630d75806e3c_1000.jpg!m_fill,w_280,h_210,f_jpg?from=ke.com
20241018,朝阳,太阳宫,101123996542,太阳宫地铁站 新纪家园小区中间南北向两居带车位必看好房,820万,80669元/平,高楼层 (共21层) | 2000年 | 2室2厅 | 101.65平米 | 南,https://ke-image.ljcdn.com/110000-inspection/pc1_eV30fcDND.jpg!m_fill,w_280,h_210,f_jpg?from=ke.com
20241018,朝阳,太阳宫,101123526049,水星园 满五年唯一全天采光两居室 中间层,1100万,107791元/平,中楼层 (共23层) 2室1厅 | 102.05平米 | 东南 西南,https://ke-image.ljcdn.com/110000-inspection/pc1_2n2y0jZkB.jpg!m_fill,w_280,h_210,f_jpg?from=ke.com
20241018,朝阳,太阳宫,101122450341,和泰园中高楼层两居室户型方正带大阳台,820万,88707元/平,中楼层 (共18层) 2室2厅 | 92.44平米 | 东,https://ke-image.ljcdn.com/110000-inspection/214d207c-28aa-4d4e-b66a-866783ed2759_1000.jpg!m_fill,w_280,h_210,f_jpg?from=ke.com
20241018,朝阳,太阳宫,101126963182,南北2+1户型 功能性强 安静不临街 诚意出售必看好房,1260万,117068元/平,低楼层 (共26层) 2室1厅 | 107.63平米 | 南 北,https://ke-image.ljcdn.com/110000-inspection/pc1_HHYW6m9je_1.jpg!m_fill,w_280,h_210,f_jpg?from=ke.com
20241018,朝阳,太阳宫,101126531292,水星园 西南向正规一居室 中间层 采光好 诚意出售,710万,93323元/平,中楼层 (共23层) 1室2厅 | 76.08平米 | 西南,https://ke-image.ljcdn.com/110000-inspection/e44a4177-0cd1-4485-9bc0-0e8de398ebb9_1000.jpg!m_fill,w_280,h_210,f_jpg?from=ke.com
20241018,朝阳,太阳宫,101126460081,底价找我太阳公元大三居前后观景安静不临街,2666万,152457元/平,高楼层 (共24层) | 2011年 | 3室2厅 | 174.87平米 | 南 北,https://ke-image.ljcdn.com/110000-inspection/96841d37-4fc5-4ba1-a8a5-186fdb3998b3_1000.jpg!m_fill,w_280,h_210,f_jpg?from=ke.com
20241018,朝阳,太阳宫,101126087831,太阳国际公馆满五唯一三居位置安静采光好,1399万,71287元/平,中楼层 (共20层) | 2003年 | 3室1厅 | 196.25平米 | 西南,https://ke-image.ljcdn.com/110000-inspection/pc1_8NiPEOyEP.jpg!m_fill,w_280,h_210,f_jpg?from=ke.com
20241018,朝阳,太阳宫,101125625615,半岛国际公寓 小面积户型 看房可约,350万,90815元/平,中楼层 (共18层) | 2005年 | 1室0厅 | 38.54平米 | 东南,https://ke-image.ljcdn.com/110000-inspection/pc1_iY3b5E2R5.jpg!m_fill,w_280,h_210,f_jpg?from=ke.com
20241018,朝阳,太阳宫,101125318361,火星园正规四居室一个本满五年唯一西边户,2180万,104327元/平,低楼层 (共18层) 4室2厅 | 208.96平米 | 南 北,https://ke-image.ljcdn.com/110000-inspection/b0edae6e-6b3c-4d10-acf0-9885f9168223_1000.jpg!m_fill,w_280,h_210,f_jpg?from=ke.com
20241018,朝阳,太阳宫,101125300994,太阳宫 地铁口 半岛国际 三居室 户型方正 诚意卖,1180万,96335元/平,低楼层 (共18层) | 2005年 | 3室1厅 | 122.49平米 | 东南 西南,https://ke-image.ljcdn.com/110000-inspection/64ea2e4a-66f0-4a5d-8618-e7736957ff21_1000.jpg!m_fill,w_280,h_210,f_jpg?from=ke.com
20241018,朝阳,太阳宫,101125171264,稳定签约 聚焦好房 四方花园 视野开阔 二次精装必看好房,1150万,129214元/平,底层 (共27层) | 2010年 | 2室1厅 | 89平米 | 南,https://ke-image.ljcdn.com/110000-inspection/pc1_xSiLdB6Tz_1.jpg!m_fill,w_280,h_210,f_jpg?from=ke.com
20241018,朝阳,太阳宫,101124419257,太阳国际公馆满五唯一下跃四居室采光面大位置安静,1280万,44872元/平,底层 (共20层) | 2003年 | 4室3厅 | 285.26平米 | 南 西南,https://ke-image.ljcdn.com/110000-inspection/f8ba6c53-84e0-45ba-866c-f518902fd219_1000.jpg!m_fill,w_280,h_210,f_jpg?from=ke.com
20241018,朝阳,太阳宫,101123654805,火星园3号楼前后观景南北通透带阳台,1290万,116954元/平,高楼层 (共27层) 2室1厅 | 110.3平米 | 南 北,https://ke-image.ljcdn.com/110000-inspection/647833d7-8499-429e-9407-37d2b6e56ca1_1000.jpg!m_fill,w_280,h_210,f_jpg?from=ke.com
20241018,朝阳,太阳宫,101122982127,社科院单位楼 有电梯  东南向两居室 管理好必看好房,440万,63954元/平,低楼层 (共18层) | 2003年 | 2室1厅 | 68.8平米 | 东南,https://ke-image.ljcdn.com/110000-inspection/3a2f2a3f-3334-4f7b-b206-b1993ac541aa_1000.jpg!m_fill,w_280,h_210,f_jpg?from=ke.com
20241018,朝阳,太阳宫,101126985886,安馨家园 2室1厅 南新上,850万,98346元/平,中楼层 (共25层) | 2021年 | 2室1厅 | 86.43平米 | 南,https://ke-image.ljcdn.com/110000-inspection/pc1_vzmy426PQ.jpg!m_fill,w_280,h_210,f_jpg?from=ke.com
20241018,朝阳,太阳宫,101126933567,太阳国际公馆 2室1厅 西北,898万,90900元/平,高楼层 (共20层) | 2003年 | 2室1厅 | 98.79平米 | 西北,https://ke-image.ljcdn.com/110000-inspection/pc1_JSp4n278J.jpg!m_fill,w_280,h_210,f_jpg?from=ke.com
20241018,朝阳,太阳宫,101126904432,太阳公元一组团  高层两居室  满五年 精装修,1200万,134394元/平,高楼层 (共27层) | 2010年 | 2室1厅 | 89.29平米 | 南,https://ke-image.ljcdn.com/110000-inspection/pc1_NsDOSViYq.jpg!m_fill,w_280,h_210,f_jpg?from=ke.com
20241018,朝阳,太阳宫,101126879808,新出好房 快来围观 两梯三户 居住舒适 精品呈现,1150万,134803元/平,高楼层 (共25层) | 2011年 | 2室1厅 | 85.31平米 | 南,https://ke-image.ljcdn.com/110000-inspection/pc1_OjHKgTcgL.jpg!m_fill,w_280,h_210,f_jpg?from=ke.com
20241018,朝阳,太阳宫,101126876992,红玺台 位置棒 百万豪装修 前后左右不临街,4900万,158937元/平,中楼层 (共24层) | 2011年 | 4室3厅 | 308.3平米 | 南 北,https://ke-image.ljcdn.com/110000-inspection/pc1_01LtMgkl3.jpg!m_fill,w_280,h_210,f_jpg?from=ke.com
20241018,朝阳,太阳宫,101126783360,红玺台 天然氧吧 公园式社区 户数少 位置好,2750万,146371元/平,低楼层 (共25层) | 2011年 | 4室2厅 | 187.88平米 | 南 西 北,https://ke-image.ljcdn.com/110000-inspection/pc1_ZwT36KBjT.jpg!m_fill,w_280,h_210,f_jpg?from=ke.com
20241018,朝阳,太阳宫,101126768724,优选房源 此房满五唯一 房况9.5成新 东边户 万,3200万,144177元/平,低楼层 (共25层) | 2012年 | 4室2厅 | 221.95平米 | 南 北,https://ke-image.ljcdn.com/110000-inspection/pc1_FkPMAVfzA.jpg!m_fill,w_280,h_210,f_jpg?from=ke.com
20241018,朝阳,太阳宫,101126697598,全明格局 南北通透前后观花园高层全景视野,1298万,140355元/平,顶层 (共27层) | 2011年 | 3室1厅 | 92.48平米 | 南 北,https://ke-image.ljcdn.com/110000-inspection/ba296051-abde-4aa2-9547-7c29d5d18b99_1000.jpg!m_fill,w_280,h_210,f_jpg?from=ke.com
20241018,朝阳,太阳宫,101126688575,丰和园南北通透三居室户型方正格局好。,1500万,106815元/平,底层 (共26层) | 2010年 | 3室2厅 | 140.43平米 | 南 北,https://ke-image.ljcdn.com/110000-inspection/pc1_hRLEcVBPR.jpg!m_fill,w_280,h_210,f_jpg?from=ke.com
20241018,朝阳,太阳宫,101126579771,社科院 2室1厅 东,620万,89856元/平,低楼层 (共7层) 2室1厅 | 69平米 | 东,https://ke-image.ljcdn.com/110000-inspection/44022f4c-a879-4ecb-a5b8-b8dbc3cede20_1000.jpg!m_fill,w_280,h_210,f_jpg?from=ke.com
20241018,朝阳,太阳宫,101126575667,NO.2太阳公元新上 南北三居室 高层采光无遮挡,1930万,140303元/平,高楼层 (共25层) | 2011年 | 3室1厅 | 137.56平米 | 南 北,https://ke-image.ljcdn.com/110000-inspection/pc1_BL7zaCeeU_1.jpg!m_fill,w_280,h_210,f_jpg?from=ke.com
20241018,朝阳,太阳宫,101126571799,2年前法拍过来自己装修独立下水朝南向 高原 值,639万,90089元/平,底层 (共18层) | 2005年 | 1室1厅 | 70.93平米 | 西南,https://ke-image.ljcdn.com/110000-inspection/pc1_PDC35KX1D_1.jpg!m_fill,w_280,h_210,f_jpg?from=ke.com
20241018,朝阳,太阳宫,101126563179,太阳宫地铁10/17号线  万方景轩东南向一居室出,620万,91689元/平,高楼层 (共20层) 1室1厅 | 67.62平米 | 东北,https://ke-image.ljcdn.com/110000-inspection/pc1_uji60jFEB.jpg!m_fill,w_280,h_210,f_jpg?from=ke.com
20241018,朝阳,太阳宫,101126519296,红玺台主推房源 南向精致小户型 小区仅4套,840万,116441元/平,中楼层 (共16层) | 2011年 | 1室1厅 | 72.14平米 | 南,https://ke-image.ljcdn.com/110000-inspection/pc1_6yNo5KGsa.jpg!m_fill,w_280,h_210,f_jpg?from=ke.com
20241018,朝阳,太阳宫,101126477619,太阳宫  万方景轩一居室出售  看公园景观视野好,550万,86492元/平,顶层 (共18层) | 2005年 | 1室1厅 | 63.59平米 | 东北,https://ke-image.ljcdn.com/110000-inspection/pc1_6WPqcdpd6_1.jpg!m_fill,w_280,h_210,f_jpg?from=ke.com
20241018,朝阳,太阳宫,101126429885,和泰园 1室1厅 西,510万,92728元/平,顶层 (共18层) 1室1厅 | 55平米 | 西,https://ke-image.ljcdn.com/110000-inspection/pc1_RkPicN5fS.jpg!m_fill,w_280,h_210,f_jpg?from=ke.com
20241018,朝阳,太阳宫,101126429411,太阳公元南区3居 中高层视野好,2050万,149636元/平,中楼层 (共26层) | 2012年 | 3室1厅 | 137平米 | 南 北,https://ke-image.ljcdn.com/110000-inspection/pc1_SSV7r8fEI.jpg!m_fill,w_280,h_210,f_jpg?from=ke.com
20241018,朝阳,太阳宫,101126423460,万方景轩精装修拎包入住只有契税采光好,960万,103060元/平,高楼层 (共18层) | 2005年 | 2室1厅 | 93.15平米 | 东 南,https://ke-image.ljcdn.com/110000-inspection/pc1_C6U6xEyE5.jpg!m_fill,w_280,h_210,f_jpg?from=ke.com
20241018,朝阳,太阳宫,101126422756,丰和园正规一居室只此一套石油家属楼。,860万,112876元/平,底层 (共26层) | 2010年 | 1室1厅 | 76.19平米 | 南,https://ke-image.ljcdn.com/110000-inspection/pc1_H1OL8o2iE_1.jpg!m_fill,w_280,h_210,f_jpg?from=ke.com
20241018,朝阳,太阳宫,101126419277,太阳宫 万方景轩 地铁1017号线 楼下商场,578万,98317元/平,中楼层 (共18层) | 2005年 | 1室1厅 | 58.79平米 | 西 北,https://ke-image.ljcdn.com/110000-inspection/pc1_DwlMjvpZ6.jpg!m_fill,w_280,h_210,f_jpg?from=ke.com
20241018,朝阳,太阳宫,101126416728,太阳宫新纪家园西南户型两居室出售  满五唯一房主自荐,595万,76146元/平,中楼层 (共7层) 2室1厅 | 78.14平米 | 南 西,https://ke-image.ljcdn.com/110000-inspection/pc1_AxJppW4CV.jpg!m_fill,w_280,h_210,f_jpg?from=ke.com
20241018,朝阳,太阳宫,101126398227,满五年唯一全明格局临河观景,1200万,126917元/平,中楼层 (共24层) | 2011年 | 2室1厅 | 94.55平米 | 东南 北,https://ke-image.ljcdn.com/110000-inspection/pc1_ObvpSW2hI_1.jpg!m_fill,w_280,h_210,f_jpg?from=ke.com
20241018,朝阳,太阳宫,101126376387,太阳公元南北眼睛户型3居 中高层 南北看园林,2650万,151334元/平,中楼层 (共22层) | 2011年 | 3室2厅 | 175.11平米 | 南 北,https://ke-image.ljcdn.com/110000-inspection/pc1_u3pChP9NB.jpg!m_fill,w_280,h_210,f_jpg?from=ke.com
20241018,朝阳,太阳宫,101126351560,丰和园 3室2厅 北 南 东,1640万,114016元/平,中楼层 (共26层) 3室2厅 | 143.84平米 | 北 南 东,https://ke-image.ljcdn.com/110000-inspection/pc1_zoYl4QQtb.jpg!m_fill,w_280,h_210,f_jpg?from=ke.com
20241018,朝阳,太阳宫,101126344390,火星园2012年交房的楼地铁10/17/12号线,2300万,113924元/平,低楼层 (共18层) | 2011年 | 4室2厅 | 201.89平米 | 南 北,https://ke-image.ljcdn.com/110000-inspection/pc1_DXvjNZwg4_2.jpg!m_fill,w_280,h_210,f_jpg?from=ke.com
20241018,朝阳,太阳宫,101126334602,红玺台 面宽11.8米 落地大窗 业主诚意,2500万,155135元/平,低楼层 (共25层) | 2011年 | 3室2厅 | 161.15平米 | 南 北,https://ke-image.ljcdn.com/110000-inspection/pc1_kW3xRAJvj.jpg!m_fill,w_280,h_210,f_jpg?from=ke.com
20241018,朝阳,太阳宫,101126329407,新纪家园眼睛户型两居室位置好无遮挡看公园,720万,76678元/平,顶层 (共26层) | 2006年 | 2室1厅 | 93.9平米 | 东,https://ke-image.ljcdn.com/110000-inspection/pc1_o4xkcisnG.jpg!m_fill,w_280,h_210,f_jpg?from=ke.com
20241018,朝阳,太阳宫,101126276691,优质房源 太阳宫10/17号线 优质楼层精装修,980万,84527元/平,低楼层 (共18层) 2室1厅 | 115.94平米 | 东南,https://ke-image.ljcdn.com/110000-inspection/pc1_fER27wFVW.jpg!m_fill,w_280,h_210,f_jpg?from=ke.com
20241018,朝阳,太阳宫,101126218681,火星园精装4居室位置好一个本。,2380万,113713元/平,低楼层 (共27层) 4室2厅 | 209.3平米 | 南 北,https://ke-image.ljcdn.com/110000-inspection/pc1_qbSpOO3GD.jpg!m_fill,w_280,h_210,f_jpg?from=ke.com
20241018,朝阳,太阳宫,101126203538,万方景轩东北向一居室中间楼层视野无遮挡满五唯一,480万,108109元/平,中楼层 (共20层) | 2005年 | 1室0厅 | 44.4平米 | 东北 北,https://ke-image.ljcdn.com/110000-inspection/pc1_aJBqRdnCw_1.jpg!m_fill,w_280,h_210,f_jpg?from=ke.com
20241018,朝阳,太阳宫,101126081154,新纪家园 满五年东南向两居室 看房方便,750万,86736元/平,高楼层 (共28层) | 2003年 | 2室1厅 | 86.47平米 | 东南,https://ke-image.ljcdn.com/110000-inspection/pc1_oGmBzJADH_1.jpg!m_fill,w_280,h_210,f_jpg?from=ke.com
20241018,朝阳,太阳宫,101126077287,双阳台 西南三居室 面宽宽 视野采光通风好 无遮挡,1465万,74650元/平,高楼层 (共20层) | 2003年 | 3室1厅 | 196.25平米 | 西南,https://ke-image.ljcdn.com/110000-inspection/pc1_Ps2dFzcWl.jpg!m_fill,w_280,h_210,f_jpg?from=ke.com
20241018,朝阳,太阳宫,101125992396,太阳宫地铁站旁小三居精装修满二年只有契税。,670万,88672元/平,底层 (共18层) | 2005年 | 3室1厅 | 75.56平米 | 东北,https://ke-image.ljcdn.com/110000-inspection/pc1_Y1fnl6Qp4.jpg!m_fill,w_280,h_210,f_jpg?from=ke.com
20241018,朝阳,太阳宫,101125915849,楼层高有中央空调装修标准高户型设计更合理视野,1250万,146525元/平,中楼层 (共25层) | 2011年 | 2室1厅 | 85.31平米 | 南,https://ke-image.ljcdn.com/110000-inspection/pc1_VRZzstG89.jpg!m_fill,w_280,h_210,f_jpg?from=ke.com
20241018,朝阳,太阳宫,101125863318,夏家园三居业主诚意出售看房方便价格可谈,980万,76653元/平,低楼层 (共28层) | 2003年 | 3室2厅 | 127.85平米 | 东北,https://ke-image.ljcdn.com/110000-inspection/pc1_qw2sivh3x.jpg!m_fill,w_280,h_210,f_jpg?from=ke.com
20241018,朝阳,太阳宫,101125826925,全阳面大一居可设计二室出门地铁10号线17号线,480万,67625元/平,中楼层 (共21层) | 2000年 | 1室1厅 | 70.98平米 | 南,https://ke-image.ljcdn.com/110000-inspection/pc1_QH5KbOjkT.jpg!m_fill,w_280,h_210,f_jpg?from=ke.com
20241018,朝阳,太阳宫,101125808331,火星园南向两居仅契税视野开阔明厨明卫,1280万,130706元/平,顶层 (共26层) 2室1厅 | 97.93平米 | 南,https://ke-image.ljcdn.com/110000-inspection/pc1_gHT7La6bz.jpg!m_fill,w_280,h_210,f_jpg?from=ke.com
20241018,朝阳,太阳宫,101125745335,半岛国际 满五唯一 采光充足 看房方便 交通便利,760万,108525元/平,低楼层 (共18层) | 2005年 | 2室1厅 | 70.03平米 | 北 西,https://ke-image.ljcdn.com/110000-inspection/pc1_TrB9DaerZ.jpg!m_fill,w_280,h_210,f_jpg?from=ke.com
20241018,朝阳,太阳宫,101125705335,太阳公元 位置真安静 西南北三面采光 总价超低,1800万,142710元/平,低楼层 (共10层) | 2010年 | 3室1厅 | 126.13平米 | 南 西 北,https://ke-image.ljcdn.com/110000-inspection/pc1_TGp9ip3D8.jpg!m_fill,w_280,h_210,f_jpg?from=ke.com
20241018,朝阳,太阳宫,101125661410,红玺台东南北三面采光眼睛户型回型设计,4300万,177371元/平,高楼层 (共25层) | 2011年 | 4室2厅 | 242.43平米 | 南 北,https://ke-image.ljcdn.com/110000-inspection/2ab49144-b306-4ef8-b813-ea01ae4d7715_1000.jpg!m_fill,w_280,h_210,f_jpg?from=ke.com
20241018,朝阳,太阳宫,101125652721,太阳公元一组团 2014年交房的楼栋 一手精装修,2849万,144708元/平,低楼层 (共25层) | 2012年 | 4室2厅 | 196.88平米 | 南 北,https://ke-image.ljcdn.com/110000-inspection/pc1_J9VPCJ5ib.jpg!m_fill,w_280,h_210,f_jpg?from=ke.com
20241018,朝阳,太阳宫,101125556817,太阳公元南区 1室0厅 南,950万,159504元/平,中楼层 (共22层) | 2011年 | 1室0厅 | 59.56平米 | 南,https://ke-image.ljcdn.com/110000-inspection/pc1_9RfQM4AZG.jpg!m_fill,w_280,h_210,f_jpg?from=ke.com
20241018,朝阳,太阳宫,101125507897,不是回迁房单独管理东向安静朝小区无遮挡满五年房主自荐,619万,98037元/平,中楼层 (共24层) | 2004年 | 2室1厅 | 63.14平米 | 东,https://ke-image.ljcdn.com/110000-inspection/80ca685f-1137-4a3e-ae5d-e40fc926c2b8_1000.jpg!m_fill,w_280,h_210,f_jpg?from=ke.com
20241018,朝阳,太阳宫,101125439681,本房楼层好没有任何遮挡满五年唯一住宅,595万,87992元/平,中楼层 (共20层) | 2005年 | 1室1厅 | 67.62平米 | 东南,https://ke-image.ljcdn.com/110000-inspection/pc1_jET2WYjoz_1.jpg!m_fill,w_280,h_210,f_jpg?from=ke.com
20241018,朝阳,太阳宫,101125411685,安馨家园 南向两居 中间层 安静不临街,850万,98346元/平,中楼层 (共25层) | 2021年 | 2室1厅 | 86.43平米 | 南,https://ke-image.ljcdn.com/110000-inspection/pc1_oUKCI4z0B_1.jpg!m_fill,w_280,h_210,f_jpg?from=ke.com
20241018,朝阳,太阳宫,101125401462,楼层高视野好无任何遮挡满五年唯一带储藏间,630万,88409元/平,高楼层 (共20层) 1室2厅 | 71.26平米 | 西南 西 西北,https://ke-image.ljcdn.com/110000-inspection/pc1_TAC3l4Fzb.jpg!m_fill,w_280,h_210,f_jpg?from=ke.com
20241018,朝阳,太阳宫,101125386038,半岛国际新上南向两居.诚意出售,920万,89174元/平,中楼层 (共18层) | 2005年 | 2室2厅 | 103.17平米 | 西南,https://ke-image.ljcdn.com/110000-inspection/537ae57e-0dc7-4cec-8343-5c649ae0d7b6_1000.jpg!m_fill,w_280,h_210,f_jpg?from=ke.com
20241018,朝阳,太阳宫,101125358254,地铁10、17号线门口商场旁边公园精装拎包入住,548万,87906元/平,中楼层 (共20层) 1室1厅 | 62.34平米 | 东南,https://ke-image.ljcdn.com/110000-inspection/pc1_Q3YQTbOCM.jpg!m_fill,w_280,h_210,f_jpg?from=ke.com
20241018,朝阳,太阳宫,101125343808,优选 太阳公元 元宝户型 格局方正 安静不临街,2750万,157045元/平,低楼层 (共22层) | 2011年 | 3室2厅 | 175.11平米 | 南 北,https://ke-image.ljcdn.com/110000-inspection/pc1_ekX7zQIis_1.jpg!m_fill,w_280,h_210,f_jpg?from=ke.com
20241018,朝阳,太阳宫,101125148799,水星园 满五唯一 户型方正 看房方便 诚意出售,740万,95967元/平,低楼层 (共23层) 1室1厅 | 77.11平米 | 南,https://ke-image.ljcdn.com/110000-inspection/pc1_8DxsTYVQ6.jpg!m_fill,w_280,h_210,f_jpg?from=ke.com
20241018,朝阳,太阳宫,101125034709,半岛国际公寓 1室1厅 东南,595万,109901元/平,低楼层 (共18层) | 2005年 | 1室1厅 | 54.14平米 | 东南,https://ke-image.ljcdn.com/110000-inspection/81a0a324-1496-4132-8704-8d248b6c69cf_1000.jpg!m_fill,w_280,h_210,f_jpg?from=ke.com
20241018,朝阳,太阳宫,101125032758,太阳国际公馆新出小二居 满五唯一业主诚意卖随时见面,730万,78184元/平,低楼层 (共10层) | 2003年 | 2室1厅 | 93.37平米 | 东,https://ke-image.ljcdn.com/110000-inspection/b1d85e89-9548-40e2-a9c7-6e4b48b17cd1_1000.jpg!m_fill,w_280,h_210,f_jpg?from=ke.com
20241018,朝阳,太阳宫,101125007088,太阳公元北区 两居室 中高楼层采光好视野好,1280万,142555元/平,中楼层 (共27层) | 2011年 | 2室1厅 | 89.79平米 | 南,https://ke-image.ljcdn.com/110000-inspection/pc1_5tRc6seT5.jpg!m_fill,w_280,h_210,f_jpg?from=ke.com
20241018,朝阳,太阳宫,101124914376,万方景轩 1室2厅 西南,650万,89941元/平,低楼层 (共18层) | 2005年 | 1室2厅 | 72.27平米 | 西南,https://ke-image.ljcdn.com/110000-inspection/pc1_ZJcHHmt2J.jpg!m_fill,w_280,h_210,f_jpg?from=ke.com
20241018,朝阳,太阳宫,101124883413,户型方正南北通透满五唯一产权干净诚心出售,1980万,141288元/平,低楼层 (共25层) | 2011年 | 3室1厅 | 140.14平米 | 南 北,https://ke-image.ljcdn.com/110000-inspection/0c698c84-f72e-479a-87e4-b264dc4d75bd_1000.jpg!m_fill,w_280,h_210,f_jpg?from=ke.com
20241018,朝阳,太阳宫,101124867579,太阳公元2期 户型格局方正 通透性强 无任浪费面积,1800万,147614元/平,顶层 (共22层) | 2011年 | 3室1厅 | 121.94平米 | 南 北,https://ke-image.ljcdn.com/110000-inspection/9b3ecc4f-157d-415d-b4f3-d922cd19ce14_1000.jpg!m_fill,w_280,h_210,f_jpg?from=ke.com
20241018,朝阳,太阳宫,101124781790,太阳公元北区南向两居室诚心出售  采光充足,1210万,135529元/平,低楼层 (共27层) | 2010年 | 2室1厅 | 89.28平米 | 南,https://ke-image.ljcdn.com/110000-inspection/446fdbec-34c8-43a1-acef-87b183f4d148_1000.jpg!m_fill,w_280,h_210,f_jpg?from=ke.com
20241018,朝阳,太阳宫,101124714817,新纪家园 南北通透两居室 客厅主卧朝南 装修保持好,790万,92756元/平,中楼层 (共7层) 2室1厅 | 85.17平米 | 南 北,https://ke-image.ljcdn.com/110000-inspection/b2e1dd79-a7b8-46f6-9fc3-70594f2f947d_1000.jpg!m_fill,w_280,h_210,f_jpg?from=ke.com
20241018,朝阳,太阳宫,101124631378,火星园3号安静不临街精装修全明格局,1050万,111584元/平,底层 (共25层) 2室2厅 | 94.1平米 | 西北,https://ke-image.ljcdn.com/110000-inspection/2bfdbc87-35a3-4bc4-8595-2b0fc2211276_1000.jpg!m_fill,w_280,h_210,f_jpg?from=ke.com
20241018,朝阳,太阳宫,101124605200,太阳公元前排东户高层4居 百米无遮挡 有钥匙,3120万,141903元/平,中楼层 (共22层) | 2011年 | 4室2厅 | 219.87平米 | 南 北,https://ke-image.ljcdn.com/110000-inspection/25175dec-5427-461b-8490-544700f12b3f_1000.jpg!m_fill,w_280,h_210,f_jpg?from=ke.com
20241018,朝阳,太阳宫,101124550016,半岛国际公寓优质三居不看后悔,1400万,108494元/平,高楼层 (共18层) | 2005年 | 3室2厅 | 129.04平米 | 东南 西南,https://ke-image.ljcdn.com/110000-inspection/pc1_69HNA7nzy_1.jpg!m_fill,w_280,h_210,f_jpg?from=ke.com
20241018,朝阳,太阳宫,101124497220,新纪家园 满五唯一  位置安静 朝南对花园,720万,84936元/平,中楼层 (共21层) | 2000年 | 2室1厅 | 84.77平米 | 南,https://ke-image.ljcdn.com/110000-inspection/1fdc1338-f8db-4c68-b890-9f7d5ad8ff46_1000.jpg!m_fill,w_280,h_210,f_jpg?from=ke.com
20241018,朝阳,太阳宫,101124432077,半岛国际公寓精装修小户型只有契税,505万,107493元/平,低楼层 (共16层) | 2005年 | 1室0厅 | 46.98平米 | 东北,https://ke-image.ljcdn.com/110000-inspection/pc1_njc8CIuig_1.jpg!m_fill,w_280,h_210,f_jpg?from=ke.com
20241018,朝阳,太阳宫,101124359774,水星园 东南向两居室 诚意出售 看房需要预约,780万,113769元/平,低楼层 (共23层) 2室1厅 | 68.56平米 | 东南,https://ke-image.ljcdn.com/110000-inspection/8f88194e-9082-44bc-a6b7-2884a0acaaad_1000.jpg!m_fill,w_280,h_210,f_jpg?from=ke.com
20241018,朝阳,太阳宫,101124321913,（分享美好）优选 南北通透2+1用心精装 居住舒适,1290万,126857元/平,中楼层 (共21层) | 2011年 | 2室1厅 | 101.69平米 | 南 北,https://ke-image.ljcdn.com/110000-inspection/f750cb38-3127-4d7a-848d-185ac32e7cb2_1000.jpg!m_fill,w_280,h_210,f_jpg?from=ke.com
20241018,朝阳,太阳宫,101124277765,新纪家园 独立管理楼栋 高层三居室 精装修 视野好,1190万,107440元/平,高楼层 (共24层) 3室2厅 | 110.76平米 | 东南 北,https://ke-image.ljcdn.com/110000-inspection/e031288d-70b5-45a0-acb2-c88368d523f0_1000.jpg!m_fill,w_280,h_210,f_jpg?from=ke.com
20241018,朝阳,太阳宫,101124237422,安馨家园 3室2厅 南 西 北,1280万,111479元/平,低楼层 (共25层) | 2021年 | 3室2厅 | 114.82平米 | 南 西 北,https://ke-image.ljcdn.com/110000-inspection/pc1_kF43NuhVa_1.jpg!m_fill,w_280,h_210,f_jpg?from=ke.com
20241018,朝阳,太阳宫,101124132265,红玺台 4室1厅 南 北,4200万,152772元/平,高楼层 (共24层) | 2011年 | 4室1厅 | 274.92平米 | 南 北,https://ke-image.ljcdn.com/110000-inspection/5c62f394-86ef-42ef-8f15-67cf47b3eead_1000.jpg!m_fill,w_280,h_210,f_jpg?from=ke.com
20241018,朝阳,太阳宫,101124029950,双卧客厅朝南餐客厅独立南北通透,1570万,126613元/平,底层 (共25层) | 2011年 | 2室2厅 | 124平米 | 南 北,https://ke-image.ljcdn.com/110000-inspection/cf6c37c9-32aa-48e6-a21d-710b478940b5_1000.jpg!m_fill,w_280,h_210,f_jpg?from=ke.com
20241018,朝阳,太阳宫,101123812782,太阳宫 丰和园新上两居室 中高层 视野无遮挡 诚意出售,1220万,130705元/平,中楼层 (共26层) 2室1厅 | 93.34平米 | 南,https://ke-image.ljcdn.com/110000-inspection/pc1_7ICfbNFPC.jpg!m_fill,w_280,h_210,f_jpg?from=ke.com
20241018,朝阳,太阳宫,101123792273,水星园 西南正规一居室 看房可约 诚意出售,860万,111529元/平,中楼层 (共23层) 1室1厅 | 77.11平米 | 南,https://ke-image.ljcdn.com/110000-inspection/36cf7335-40d4-4220-a980-7c0872dea519_1000.jpg!m_fill,w_280,h_210,f_jpg?from=ke.com
20241018,朝阳,太阳宫,101123767068,半岛国际公寓高原 值两居可给周期东南向户型方正,1050万,92446元/平,中楼层 (共18层) | 2005年 | 2室1厅 | 113.58平米 | 东南,https://ke-image.ljcdn.com/110000-inspection/pc1_D3RdD7KWM_1.jpg!m_fill,w_280,h_210,f_jpg?from=ke.com
20241018,朝阳,太阳宫,101123673794,万方景轩 近地铁 安静不临街 楼层好 业主诚意出售,468万,109705元/平,中楼层 (共18层) | 2005年 | 1室1厅 | 42.66平米 | 东北,https://ke-image.ljcdn.com/110000-inspection/59be696b-9c2d-4dce-8a4a-dc99295b6d9f_1000.jpg!m_fill,w_280,h_210,f_jpg?from=ke.com
20241018,朝阳,太阳宫,101123663376,新纪家园 满两年全新装修两居室 看房方便,680万,79403元/平,顶层 (共21层) | 2000年 | 2室1厅 | 85.64平米 | 西南,https://ke-image.ljcdn.com/110000-inspection/pc1_chjR6DMIQ_1.jpg!m_fill,w_280,h_210,f_jpg?from=ke.com
20241018,朝阳,太阳宫,101123644479,太阳宫凯德MALL对面 2005年商品房小区 西南向大两居,1050万,101774元/平,高楼层 (共18层) | 2005年 | 2室2厅 | 103.17平米 | 西南,https://ke-image.ljcdn.com/110000-inspection/06e14366-85a1-4807-8faf-2510fde963fc_1000.jpg!m_fill,w_280,h_210,f_jpg?from=ke.com
20241018,朝阳,太阳宫,101123624996,新保持好交房晚出房少诚意出售,2950万,148923元/平,中楼层 (共25层) | 2012年 | 4室2厅 | 198.09平米 | 南 北,https://ke-image.ljcdn.com/110000-inspection/29054dde-7d40-4b1b-97ae-0e08bfaadd41_1000.jpg!m_fill,w_280,h_210,f_jpg?from=ke.com
20241018,朝阳,太阳宫,101123587627,和泰园 新出东向两居 看房随时 业主诚意出售,830万,89788元/平,中楼层 (共18层) 2室1厅 | 92.44平米 | 东,https://ke-image.ljcdn.com/110000-inspection/3467dfa3-d034-407e-8db8-439c27fe3246_1000.jpg!m_fill,w_280,h_210,f_jpg?from=ke.com
20241018,朝阳,太阳宫,101123583981,万方景轩 满五年唯一 高层 正规一居室 精装修,598万,95650元/平,高楼层 (共18层) | 2005年 | 1室1厅 | 62.52平米 | 东北,https://ke-image.ljcdn.com/110000-inspection/f56125d1-7eea-40b6-bb89-e8337ccf2651_1000.jpg!m_fill,w_280,h_210,f_jpg?from=ke.com
20241018,朝阳,太阳宫,101123534422,红玺台 4室2厅 南 西 北,2800万,148345元/平,顶层 (共25层) | 2011年 | 4室2厅 | 188.75平米 | 南 西 北,https://ke-image.ljcdn.com/110000-inspection/1baecac8-8d74-4cca-b15d-ab316c4eb7f2_1000.jpg!m_fill,w_280,h_210,f_jpg?from=ke.com
20241018,朝阳,太阳宫,101123440274,万方景轩 东南向两居室 高层采光无遮挡,1230万,114793元/平,高楼层 (共20层) 2室2厅 | 107.15平米 | 东南,https://ke-image.ljcdn.com/110000-inspection/df7fb0c3-c0b4-4161-8845-1ee75275b7c1_1000.jpg!m_fill,w_280,h_210,f_jpg?from=ke.com
20241018,朝阳,太阳宫,101123407990,（分享美好）优选 超大落地窗 观景西山 视野超开阔,3999万,145461元/平,中楼层 (共24层) | 2011年 | 4室1厅 | 274.92平米 | 南 西 北,https://ke-image.ljcdn.com/110000-inspection/05779ebf-63ff-43c9-bd1a-f0cd2c02a5ea_1000.jpg!m_fill,w_280,h_210,f_jpg?from=ke.com
20241018,朝阳,太阳宫,101123402157,满5年南北通透2+1户型高层房主自荐,1392万,137008元/平,高楼层 (共21层) | 2011年 | 2室1厅 | 101.6平米 | 南 北,https://ke-image.ljcdn.com/110000-inspection/93b3bf04-3dc3-4c75-90eb-e2623fee25b5_1000.jpg!m_fill,w_280,h_210,f_jpg?from=ke.com
20241018,朝阳,太阳宫,101123297044,太阳公元南区 3室2厅 东 南 北,1750万,134574元/平,低楼层 (共22层) | 2011年 | 3室2厅 | 130.04平米 | 东 南 北,https://ke-image.ljcdn.com/110000-inspection/pc1_g4Yh9Czfq_1.jpg!m_fill,w_280,h_210,f_jpg?from=ke.com
20241018,朝阳,太阳宫,101123249651,新上一居室南向无遮挡可给周期,900万,115090元/平,底层 (共18层) 1室1厅 | 78.2平米 | 南,https://ke-image.ljcdn.com/110000-inspection/0408e926-f716-4f46-ba1e-055b34152bc3_1000.jpg!m_fill,w_280,h_210,f_jpg?from=ke.com
20241018,朝阳,太阳宫,101123235348,满五年唯一全明格局高层观景好业主诚意。,1650万,129321元/平,顶层 (共25层) | 2011年 | 3室1厅 | 127.59平米 | 南 北,https://ke-image.ljcdn.com/110000-inspection/a66f474d-e35e-4209-996a-32af54065bf3_1000.jpg!m_fill,w_280,h_210,f_jpg?from=ke.com
20241018,朝阳,太阳宫,101123211578,太阳公元南区 正南正北 高楼层 采光视野好  满五年,1730万,141874元/平,高楼层 (共22层) | 2011年 | 3室1厅 | 121.94平米 | 南 北,https://ke-image.ljcdn.com/110000-inspection/7eb80d36-4cd0-4cc9-bf7e-7efba64dfe9e_1000.jpg!m_fill,w_280,h_210,f_jpg?from=ke.com
20241018,朝阳,太阳宫,101123120630,太阳公元高层南向一居视野观景好业主诚意出售,900万,132901元/平,顶层 (共27层) | 2010年 | 1室1厅 | 67.72平米 | 南,https://ke-image.ljcdn.com/110000-inspection/pc1_aNC47jkAo.jpg!m_fill,w_280,h_210,f_jpg?from=ke.com
20241018,朝阳,太阳宫,101123109664,万方景轩 高层开间 满五年唯一,460万,104999元/平,高楼层 (共20层) 1室0厅 | 43.81平米 | 东北,https://ke-image.ljcdn.com/110000-inspection/7fb43497-a089-4169-8cc6-89e0f7906a22_1000.jpg!m_fill,w_280,h_210,f_jpg?from=ke.com
20241018,朝阳,太阳宫,101122980277,太阳国际公馆 满五唯一 大三居室 诚意出售,1550万,78981元/平,低楼层 (共20层) | 2003年 | 3室1厅 | 196.25平米 | 南,https://ke-image.ljcdn.com/110000-inspection/27efb8aa-683a-46ed-a691-5f7d762b2445_1000.jpg!m_fill,w_280,h_210,f_jpg?from=ke.com
20241018,朝阳,太阳宫,101122887702,新纪家园小户型地铁太阳宫10/17号线凯德MALL,475万,96057元/平,中楼层 (共21层) | 2000年 | 1室1厅 | 49.45平米 | 北,https://ke-image.ljcdn.com/110000-inspection/6898cc45-69af-40da-9192-e057e13eefcf_1000.jpg!m_fill,w_280,h_210,f_jpg?from=ke.com
20241018,朝阳,太阳宫,101122719394,精装修交付南北2+1户型  层高高 明厨明卫 有车位,1290万,118807元/平,顶层 (共26层) 2室2厅 | 108.58平米 | 南 北,https://ke-image.ljcdn.com/110000-inspection/d574fdf2-3872-4104-b395-be1aa12b051d_1000.jpg!m_fill,w_280,h_210,f_jpg?from=ke.com
20241018,朝阳,太阳宫,101122629837,新纪家园  满五年三居室 看房方便,1080万,84640元/平,中楼层 (共26层) 3室1厅 | 127.6平米 | 西北,https://ke-image.ljcdn.com/110000-inspection/pc1_qeYmmQq9j_1.jpg!m_fill,w_280,h_210,f_jpg?from=ke.com
20241018,朝阳,太阳宫,101122567923,太阳公元北区受欢迎的三居前后观景好。,1919万,139432元/平,中楼层 (共25层) | 2011年 | 3室1厅 | 137.63平米 | 南 北,https://ke-image.ljcdn.com/110000-inspection/pc1_ytIQlmEBD_1.jpg!m_fill,w_280,h_210,f_jpg?from=ke.com
20241018,朝阳,太阳宫,101122470654,地铁10号线17号线13号线12号线精装小户型带租约,460万,93024元/平,低楼层 (共21层) | 2000年 | 1室1厅 | 49.45平米 | 北,https://ke-image.ljcdn.com/110000-inspection/2d15a25e-c3de-4478-8c47-cd0d8a6e0435_1000.jpg!m_fill,w_280,h_210,f_jpg?from=ke.com
20241018,朝阳,太阳宫,101122421115,万方景轩 1室2厅 西南,726万,100263元/平,顶层 (共18层) | 2005年 | 1室2厅 | 72.41平米 | 西南,https://ke-image.ljcdn.com/110000-inspection/11683742-571d-4f13-917d-f1cb875282ee_1000.jpg!m_fill,w_280,h_210,f_jpg?from=ke.com
20241018,朝阳,太阳宫,101122415208,太阳公元南向 大1居 总高10层,899万,131184元/平,中楼层 (共10层) | 2010年 | 1室1厅 | 68.53平米 | 南,https://ke-image.ljcdn.com/110000-inspection/pc1_4bYvJivDD.jpg!m_fill,w_280,h_210,f_jpg?from=ke.com
20241018,朝阳,太阳宫,101122037876,太阳公元北区 2室1厅 南 北,1400万,155920元/平,中楼层 (共27层) | 2011年 | 2室1厅 | 89.79平米 | 南 北,https://ke-image.ljcdn.com/110000-inspection/pc1_lRZARlZlh_2.jpg!m_fill,w_280,h_210,f_jpg?from=ke.com
20241018,朝阳,太阳宫,101122014700,红玺台 4室2厅 东 南 北,3500万,154765元/平,高楼层 (共25层) | 2011年 | 4室2厅 | 226.15平米 | 东 南 北,https://ke-image.ljcdn.com/110000-inspection/pc1_RzQrYiFJc_1.jpg!m_fill,w_280,h_210,f_jpg?from=ke.com
20241018,朝阳,太阳宫,101121940826,水星园一居户型方正满五年唯一中间层精装修。,799万,102621元/平,中楼层 (共19层) | 2005年 | 1室1厅 | 77.86平米 | 西北,https://ke-image.ljcdn.com/110000-inspection/f1950622-dee0-44d8-8f97-869642fc96cf_1000.jpg!m_fill,w_280,h_210,f_jpg?from=ke.com
20241018,朝阳,太阳宫,101121391426,太阳公元北区 3室2厅 南 北,2850万,175364元/平,高楼层 (共25层) 3室2厅 | 162.52平米 | 南 北,https://ke-image.ljcdn.com/110000-inspection/pc1_YgdyLOSOG.jpg!m_fill,w_280,h_210,f_jpg?from=ke.com
20241018,朝阳,太阳宫,101121191900,南区中层3居 安静 离地铁近 双明卫设计自住 保持好,1950万,149874元/平,中楼层 (共22层) | 2009年 | 3室1厅 | 130.11平米 | 南 西 北,https://ke-image.ljcdn.com/110000-inspection/pc1_eFklr7FsI.jpg!m_fill,w_280,h_210,f_jpg?from=ke.com
20241018,朝阳,太阳宫,101120960431,楼层好管理好品质社区满五年,780万,94546元/平,高楼层 (共18层) | 1998年 | 3室1厅 | 82.5平米 | 东 南 西 北,https://ke-image.ljcdn.com/110000-inspection/pc1_PxsYAXw0b_2.jpg!m_fill,w_280,h_210,f_jpg?from=ke.com
20241018,朝阳,太阳宫,101120671748,太阳公元  南北西三面采光 中间楼层  厨房没用过,2030万,159104元/平,低楼层 (共25层) | 2011年 | 3室1厅 | 127.59平米 | 西南 北,https://ke-image.ljcdn.com/110000-inspection/ca699a8d-b676-4e28-9f18-4d9b85ab2c1c_1000.jpg!m_fill,w_280,h_210,f_jpg?from=ke.com
20241018,朝阳,太阳宫,101120216840,太阳公元南向一居室 户型方正 采光充足,1008万,166420元/平,中楼层 (共20层) | 2011年 | 1室1厅 | 60.57平米 | 南,https://ke-image.ljcdn.com/110000-inspection/d007cd0e-123e-45d5-babc-773e678ec467_1000.jpg!m_fill,w_280,h_210,f_jpg?from=ke.com
20241018,朝阳,太阳宫,101120021930,太阳宫 安馨家园新上南北通透三居 全明格局  优选,1299万,113134元/平,高楼层 (共25层) | 2021年 | 3室1厅 | 114.82平米 | 南 北,https://ke-image.ljcdn.com/110000-inspection/34a62b1f-2783-4d23-b8a2-957353b889a5_1000.jpg!m_fill,w_280,h_210,f_jpg?from=ke.com
20241018,朝阳,太阳宫,101119621022,太阳公元南北3居 户型方正 南北通透,1830万,130584元/平,顶层 (共25层) 3室1厅 | 140.14平米 | 南 北,https://ke-image.ljcdn.com/110000-inspection/c96c71ff-2f62-498b-98b9-0e668089b2c0_1000.jpg!m_fill,w_280,h_210,f_jpg?from=ke.com
20241018,朝阳,太阳宫,101119620860,太阳公元高层3居 户型方正 南北通透 房间方正,1940万,138433元/平,高楼层 (共25层) 3室1厅 | 140.14平米 | 南 北,https://ke-image.ljcdn.com/110000-inspection/72cba521-3783-4507-9962-60fd0000c1a4_1000.jpg!m_fill,w_280,h_210,f_jpg?from=ke.com
20241018,朝阳,太阳宫,101119315519,太阳公元南区2居 视野开阔  中央空调地暖  调高高,1380万,159630元/平,高楼层 (共22层) | 2009年 | 2室1厅 | 86.45平米 | 南,https://ke-image.ljcdn.com/110000-inspection/pc1_9xBIZ2Xip.jpg!m_fill,w_280,h_210,f_jpg?from=ke.com
20241018,朝阳,太阳宫,101118859930,水星园正规南向大一居看房方便,916万,120400元/平,低楼层 (共23层) 1室1厅 | 76.08平米 | 西南,https://ke-image.ljcdn.com/110000-inspection/pc1_ohot8b5t9.jpg!m_fill,w_280,h_210,f_jpg?from=ke.com
20241018,朝阳,太阳宫,101118827496,2019年新社区楼龄新环境好,820万,95616元/平,底层 (共28层) 2室1厅 | 85.76平米 | 南 北,https://ke-image.ljcdn.com/110000-inspection/5b77cb7c-a717-4401-9ab7-b8ee602c9302_1000.jpg!m_fill,w_280,h_210,f_jpg?from=ke.com
20241018,朝阳,太阳宫,101118654775,高层观景前后花园视野无遮挡二次装修,2700万,166739元/平,中楼层 (共25层) | 2012年 | 3室2厅 | 161.93平米 | 南 北,https://ke-image.ljcdn.com/110000-inspection/ff9e31f1-fcd8-4f77-900f-977f69baf228_1000.jpg!m_fill,w_280,h_210,f_jpg?from=ke.com
20241018,朝阳,太阳宫,101118547213,火星园 全明格局两居室 无遮挡 安静不临街 诚意出售,1380万,138847元/平,低楼层 (共24层) | 2011年 | 2室1厅 | 99.39平米 | 南,https://ke-image.ljcdn.com/110000-inspection/pc1_NpXUPgAmU.jpg!m_fill,w_280,h_210,f_jpg?from=ke.com
20241018,朝阳,太阳宫,101118242433,太阳公元北区全南向两居室中央空调,1200万,140664元/平,中楼层 (共25层) | 2011年 | 2室1厅 | 85.31平米 | 南,https://ke-image.ljcdn.com/110000-inspection/95e52af3-d4bb-4353-b92e-cdba443dbaac_1000.jpg!m_fill,w_280,h_210,f_jpg?from=ke.com
20241018,朝阳,太阳宫,101117765667,水星园 满五年唯一一居室 中间楼层视野开阔,780万,100322元/平,中楼层 (共23层) 1室1厅 | 77.75平米 | 西北,https://ke-image.ljcdn.com/110000-inspection/9ec0aee1-68a0-4f00-93b9-8474320dd048_1000.jpg!m_fill,w_280,h_210,f_jpg?from=ke.com
20241018,朝阳,太阳宫,101117335578,新纪家园 不临街 交通便利  配套齐全,659万,92844元/平,中楼层 (共21层) | 2002年 | 2室1厅 | 70.98平米 | 东南,https://ke-image.ljcdn.com/110000-inspection/e493e645-50b3-4128-a7c3-9bd8cb15b6e7_1000.jpg!m_fill,w_280,h_210,f_jpg?from=ke.com
20241018,朝阳,太阳宫,101117264886,水星园 南北通透三居室 安静不临街 业主诚售,2600万,149349元/平,底层 (共14层) | 2006年 | 3室2厅 | 174.09平米 | 西南 北,https://ke-image.ljcdn.com/110000-inspection/ac7322a4-b731-4cfb-9d05-23343d5824e5_1000.jpg!m_fill,w_280,h_210,f_jpg?from=ke.com
20241018,朝阳,太阳宫,101115894210,（分享美好）-优选 户型方正 全明格局 链家老客户,2180万,178777元/平,低楼层 (共22层) | 2011年 | 3室1厅 | 121.94平米 | 南 北,https://ke-image.ljcdn.com/110000-inspection/3e5a49dd-e47e-4b65-8283-d67d7a4a6879_1000.jpg!m_fill,w_280,h_210,f_jpg?from=ke.com
20241018,朝阳,太阳宫,101115810156,北区精装小三居 只有契税 双卫设计 南北通透  诚意卖,1550万,167604元/平,低楼层 (共27层) | 2011年 | 3室1厅 | 92.48平米 | 南 北,https://ke-image.ljcdn.com/110000-inspection/pc1_S9KkXVsV4.jpg!m_fill,w_280,h_210,f_jpg?from=ke.com
20241018,朝阳,太阳宫,101115058543,太阳公元2号楼 全南2居 不看烟筒 看园林水系,1400万,155920元/平,低楼层 (共27层) | 2011年 | 2室1厅 | 89.79平米 | 南,https://ke-image.ljcdn.com/110000-inspection/pc1_cvp8uuuFb.jpg!m_fill,w_280,h_210,f_jpg?from=ke.com
20241018,朝阳,太阳宫,101114677678,太阳宫地铁10号  5居室不临街  适合家庭人口多的朋友,1500万,73029元/平,高楼层 (共7层) | 2002年 | 5室2厅 | 205.4平米 | 南 北,https://ke-image.ljcdn.com/110000-inspection/97c691b9-5405-4b36-899a-c587f1e10c0f_1000.jpg!m_fill,w_280,h_210,f_jpg?from=ke.com
20241018,朝阳,太阳宫,101127032616,满2年 只有契税 精装修 3号楼位置安静 格局好新上,2345万,111201元/平,低楼层 (共27层) 3室2厅 | 210.88平米 | 南 北,https://ke-image.ljcdn.com/110000-inspection/pc1_88ylA6CWf_1.jpg!m_fill,w_280,h_210,f_jpg?from=ke.com
20241018,朝阳,太阳宫,101126985360,南区一居室 位置好 邻地铁 全南向 采光好新上,899万,150941元/平,高楼层 (共22层) | 2011年 | 1室1厅 | 59.56平米 | 南,https://ke-image.ljcdn.com/110000-inspection/ab400f2a-1f90-4bd6-9dd3-1cdf4c895720_1000.jpg!m_fill,w_280,h_210,f_jpg?from=ke.com
20241018,朝阳,太阳宫,101126935269,新纪家园三居室无遮挡视野好诚意出售,998万,78061元/平,中楼层 (共28层) | 2003年 | 3室2厅 | 127.85平米 | 西北,https://ke-image.ljcdn.com/110000-inspection/pc1_XKb04mFhg_1.jpg!m_fill,w_280,h_210,f_jpg?from=ke.com
20241018,朝阳,太阳宫,101126930830,无遮挡  视野开阔  随时交易   诚意出售,1050万,93901元/平,高楼层 (共18层) | 2005年 | 2室1厅 | 111.82平米 | 南,https://ke-image.ljcdn.com/110000-inspection/pc1_cefxwvU7Z_1.jpg!m_fill,w_280,h_210,f_jpg?from=ke.com
20241018,朝阳,太阳宫,101126927655,半岛国际公寓方正两居室诚意出售,850万,95047元/平,中楼层 (共18层) | 2005年 | 2室1厅 | 89.43平米 | 西南,https://ke-image.ljcdn.com/110000-inspection/6ed90b2a-4897-4ae8-98c9-554f336eedd4_1000.jpg!m_fill,w_280,h_210,f_jpg?from=ke.com
20241018,朝阳,太阳宫,101126922741,太阳宫水星园正规四居 100米距离直达太阳宫公园,2150万,98165元/平,顶层 (共14层) | 2006年 | 4室2厅 | 219.02平米 | 南 北,https://ke-image.ljcdn.com/110000-inspection/2155e36b-c9a6-4cee-bf36-0dc93f402c11_1000.jpg!m_fill,w_280,h_210,f_jpg?from=ke.com
20241018,朝阳,太阳宫,101126918744,太阳公元北区 2室1厅 南,1230万,136987元/平,低楼层 (共27层) | 2011年 | 2室1厅 | 89.79平米 | 南,https://ke-image.ljcdn.com/110000-inspection/pc1_2R11lHQDd.jpg!m_fill,w_280,h_210,f_jpg?from=ke.com
20241018,朝阳,太阳宫,101126911611,精装修户型好价钱低诚意出售！,810万,86752元/平,高楼层 (共10层) | 2003年 | 2室1厅 | 93.37平米 | 东,https://ke-image.ljcdn.com/110000-inspection/be4f00bc-6eba-441f-8afb-b9af1fa4d09e_1000.jpg!m_fill,w_280,h_210,f_jpg?from=ke.com
20241018,朝阳,太阳宫,101126888335,太阳公元北区 4室2厅 北 南,3390万,154028元/平,中楼层 (共22层) 4室2厅 | 220.09平米 | 北 南,https://ke-image.ljcdn.com/110000-inspection/5d5eda6c-1671-43d0-8321-a8a3c6240570_1000.jpg!m_fill,w_280,h_210,f_jpg?from=ke.com
20241018,朝阳,太阳宫,101126824113,红玺台 南北通透 复式 2室2卫 高层 景观落地窗,1370万,190888元/平,中楼层 (共16层) | 2011年 | 2室1厅 | 71.77平米 | 南 北,https://ke-image.ljcdn.com/110000-inspection/pc1_GpOJARHuM.jpg!m_fill,w_280,h_210,f_jpg?from=ke.com
20241018,朝阳,太阳宫,101126810732,全小区16套南北通透看西坝河河景三居诚心卖,1150万,96761元/平,低楼层 (共18层) | 2005年 | 3室2厅 | 118.85平米 | 西南 东北,https://ke-image.ljcdn.com/110000-inspection/a851e428-6b4e-4ff0-87cc-451072409d00_1000.jpg!m_fill,w_280,h_210,f_jpg?from=ke.com
20241018,朝阳,太阳宫,101126791652,2011年次新小区 太阳宫地铁300米,1620万,112626元/平,高楼层 (共26层) 3室1厅 | 143.84平米 | 南 北,https://ke-image.ljcdn.com/110000-inspection/pc1_wPtkh8qbQ.jpg!m_fill,w_280,h_210,f_jpg?from=ke.com
20241018,朝阳,太阳宫,101126789085,太阳公元一组团 眼镜户型 餐客厅分离 价格低有钥匙,2100万,128253元/平,低楼层 (共25层) | 2011年 | 3室2厅 | 163.74平米 | 南 北,https://ke-image.ljcdn.com/110000-inspection/2161c8b7-6835-4f12-b33f-ad5851869817_1000.jpg!m_fill,w_280,h_210,f_jpg?from=ke.com
20241018,朝阳,太阳宫,101126715473,水星园 正南正北观景效果好直观小区整个园林,2400万,121501元/平,中楼层 (共17层) | 2005年 | 3室2厅 | 197.53平米 | 南 北,https://ke-image.ljcdn.com/110000-inspection/pc1_XRtIxeCm9.jpg!m_fill,w_280,h_210,f_jpg?from=ke.com
20241018,朝阳,太阳宫,101126697786,优质主推房源南北通透双卫户型格局好诚意卖,1750万,123032元/平,底层 (共25层) | 2011年 | 2室2厅 | 142.24平米 | 南 北,https://ke-image.ljcdn.com/110000-inspection/e7eff169-428b-4b03-948e-cfa99f6b4354_1000.jpg!m_fill,w_280,h_210,f_jpg?from=ke.com
20241018,朝阳,太阳宫,101126632245,河畔之上 风景秀美  南向精装修大两居 婚房佳选,1430万,128644元/平,低楼层 (共16层) | 2012年 | 2室2厅 | 111.16平米 | 南,https://ke-image.ljcdn.com/110000-inspection/713a7bd7-6f6c-4e28-8f6e-44b9de7fcd12_1000.jpg!m_fill,w_280,h_210,f_jpg?from=ke.com
20241018,朝阳,太阳宫,101126628756,太阳公元北区 2室1厅 南,1200万,140664元/平,中楼层 (共25层) | 2011年 | 2室1厅 | 85.31平米 | 南,https://ke-image.ljcdn.com/110000-inspection/fa3cdb4a-3be4-4483-af30-962e11c7d80b_1000.jpg!m_fill,w_280,h_210,f_jpg?from=ke.com
20241018,朝阳,太阳宫,101126587369,冠城大通澜石 河景房 宽厅 次新房 很少拿出来卖,2180万,125808元/平,低楼层 (共10层) | 2013年 | 3室2厅 | 173.28平米 | 南 北,https://ke-image.ljcdn.com/110000-inspection/62aa51f7-2c09-486f-a885-7356ffa79ead_1000.jpg!m_fill,w_280,h_210,f_jpg?from=ke.com
20241018,朝阳,太阳宫,101126562548,新纪家园东南向两居 无遮挡 视野开阔可眺望美丽远方,820万,94623元/平,中楼层 (共26层) 2室1厅 | 86.66平米 | 东南,https://ke-image.ljcdn.com/110000-inspection/pc1_fjXlbShmT_1.jpg!m_fill,w_280,h_210,f_jpg?from=ke.com
20241018,朝阳,太阳宫,101126562473,新纪家园东北向三居室 格局规整好利用 可望太阳宫公,995万,77826元/平,低楼层 (共28层) | 2003年 | 3室1厅 | 127.85平米 | 东北,https://ke-image.ljcdn.com/110000-inspection/pc1_60ZqRBPML.jpg!m_fill,w_280,h_210,f_jpg?from=ke.com
20241018,朝阳,太阳宫,101126562350,新纪家园板楼西南向两居室89.8%得房率,758万,77633元/平,中楼层 (共7层) 2室1厅 | 97.64平米 | 西南,https://ke-image.ljcdn.com/110000-inspection/83947280-20dd-43c6-8ea2-d1e8d5145d83_1000.jpg!m_fill,w_280,h_210,f_jpg?from=ke.com
20241018,朝阳,太阳宫,101126539505,安馨家园近地铁和商场。出行方便。,840万,97189元/平,中楼层 (共25层) | 2021年 | 2室1厅 | 86.43平米 | 南,https://ke-image.ljcdn.com/110000-inspection/pc1_V781xEFyw_1.jpg!m_fill,w_280,h_210,f_jpg?from=ke.com
20241018,朝阳,太阳宫,101126537424,太阳星城丰和园南北通透三居室大落地窗。,1900万,132165元/平,高楼层 (共26层) 3室1厅 | 143.76平米 | 南 北,https://ke-image.ljcdn.com/110000-inspection/31f70f01-f069-4f90-a47e-eb1dd32fa124_1000.jpg!m_fill,w_280,h_210,f_jpg?from=ke.com
20241018,朝阳,太阳宫,101126522561,（分享美好）优选 坐北朝南 南入户大堂 观景荷花池,1450万,156791元/平,高楼层 (共27层) | 2011年 | 3室1厅 | 92.48平米 | 南 北,https://ke-image.ljcdn.com/110000-inspection/ff954325-0b05-4c8e-89ab-2935b502a956_1000.jpg!m_fill,w_280,h_210,f_jpg?from=ke.com
20241018,朝阳,太阳宫,101126504451,高层视野开阔无遮挡 二次装修 层高2.95 可看房,1150万,128809元/平,顶层 (共27层) | 2010年 | 2室1厅 | 89.28平米 | 南,https://ke-image.ljcdn.com/110000-inspection/pc1_sbg4csWda_1.jpg!m_fill,w_280,h_210,f_jpg?from=ke.com
20241018,朝阳,太阳宫,101126300372,太阳国际公馆正规一居业主诚意出售价格低,600万,97387元/平,低楼层 (共20层) | 2003年 | 1室1厅 | 61.61平米 | 西,https://ke-image.ljcdn.com/110000-inspection/ef01efe6-841b-4529-8c83-5faf78f4a743_1000.jpg!m_fill,w_280,h_210,f_jpg?from=ke.com
20241018,朝阳,太阳宫,101126285651,太阳公元9号楼东户大平层 诚意卖 带双车位,4300万,145778元/平,低楼层 (共24层) | 2011年 | 4室2厅 | 294.97平米 | 南 北,https://ke-image.ljcdn.com/110000-inspection/pc1_864agJgoB_1.jpg!m_fill,w_280,h_210,f_jpg?from=ke.com
20241018,朝阳,太阳宫,101126258634,红玺台loft  诚心出售 看房方便 随时可以签约,1500万,174500元/平,中楼层 (共16层) | 2011年 | 2室1厅 | 85.96平米 | 南,https://ke-image.ljcdn.com/110000-inspection/pc1_9gFcI8VUU.jpg!m_fill,w_280,h_210,f_jpg?from=ke.com
20241018,朝阳,太阳宫,101126189070,万方景轩 正规一居室 有钥匙 随时签约,592万,85119元/平,中楼层 (共18层) | 2005年 | 1室1厅 | 69.55平米 | 东北,https://ke-image.ljcdn.com/110000-inspection/pc1_79apv4Yt7_1.jpg!m_fill,w_280,h_210,f_jpg?from=ke.com
20241018,朝阳,太阳宫,101126174823,社科院:房子装修很好签约过户之后业主正常交房。,520万,90910元/平,低楼层 (共18层) 1室1厅 | 57.2平米 | 东南,https://ke-image.ljcdn.com/110000-inspection/c41a49d6-2872-4251-83e0-c0e5b0b4d1da_1000.jpg!m_fill,w_280,h_210,f_jpg?from=ke.com
20241018,朝阳,太阳宫,101126167284,半岛国际公寓 自住南北两居室高层好视野80%,1066万,98213元/平,高楼层 (共18层) | 2005年 | 2室1厅 | 108.54平米 | 南,https://ke-image.ljcdn.com/110000-inspection/pc1_kLWD6aRcl.jpg!m_fill,w_280,h_210,f_jpg?from=ke.com
20241018,朝阳,太阳宫,101126043053,新纪家园 满五年唯一西南两居室  中间层看房方便,820万,94908元/平,中楼层 (共26层) | 2003年 | 2室1厅 | 86.4平米 | 西南,https://ke-image.ljcdn.com/110000-inspection/pc1_V3SKQ0hvC.jpg!m_fill,w_280,h_210,f_jpg?from=ke.com
20241018,朝阳,太阳宫,101126043026,新纪家园 满五年唯一东向两居室 眼睛户型,700万,78423元/平,底层 (共28层) | 2003年 | 2室1厅 | 89.26平米 | 东,https://ke-image.ljcdn.com/110000-inspection/703610a9-27eb-4b71-931a-5e65f6c02547_1000.jpg!m_fill,w_280,h_210,f_jpg?from=ke.com
20241018,朝阳,太阳宫,101126042994,水星园 满五年唯一东南向两居室 高层视野开阔,720万,105018元/平,高楼层 (共23层) 1室1厅 | 68.56平米 | 南 东南,https://ke-image.ljcdn.com/110000-inspection/0b32fbc2-a125-4cf5-b47d-7ed9a9eb28ab_1000.jpg!m_fill,w_280,h_210,f_jpg?from=ke.com
20241018,朝阳,太阳宫,101126035380,红玺台 三环沿线 太阳宫板块 两居室南北通透,1400万,162640元/平,中楼层 (共16层) | 2011年 | 2室1厅 | 86.08平米 | 南 北,https://ke-image.ljcdn.com/110000-inspection/pc1_OuXMAsqzj.jpg!m_fill,w_280,h_210,f_jpg?from=ke.com
20241018,朝阳,太阳宫,101125952289,新纪家园 满五唯一正规两居室 眼镜户型 看房可约,795万,90403元/平,中楼层 (共26层) 2室2厅 | 87.94平米 | 西,https://ke-image.ljcdn.com/110000-inspection/pc1_g5nbm6uwR_2.jpg!m_fill,w_280,h_210,f_jpg?from=ke.com
20241018,朝阳,太阳宫,101125917727,半岛国际 精装两居 满五唯一 视野开阔 看房方便,745万,106383元/平,中楼层 (共18层) | 2005年 | 2室1厅 | 70.03平米 | 西 北,https://ke-image.ljcdn.com/110000-inspection/b6340ea8-fdc6-41ac-98db-81bd5acd0447_1000.jpg!m_fill,w_280,h_210,f_jpg?from=ke.com
20241018,朝阳,太阳宫,101125826359,水星园满五唯一 中间层 视野开阔 交通便利,780万,100180元/平,高楼层 (共19层) | 2005年 | 1室1厅 | 77.86平米 | 西北,https://ke-image.ljcdn.com/110000-inspection/2dd30d54-f90f-47f5-8655-1685b0dd59ce_1000.jpg!m_fill,w_280,h_210,f_jpg?from=ke.com
20241018,朝阳,太阳宫,101125811439,万方景轩新上D总价一居视野开阔采光好临地铁,458万,107361元/平,低楼层 (共18层) | 2005年 | 1室0厅 | 42.66平米 | 东北,https://ke-image.ljcdn.com/110000-inspection/a6394ebd-b65a-45bc-9aaf-0cd0d7e023b6_1000.jpg!m_fill,w_280,h_210,f_jpg?from=ke.com
20241018,朝阳,太阳宫,101125791310,2005年商品房 纯住宅小区 位置好 南北通透三居,1250万,94361元/平,顶层 (共18层) | 2005年 | 3室2厅 | 132.47平米 | 北 南,https://ke-image.ljcdn.com/110000-inspection/1a4a0ec5-b218-4f9a-9e08-12d8f661b43f_1000.jpg!m_fill,w_280,h_210,f_jpg?from=ke.com
20241018,朝阳,太阳宫,101125727553,社科院 1室1厅 南,460万,103838元/平,中楼层 (共18层) | 2003年 | 1室1厅 | 44.3平米 | 南,https://ke-image.ljcdn.com/110000-inspection/pc1_GPnQN54xu_1.jpg!m_fill,w_280,h_210,f_jpg?from=ke.com
20241018,朝阳,太阳宫,101125726729,新纪家园 满五年唯一全南向两居室 看房方便,660万,77067元/平,低楼层 (共21层) | 2002年 | 2室1厅 | 85.64平米 | 南,https://ke-image.ljcdn.com/110000-inspection/pc1_U8DjQ5fQv.jpg!m_fill,w_280,h_210,f_jpg?from=ke.com
20241018,朝阳,太阳宫,101125687402,新纪家园 满五年唯一 眼睛户型两居室 东向看公园,780万,87317元/平,中楼层 (共26层) | 2006年 | 2室1厅 | 89.33平米 | 东,https://ke-image.ljcdn.com/110000-inspection/pc1_DKamGq5jO_1.jpg!m_fill,w_280,h_210,f_jpg?from=ke.com
20241018,朝阳,太阳宫,101125646890,新纪家园 正规复式五居室 看房可约,1150万,66563元/平,高楼层 (共7层) | 2002年 | 5室1厅 | 172.77平米 | 南 北,https://ke-image.ljcdn.com/110000-inspection/pc1_LNUIFvsCP.jpg!m_fill,w_280,h_210,f_jpg?from=ke.com
20241018,朝阳,太阳宫,101125613354,太阳宫  地铁口 新纪家园 精装两居室 诚意出售,699万,81621元/平,低楼层 (共21层) | 2000年 | 2室1厅 | 85.64平米 | 南,https://ke-image.ljcdn.com/110000-inspection/56e94d7d-12f8-4479-8ed3-c1911a69fff0_1000.jpg!m_fill,w_280,h_210,f_jpg?from=ke.com
20241018,朝阳,太阳宫,101125608051,冠城大通澜石优质的两居室！只此一套！,1200万,123865元/平,中楼层 (共26层) | 2012年 | 2室1厅 | 96.88平米 | 南,https://ke-image.ljcdn.com/110000-inspection/pc1_wI6R5E61P_1.jpg!m_fill,w_280,h_210,f_jpg?from=ke.com
20241018,朝阳,太阳宫,101125584204,太阳宫 地铁口 半岛国际 精装一居室,600万,109490元/平,顶层 (共18层) | 2005年 | 1室0厅 | 54.8平米 | 东南,https://ke-image.ljcdn.com/110000-inspection/pc1_mCXJPFJ6C.jpg!m_fill,w_280,h_210,f_jpg?from=ke.com
20241018,朝阳,太阳宫,101125582053,太阳宫 地铁口 万方景轩 精装两居室,1070万,100263元/平,中楼层 (共20层) 2室2厅 | 106.72平米 | 西南,https://ke-image.ljcdn.com/110000-inspection/pc1_ZltNjwYxh_2.jpg!m_fill,w_280,h_210,f_jpg?from=ke.com
20241018,朝阳,太阳宫,101125581274,太阳宫 地铁口 新纪家园 精装两居室,680万,78905元/平,底层 (共21层) | 2002年 | 2室1厅 | 86.18平米 | 东 北,https://ke-image.ljcdn.com/110000-inspection/pc1_wmbFkSt5n.jpg!m_fill,w_280,h_210,f_jpg?from=ke.com
20241018,朝阳,太阳宫,101125522253,太阳宫水星园 前后观景三居 业主靠谱出售,1690万,103580元/平,中楼层 (共23层) 3室2厅 | 163.16平米 | 西南 东北,https://ke-image.ljcdn.com/110000-inspection/pc1_WOrwVtMuD.jpg!m_fill,w_280,h_210,f_jpg?from=ke.com
20241018,朝阳,太阳宫,101125502864,太阳宫 新上新纪家园南向两居 中楼层 全明格局,890万,87556元/平,中楼层 (共21层) | 2000年 | 2室1厅 | 101.65平米 | 南,https://ke-image.ljcdn.com/110000-inspection/fac8c68a-c150-4f08-ade1-44a63136de55_1000.jpg!m_fill,w_280,h_210,f_jpg?from=ke.com
20241018,朝阳,太阳宫,101125481376,一层大平层3加1户型只有一套无法复值,4200万,159830元/平,底层 (共24层) | 2011年 | 3室2厅 | 262.78平米 | 南 东 北,https://ke-image.ljcdn.com/110000-inspection/be29702c-c244-4512-a3c8-7dac16152ea0_1000.jpg!m_fill,w_280,h_210,f_jpg?from=ke.com
20241018,朝阳,太阳宫,101125433198,安馨家园 太阳宫站10-17号线 2019年次新房,750万,86776元/平,中楼层 (共25层) | 2021年 | 2室1厅 | 86.43平米 | 南,https://ke-image.ljcdn.com/110000-inspection/25e6fe0e-3b29-44c6-82f4-efdec78d4b2e_1000.jpg!m_fill,w_280,h_210,f_jpg?from=ke.com
20241018,朝阳,太阳宫,101125407686,万方景轩 精致一居 交通便利 配套齐全,540万,100260元/平,低楼层 (共20层) | 2005年 | 1室1厅 | 53.86平米 | 西北,https://ke-image.ljcdn.com/110000-inspection/pc1_OGoDVTcMW.jpg!m_fill,w_280,h_210,f_jpg?from=ke.com
20241018,朝阳,太阳宫,101125405197,半岛国际公寓普宅三居太阳宫地铁10/17号线,1150万,89120元/平,低楼层 (共18层) | 2005年 | 3室1厅 | 129.04平米 | 西南 西北,https://ke-image.ljcdn.com/110000-inspection/98d1394c-107c-4fad-b251-3e4b52871ab1_1000.jpg!m_fill,w_280,h_210,f_jpg?from=ke.com
20241018,朝阳,太阳宫,101125387070,新纪家园明亮大三居业主诚意出售,999万,72397元/平,顶层 (共26层) | 2003年 | 3室2厅 | 137.99平米 | 南 西 北,https://ke-image.ljcdn.com/110000-inspection/pc1_HzK1TkkPO.jpg!m_fill,w_280,h_210,f_jpg?from=ke.com
20241018,朝阳,太阳宫,101125351995,火星园 2室1厅 南,1150万,119246元/平,高楼层 (共21层) 2室1厅 | 96.44平米 | 南,https://ke-image.ljcdn.com/110000-inspection/cb499aa9-c615-4a2d-bbe4-a434caed4b82_1000.jpg!m_fill,w_280,h_210,f_jpg?from=ke.com
20241018,朝阳,太阳宫,101125318022,太阳宫 新纪家园优选三居室 中高层无遮挡 诚意出售,948万,85591元/平,中楼层 (共24层) 3室1厅 | 110.76平米 | 西南 北,https://ke-image.ljcdn.com/110000-inspection/pc1_WKTecjPgn_2.jpg!m_fill,w_280,h_210,f_jpg?from=ke.com
20241018,朝阳,太阳宫,101125302235,万方景轩 地铁口 商场近 户型好 业主诚意卖,450万,82328元/平,高楼层 (共20层) 1室0厅 | 54.66平米 | 东北,https://ke-image.ljcdn.com/110000-inspection/pc1_f3dFE8dze_1.jpg!m_fill,w_280,h_210,f_jpg?from=ke.com
20241018,朝阳,太阳宫,101125301384,太阳宫 丰和园百万装修三居室  高楼层 明厨明卫,1730万,120608元/平,高楼层 (共26层) 3室1厅 | 143.44平米 | 南 北,https://ke-image.ljcdn.com/110000-inspection/6d013750-dc33-4fe8-af82-ef3e152f7abe_1000.jpg!m_fill,w_280,h_210,f_jpg?from=ke.com
20241018,朝阳,太阳宫,101125276474,房满五年小区中间 全南向总价 低重新装修,580万,81714元/平,中楼层 (共21层) | 2000年 | 2室1厅 | 70.98平米 | 南,https://ke-image.ljcdn.com/110000-inspection/pc1_tMnUqUzMU_1.jpg!m_fill,w_280,h_210,f_jpg?from=ke.com
20241018,朝阳,太阳宫,101125171258,太阳宫低密大户型社区大三居观景小区花园通透好房主自荐,1419万,70940元/平,低楼层 (共20层) | 2003年 | 3室2厅 | 200.03平米 | 南 北,https://ke-image.ljcdn.com/110000-inspection/bfabd706-8a4f-4093-a44f-759ed213c286_1000.jpg!m_fill,w_280,h_210,f_jpg?from=ke.com
20241018,朝阳,太阳宫,101125160926,半岛国际西南向两居两卫可以看房,950万,85663元/平,低楼层 (共18层) | 2005年 | 2室1厅 | 110.9平米 | 西南,https://ke-image.ljcdn.com/110000-inspection/bb65d279-adf2-4af7-8903-ec5d413d3e74_1000.jpg!m_fill,w_280,h_210,f_jpg?from=ke.com
20241018,朝阳,太阳宫,101125147798,太阳公元北区2号楼 南向两居 南北看公园 满五唯一,1350万,150351元/平,低楼层 (共27层) | 2011年 | 2室1厅 | 89.79平米 | 南,https://ke-image.ljcdn.com/110000-inspection/pc1_LE2XRslVh_1.jpg!m_fill,w_280,h_210,f_jpg?from=ke.com
20241018,朝阳,太阳宫,101125064734,太阳宫  水星园一居室出售  满五唯一,745万,95685元/平,中楼层 (共19层) | 2005年 | 1室1厅 | 77.86平米 | 西北,https://ke-image.ljcdn.com/110000-inspection/pc1_Sx5BmY7Oy_1.jpg!m_fill,w_280,h_210,f_jpg?from=ke.com
20241018,朝阳,太阳宫,101125023205,视野好无遮挡两梯两户 眼镜户型 户型分布合理餐厅大,2190万,137823元/平,中楼层 (共25层) | 2011年 | 3室2厅 | 158.9平米 | 南 北,https://ke-image.ljcdn.com/110000-inspection/pc1_LbBLJWmdE_1.jpg!m_fill,w_280,h_210,f_jpg?from=ke.com
20241018,朝阳,太阳宫,101124939789,满五唯一 精装修设计棒 地暖 拎包入住 景观好房主自荐,688万,91490元/平,中楼层 (共12层) | 2003年 | 2室1厅 | 75.2平米 | 北,https://ke-image.ljcdn.com/110000-inspection/pc1_SaQnSjUDg_1.jpg!m_fill,w_280,h_210,f_jpg?from=ke.com
20241018,朝阳,太阳宫,101124929146,水星园 人车分流 交通便利 配套齐全,820万,107782元/平,低楼层 (共23层) | 2005年 | 1室1厅 | 76.08平米 | 西南,https://ke-image.ljcdn.com/110000-inspection/b04f8f9b-f75c-4320-8a84-fe5f7c499968_1000.jpg!m_fill,w_280,h_210,f_jpg?from=ke.com
20241018,朝阳,太阳宫,101124785004,满五年户型方正没有遮挡西南向位置安静,980万,88368元/平,中楼层 (共18层) | 2005年 | 2室1厅 | 110.9平米 | 西南,https://ke-image.ljcdn.com/110000-inspection/20f60328-3745-4e7d-acd0-923a0a964e30_1000.jpg!m_fill,w_280,h_210,f_jpg?from=ke.com
20241018,朝阳,太阳宫,101124677783,火星园 2室1厅 南 西 北,1100万,116798元/平,高楼层 (共21层) | 2011年 | 2室1厅 | 94.18平米 | 南 西 北,https://ke-image.ljcdn.com/110000-inspection/pc1_mkue7oYWT_1.jpg!m_fill,w_280,h_210,f_jpg?from=ke.com
20241018,朝阳,太阳宫,101124671752,万方景轩 正规一居室 餐客分离 带阳台,645万,88381元/平,中楼层 (共18层) | 2005年 | 1室2厅 | 72.98平米 | 西南,https://ke-image.ljcdn.com/110000-inspection/b2dd8049-058d-4c6d-b4e0-0e48d76cec9b_1000.jpg!m_fill,w_280,h_210,f_jpg?from=ke.com
20241018,朝阳,太阳宫,101124651985,社科院 3室1厅 南 西 北,720万,87273元/平,顶层 (共18层) | 2003年 | 3室1厅 | 82.5平米 | 南 西 北,https://ke-image.ljcdn.com/110000-inspection/78747857-0eac-4dd4-bd3b-2f6d9f61a4cd_1000.jpg!m_fill,w_280,h_210,f_jpg?from=ke.com
20241018,朝阳,太阳宫,101124648262,太阳宫 夏家园精装两居室 南北通透 诚意出售,870万,85588元/平,高楼层 (共21层) | 2000年 | 2室1厅 | 101.65平米 | 南 北,https://ke-image.ljcdn.com/110000-inspection/pc1_vJoGhY3uB.jpg!m_fill,w_280,h_210,f_jpg?from=ke.com
20241018,朝阳,太阳宫,101124597010,火星园一层接地气全明三居室南北通透双明卫,2275万,119977元/平,底层 (共27层) 3室1厅 | 189.62平米 | 东 南 北,https://ke-image.ljcdn.com/110000-inspection/4914156d-3a97-483b-b081-da4bc71b0779_1000.jpg!m_fill,w_280,h_210,f_jpg?from=ke.com
20241018,朝阳,太阳宫,101124596974,火星园南向全明格局南排楼视野好安静不临街,1350万,135829元/平,低楼层 (共24层) | 2011年 | 2室1厅 | 99.39平米 | 南,https://ke-image.ljcdn.com/110000-inspection/82444897-e447-47d8-94c3-00633267397a_1000.jpg!m_fill,w_280,h_210,f_jpg?from=ke.com
20241018,朝阳,太阳宫,101124587799,南区安静没有打扰视野好看园林,2700万,169876元/平,低楼层 (共26层) | 2012年 | 3室2厅 | 158.94平米 | 南 北,https://ke-image.ljcdn.com/110000-inspection/ce0db5ee-fb1d-484b-9a42-7e41b4a964ec_1000.jpg!m_fill,w_280,h_210,f_jpg?from=ke.com
20241018,朝阳,太阳宫,101124550641,太阳宫地铁口冠城大通澜石南北通透两居优质,1350万,117586元/平,中楼层 (共16层) | 2012年 | 2室1厅 | 114.81平米 | 南 北,https://ke-image.ljcdn.com/110000-inspection/pc1_hXRZVt3e9.jpg!m_fill,w_280,h_210,f_jpg?from=ke.com
20241018,朝阳,太阳宫,101124542983,本房满五唯一中间层采光好业主自住方便看,1400万,108494元/平,中楼层 (共18层) | 2005年 | 3室1厅 | 129.04平米 | 南 东,https://ke-image.ljcdn.com/110000-inspection/7536c21a-99b7-4182-ae79-92b4a5a12f03_1000.jpg!m_fill,w_280,h_210,f_jpg?from=ke.com
20241018,朝阳,太阳宫,101124515722,太阳宫 水星园 高层观景视野房 诚意出售,1350万,97025元/平,高楼层 (共23层) 3室1厅 | 139.14平米 | 南 北,https://ke-image.ljcdn.com/110000-inspection/pc1_6Z80C8Xzs_1.jpg!m_fill,w_280,h_210,f_jpg?from=ke.com
20241018,朝阳,太阳宫,101124432759,产权车位近5、6号楼位置好可按充电桩,40万,12772元/平,地下室 (共8层) | 2010年 | 1室0厅 | 31.32平米 | 南,https://ke-image.ljcdn.com/110000-inspection/pc1_t4TM25YYR.jpg!m_fill,w_280,h_210,f_jpg?from=ke.com
20241018,朝阳,太阳宫,101124379625,红玺台东户四居 双卧南向  安静看小区  少出户型,3300万,146680元/平,低楼层 (共25层) | 2011年 | 4室3厅 | 224.98平米 | 东南 北,https://ke-image.ljcdn.com/110000-inspection/dd1988c4-cc1a-4b86-a6cc-ae01d3bf8905_1000.jpg!m_fill,w_280,h_210,f_jpg?from=ke.com
20241018,朝阳,太阳宫,101124344929,水星园 配套齐全交通方便精装修,1728万,110402元/平,低楼层 (共23层) 3室1厅 | 156.52平米 | 南 北,https://ke-image.ljcdn.com/110000-inspection/98546af6-3148-47e6-8b06-2089c5837787_1000.jpg!m_fill,w_280,h_210,f_jpg?from=ke.com
20241018,朝阳,太阳宫,101124339909,新纪家园满五年唯一板楼单独管理有单独门禁,960万,90336元/平,低楼层 (共7层) 3室1厅 | 106.27平米 | 南 北,https://ke-image.ljcdn.com/110000-inspection/1bce758d-3e82-40ce-8712-bfcb8ebf6865_1000.jpg!m_fill,w_280,h_210,f_jpg?from=ke.com
20241018,朝阳,太阳宫,101124218945,满五唯一 只有契税 对着太阳宫公园 景观好 采光好,775万,86826元/平,中楼层 (共28层) | 2003年 | 2室1厅 | 89.26平米 | 东,https://ke-image.ljcdn.com/110000-inspection/pc1_RONt6Bqa1.jpg!m_fill,w_280,h_210,f_jpg?from=ke.com
20241018,朝阳,太阳宫,101124197379,社科院 1室1厅 南,450万,101581元/平,中楼层 (共18层) | 2003年 | 1室1厅 | 44.3平米 | 南,https://ke-image.ljcdn.com/110000-inspection/4e4ad363-cbc8-4101-9007-c9895d1fa4d6_1000.jpg!m_fill,w_280,h_210,f_jpg?from=ke.com
20241018,朝阳,太阳宫,101123995323,太阳宫 火星园新上全明两居室 高层 满五唯一 仅契税,1280万,128786元/平,顶层 (共24层) | 2011年 | 2室1厅 | 99.39平米 | 南,https://ke-image.ljcdn.com/110000-inspection/pc1_QFcvlMIO2_2.jpg!m_fill,w_280,h_210,f_jpg?from=ke.com
20241018,朝阳,太阳宫,101123991554,太阳公元北区南北通透13年交房,1299万,112274元/平,底层 (共25层) | 2012年 | 2室1厅 | 115.7平米 | 南 北,https://ke-image.ljcdn.com/110000-inspection/pc1_C8XSIITzq.jpg!m_fill,w_280,h_210,f_jpg?from=ke.com
20241018,朝阳,太阳宫,101123937648,太阳公元南区南北三居户型方正安静有明卫,1769万,143646元/平,低楼层 (共22层) | 2011年 | 3室1厅 | 123.15平米 | 南 北,https://ke-image.ljcdn.com/110000-inspection/9131bced-b470-4770-96ff-9e2de2ce9aab_1000.jpg!m_fill,w_280,h_210,f_jpg?from=ke.com
20241018,朝阳,太阳宫,101123925346,（分享美好）优选 拥有诗和远方 超大花园 南北通透,2080万,144355元/平,底层 (共26层) | 2012年 | 2室2厅 | 144.09平米 | 南 北 东,https://ke-image.ljcdn.com/110000-inspection/pc1_0W7hQMQVw.jpg!m_fill,w_280,h_210,f_jpg?from=ke.com
20241018,朝阳,太阳宫,101123925073,边厅双采光景观视野好正规四居室自主保养好。,3250万,144625元/平,低楼层 (共25层) | 2011年 | 4室2厅 | 224.72平米 | 南 西 北,https://ke-image.ljcdn.com/110000-inspection/84034f19-ccf2-48d1-a625-e00ac33e9ec8_1000.jpg!m_fill,w_280,h_210,f_jpg?from=ke.com
20241018,朝阳,太阳宫,101123924406,太阳公元南区 安静 位置好 出行方便 交房晚,1000万,165481元/平,低楼层 (共22层) | 2012年 | 1室1厅 | 60.43平米 | 南,https://ke-image.ljcdn.com/110000-inspection/073ba367-e65f-4242-bd9c-2dbd5c2454d9_1000.jpg!m_fill,w_280,h_210,f_jpg?from=ke.com
20241018,朝阳,太阳宫,101123915819,（分享美好）双卫大两居 通透性好 居住舒适 观景棒,1860万,124942元/平,底层 (共22层) 2室2厅 | 148.87平米 | 南 北,https://ke-image.ljcdn.com/110000-inspection/pc1_aig6qyCr0.jpg!m_fill,w_280,h_210,f_jpg?from=ke.com
20241018,朝阳,太阳宫,101123883434,聚焦A类优质三居15年交房位置好主诚意诚意！,2398万,148089元/平,高楼层 (共25层) | 2012年 | 3室2厅 | 161.93平米 | 南 北,https://ke-image.ljcdn.com/110000-inspection/ced41336-9e1c-480f-8ce4-53544c1a2ac1_1000.jpg!m_fill,w_280,h_210,f_jpg?from=ke.com
20241018,朝阳,太阳宫,101123869680,澜石新上：80W二次精装高层观景产权清晰！,1220万,125929元/平,中楼层 (共26层) | 2012年 | 2室1厅 | 96.88平米 | 东南,https://ke-image.ljcdn.com/110000-inspection/6c3aa07f-d5d1-48bf-b0a2-74493b71cadf_1000.jpg!m_fill,w_280,h_210,f_jpg?from=ke.com
20241018,朝阳,太阳宫,101123753781,新纪家园两居室户型方正没有任何遮挡诚意出售,789万,91553元/平,中楼层 (共21层) | 2000年 | 2室1厅 | 86.18平米 | 西北,https://ke-image.ljcdn.com/110000-inspection/e11b1ff3-5f01-4831-b457-0794c2b860ee_1000.jpg!m_fill,w_280,h_210,f_jpg?from=ke.com
20241018,朝阳,太阳宫,101123732103,新纪家园满两年新装修全屋定制小区中间小2居全南,580万,81714元/平,低楼层 (共21层) | 2002年 | 2室1厅 | 70.98平米 | 南,https://ke-image.ljcdn.com/110000-inspection/444f191d-f994-481b-b2f7-8b318bae6fbe_1000.jpg!m_fill,w_280,h_210,f_jpg?from=ke.com
20241018,朝阳,太阳宫,101123718470,水星园顶层带大阳台和圆弧阳台270采光业主清华的,1780万,99804元/平,顶层 (共23层) 4室2厅 | 178.35平米 | 西南 东北,https://ke-image.ljcdn.com/110000-inspection/pc1_V05mZ73LE_1.jpg!m_fill,w_280,h_210,f_jpg?from=ke.com
20241018,朝阳,太阳宫,101123705621,水星园 临河正规三居室 看房方便 诚意出售,2350万,124458元/平,顶层 (共14层) | 2006年 | 3室2厅 | 188.82平米 | 南 北,https://ke-image.ljcdn.com/110000-inspection/pc1_11K2T0PKB_1.jpg!m_fill,w_280,h_210,f_jpg?from=ke.com
20241018,朝阳,太阳宫,101123656369,星园业主自住精装修拎包入住东南向大三居,1630万,110953元/平,低楼层 (共19层) 3室2厅 | 146.91平米 | 东 南,https://ke-image.ljcdn.com/110000-inspection/f8103598-4d8e-40e8-b667-8e46b4c3d19d_1000.jpg!m_fill,w_280,h_210,f_jpg?from=ke.com
20241018,朝阳,太阳宫,101123656204,半岛国际公寓西南向双卫生间精装修大两居,967万,87196元/平,高楼层 (共18层) | 2005年 | 2室1厅 | 110.9平米 | 南 西,https://ke-image.ljcdn.com/110000-inspection/pc1_7fB6JZ0sv.jpg!m_fill,w_280,h_210,f_jpg?from=ke.com
20241018,朝阳,太阳宫,101123619437,太阳宫 太阳国际公馆两居 中高层 户型方正 仅契税,860万,88551元/平,高楼层 (共10层) | 2003年 | 2室1厅 | 97.12平米 | 东北,https://ke-image.ljcdn.com/110000-inspection/pc1_GN34Hz1Vz_1.jpg!m_fill,w_280,h_210,f_jpg?from=ke.com
20241018,朝阳,太阳宫,101123597694,太阳宫 万方景轩 高层观景 不临街 交通便利,650万,96126元/平,高楼层 (共20层) 1室2厅 | 67.62平米 | 东北,https://ke-image.ljcdn.com/110000-inspection/pc1_vbYfX90fz.jpg!m_fill,w_280,h_210,f_jpg?from=ke.com
20241018,朝阳,太阳宫,101123553521,三环边 西南方正三居室 安静不临街,1500万,76434元/平,中楼层 (共20层) | 2003年 | 3室1厅 | 196.25平米 | 西南,https://ke-image.ljcdn.com/110000-inspection/pc1_5zlekiQS9.jpg!m_fill,w_280,h_210,f_jpg?from=ke.com
20241018,朝阳,太阳宫,101123545172,万方景轩 正规一居室 地铁口 商场近 户型好,539万,84483元/平,底层 (共18层) | 2005年 | 1室1厅 | 63.8平米 | 西,https://ke-image.ljcdn.com/110000-inspection/1c4d1992-a5bb-4bee-991c-40a592bdac74_1000.jpg!m_fill,w_280,h_210,f_jpg?from=ke.com
20241018,朝阳,太阳宫,101123529533,太阳宫火星园中间位置3+1户型中高层安静不临街,2520万,120402元/平,中楼层 (共27层) | 2011年 | 3室2厅 | 209.3平米 | 南 北,https://ke-image.ljcdn.com/110000-inspection/ca9531a5-d509-4ce7-82de-e5c7335f4cb0_1000.jpg!m_fill,w_280,h_210,f_jpg?from=ke.com
20241018,朝阳,太阳宫,101123491796,冠城大通澜石太阳星城4期2013年楼龄高楼层景观房,1199万,123762元/平,中楼层 (共26层) | 2012年 | 2室1厅 | 96.88平米 | 南,https://ke-image.ljcdn.com/110000-inspection/bcb578dc-8ce3-4011-ba1f-5ef055ed089f_1000.jpg!m_fill,w_280,h_210,f_jpg?from=ke.com
20241018,朝阳,太阳宫,101123417721,太阳国际公馆 满五唯一 楼层好 装修好 业主随时签约,1350万,73514元/平,高楼层 (共10层) | 2003年 | 3室2厅 | 183.64平米 | 南 北,https://ke-image.ljcdn.com/110000-inspection/pc1_wttCPP69d_1.jpg!m_fill,w_280,h_210,f_jpg?from=ke.com
20241018,朝阳,太阳宫,101123417392,水星园 满五年 东南北三面采光三居室 诚意出售,1180万,94265元/平,低楼层 (共19层) | 2005年 | 3室1厅 | 125.18平米 | 东南 西北,https://ke-image.ljcdn.com/110000-inspection/dd87bff2-c285-46f8-9a6e-b9f4a68f9243_1000.jpg!m_fill,w_280,h_210,f_jpg?from=ke.com
20241018,朝阳,太阳宫,101123410864,太阳宫 社科院 经典三居室 东南北朝向,790万,95758元/平,高楼层 (共18层) | 1998年 | 3室2厅 | 82.5平米 | 东南 南 北,https://ke-image.ljcdn.com/110000-inspection/d616f74a-b746-4d5f-a2b8-022ac76242d2_1000.jpg!m_fill,w_280,h_210,f_jpg?from=ke.com
20241018,朝阳,太阳宫,101123410499,新纪家园 复式两居室三面采光 满五年唯一,1150万,74890元/平,高楼层 (共7层) 4室1厅 | 153.56平米 | 西 东,https://ke-image.ljcdn.com/110000-inspection/baf6592d-1319-4537-bcc1-78886c61594c_1000.jpg!m_fill,w_280,h_210,f_jpg?from=ke.com
20241018,朝阳,太阳宫,101123396155,冠城大通澜石 车位,78万,19486元/平,地下室 (共19层) | 2012年 | 1室0厅 | 40.03平米 | 南,https://ke-image.ljcdn.com/110000-inspection/pc1_2GP6hzSfl.jpg!m_fill,w_280,h_210,f_jpg?from=ke.com
20241018,朝阳,太阳宫,101123329431,太阳公元北区南北通透三居室价格可协商,1380万,151233元/平,顶层 (共27层) | 2010年 | 3室2厅 | 91.25平米 | 南 北,https://ke-image.ljcdn.com/110000-inspection/7932ae7e-9f73-4abc-932d-832eac8ddaa2_1000.jpg!m_fill,w_280,h_210,f_jpg?from=ke.com
20241018,朝阳,太阳宫,101123261304,太阳公元北区 南向高层采光 观景位置好 诚意出售,950万,140284元/平,中楼层 (共27层) | 2010年 | 1室1厅 | 67.72平米 | 南,https://ke-image.ljcdn.com/110000-inspection/pc1_oFMkR6Zkz.jpg!m_fill,w_280,h_210,f_jpg?from=ke.com
20241018,朝阳,太阳宫,101123257205,万方景轩高楼层正规一居室满五年,505万,71298元/平,顶层 (共20层) | 2005年 | 1室1厅 | 70.83平米 | 西北,https://ke-image.ljcdn.com/110000-inspection/53be39a4-037f-419e-bbbe-41d05fd818e9_1000.jpg!m_fill,w_280,h_210,f_jpg?from=ke.com
20241018,朝阳,太阳宫,101123255841,少有边户三居 不临街 一层有大家了解,1950万,154603元/平,底层 (共10层) | 2010年 | 3室1厅 | 126.13平米 | 南 西 北,https://ke-image.ljcdn.com/110000-inspection/215cbbe1-b362-4d71-9c1f-03da6c8dcff1_1000.jpg!m_fill,w_280,h_210,f_jpg?from=ke.com
20241018,朝阳,太阳宫,101123223070,红玺台 南北通透2居室客厅落地窗采光挑空4.88米房主自荐,1290万,178819元/平,低楼层 (共16层) | 2011年 | 2室1厅 | 72.14平米 | 南 北,https://ke-image.ljcdn.com/110000-inspection/c338c60d-1636-4342-bb48-4ffa24a7d49d_1000.jpg!m_fill,w_280,h_210,f_jpg?from=ke.com
20241018,朝阳,太阳宫,101123157837,和泰园商品房小区人车分流套内面积大满五唯一,999万,89839元/平,低楼层 (共18层) | 2002年 | 2室1厅 | 111.2平米 | 南,https://ke-image.ljcdn.com/110000-inspection/pc1_GdbE3z0Pm_1.jpg!m_fill,w_280,h_210,f_jpg?from=ke.com
20241018,朝阳,太阳宫,101123118018,2010年小区 精装修 中间楼层 采光无遮挡,1350万,144540元/平,中楼层 (共26层) | 2010年 | 2室1厅 | 93.4平米 | 南,https://ke-image.ljcdn.com/110000-inspection/c404b024-8a3c-4ea3-bae4-98f33bad51e7_1000.jpg!m_fill,w_280,h_210,f_jpg?from=ke.com
20241018,朝阳,太阳宫,101123115860,太阳公元北区一层花园两居南北通透宜居安静,1680万,158761元/平,底层 (共25层) | 2011年 | 2室1厅 | 105.82平米 | 南 北,https://ke-image.ljcdn.com/110000-inspection/pc1_BrJH4f1t5.jpg!m_fill,w_280,h_210,f_jpg?from=ke.com
20241018,朝阳,太阳宫,101123099529,水星园 南北通透四居室 观河景采光视野棒,2300万,108712元/平,低楼层 (共14层) | 2006年 | 4室2厅 | 211.57平米 | 南 北,https://ke-image.ljcdn.com/110000-inspection/pc1_9rYyirKfU_1.jpg!m_fill,w_280,h_210,f_jpg?from=ke.com
20241018,朝阳,太阳宫,101123047844,万方景轩 地铁10号线100米东南两居,710万,84084元/平,底层 (共18层) | 2005年 | 2室1厅 | 84.44平米 | 东南,https://ke-image.ljcdn.com/110000-inspection/pc1_ILQQZKLX9_1.jpg!m_fill,w_280,h_210,f_jpg?from=ke.com
20241018,朝阳,太阳宫,101122951913,冠城大通澜石 业主自住 诚意出售 看房随时,1380万,116231元/平,低楼层 (共26层) | 2012年 | 3室2厅 | 118.73平米 | 西南 东北,https://ke-image.ljcdn.com/110000-inspection/c88a46dd-697d-497e-9946-5c64d832cf5a_1000.jpg!m_fill,w_280,h_210,f_jpg?from=ke.com
20241018,朝阳,太阳宫,101122881604,半岛国际公寓 高层视野开阔 交通便利 配套齐全房主自荐,498万,105130元/平,高楼层 (共16层) | 2005年 | 1室1厅 | 47.37平米 | 西北,https://ke-image.ljcdn.com/110000-inspection/414a8b7a-a504-4f1a-9218-2e8508c0a69f_1000.jpg!m_fill,w_280,h_210,f_jpg?from=ke.com
20241018,朝阳,太阳宫,101122880146,东边户南北双通透 全明格局 楼层视野佳 书香在畔房主自荐,1690万,117820元/平,高楼层 (共26层) 3室1厅 | 143.44平米 | 南 北,https://ke-image.ljcdn.com/110000-inspection/pc1_z0BC7JuYU.jpg!m_fill,w_280,h_210,f_jpg?from=ke.com
20241018,朝阳,太阳宫,101122859870,满五年唯一西北向安静不临街人车分流。,1080万,109323元/平,低楼层 (共20层) | 2003年 | 2室2厅 | 98.79平米 | 西北,https://ke-image.ljcdn.com/110000-inspection/pc1_GHMzLww8D.jpg!m_fill,w_280,h_210,f_jpg?from=ke.com
20241018,朝阳,太阳宫,101122662268,中石油物业自住精装修高层观景 视野好。,1450万,155914元/平,中楼层 (共26层) 2室1厅 | 93平米 | 南,https://ke-image.ljcdn.com/110000-inspection/pc1_32bh7rf5a.jpg!m_fill,w_280,h_210,f_jpg?from=ke.com
20241018,朝阳,太阳宫,101122653422,火星园方正两居只有契税保养好可以给周期房主自荐,1090万,115283元/平,高楼层 (共24层) | 2011年 | 2室1厅 | 94.55平米 | 东 南 北,https://ke-image.ljcdn.com/110000-inspection/pc1_o6htWxgHe_1.jpg!m_fill,w_280,h_210,f_jpg?from=ke.com
20241018,朝阳,太阳宫,101122347680,太阳国际公馆一层下跃四居室精装修位置好诚心卖,1580万,69841元/平,底层 (共14层) | 2003年 | 4室2厅 | 226.23平米 | 南 北,https://ke-image.ljcdn.com/110000-inspection/pc1_JnguvO1GV.jpg!m_fill,w_280,h_210,f_jpg?from=ke.com
20241018,朝阳,太阳宫,101122199062,地铁10号线17号线12号线三轨交汇两居得房率90%,855万,87567元/平,底层 (共7层) 2室1厅 | 97.64平米 | 南 西,https://ke-image.ljcdn.com/110000-inspection/pc1_cp29mq17N.jpg!m_fill,w_280,h_210,f_jpg?from=ke.com
20241018,朝阳,太阳宫,101122191917,万方景轩 小户型开间 看房可约 诚意出售,476万,98797元/平,高楼层 (共18层) | 2005年 | 1室0厅 | 48.18平米 | 东北,https://ke-image.ljcdn.com/110000-inspection/6912f28a-6d4c-4411-a491-8aaf0acd1f20_1000.jpg!m_fill,w_280,h_210,f_jpg?from=ke.com
20241018,朝阳,太阳宫,101122188318,万方景轩房子户型好楼层好没有抵押贷款,750万,103577元/平,高楼层 (共18层) | 2005年 | 1室1厅 | 72.41平米 | 西南 东北,https://ke-image.ljcdn.com/110000-inspection/6896d5d1-0617-47c2-9a70-181fd88d39f7_1000.jpg!m_fill,w_280,h_210,f_jpg?from=ke.com
20241018,朝阳,太阳宫,101122186822,新纪家园 满五唯一 高层视野好 采光充足 交通便利,820万,83572元/平,中楼层 (共26层) 2室2厅 | 98.12平米 | 西南,https://ke-image.ljcdn.com/110000-inspection/pc1_f9Ofh8gm3_2.jpg!m_fill,w_280,h_210,f_jpg?from=ke.com
20241018,朝阳,太阳宫,101122185756,新纪家园 满五年东南向两居室 高层看公园,830万,95524元/平,高楼层 (共26层) 2室2厅 | 86.89平米 | 东南,https://ke-image.ljcdn.com/110000-inspection/27bb5c2f-d655-4825-86d3-046891bdb057_1000.jpg!m_fill,w_280,h_210,f_jpg?from=ke.com
20241018,朝阳,太阳宫,101122185731,新纪家园 满五年三居室 高层观景大阳台,1150万,83340元/平,高楼层 (共26层) 3室2厅 | 137.99平米 | 东北,https://ke-image.ljcdn.com/110000-inspection/pc1_w6GlBqG7d.jpg!m_fill,w_280,h_210,f_jpg?from=ke.com
20241018,朝阳,太阳宫,101122185047,半岛国际公寓此房户型方正布局合理没有浪费面积,980万,103061元/平,低楼层 (共18层) | 2005年 | 2室1厅 | 95.09平米 | 西北,https://ke-image.ljcdn.com/110000-inspection/95b6af98-764b-438f-a18a-96a087380f98_1000.jpg!m_fill,w_280,h_210,f_jpg?from=ke.com
20241018,朝阳,太阳宫,101122184613,新纪家园高层两居室诚意出售看房方便,958万,103367元/平,顶层 (共28层) | 2003年 | 2室1厅 | 92.68平米 | 西,https://ke-image.ljcdn.com/110000-inspection/pc1_cQRIsbp8y.jpg!m_fill,w_280,h_210,f_jpg?from=ke.com
20241018,朝阳,太阳宫,101122162223,水星园楼层好视野采光好配套齐全交通便利,1950万,123645元/平,中楼层 (共17层) | 2005年 | 3室1厅 | 157.71平米 | 南 北,https://ke-image.ljcdn.com/110000-inspection/pc1_DUV0GvQaY.jpg!m_fill,w_280,h_210,f_jpg?from=ke.com
20241018,朝阳,太阳宫,101121829459,万方景轩东南向一居室方正无浪费诚意出售,630万,101059元/平,高楼层 (共20层) | 2005年 | 1室0厅 | 62.34平米 | 东南,https://ke-image.ljcdn.com/110000-inspection/pc1_x61yE32g6.jpg!m_fill,w_280,h_210,f_jpg?from=ke.com
20241018,朝阳,太阳宫,101121323563,水星园高层三居满五唯一只有契税,1750万,134203元/平,高楼层 (共23层) 3室2厅 | 130.4平米 | 东南 西北 东,https://ke-image.ljcdn.com/110000-inspection/a45efaf5-c34b-4ce7-bf7e-02368b2ac995_1000.jpg!m_fill,w_280,h_210,f_jpg?from=ke.com
20241018,朝阳,太阳宫,101121113289,（分享美好） 高楼层大五居 重金装修 平墅观景大宅,3600万,132866元/平,高楼层 (共26层) 5室2厅 | 270.95平米 | 东 南 北,https://ke-image.ljcdn.com/110000-inspection/pc1_Zc6L9vUNj.jpg!m_fill,w_280,h_210,f_jpg?from=ke.com
20241018,朝阳,太阳宫,101121048690,太阳公元南区 安静 有花园  双卫,2280万,159620元/平,底层 (共26层) | 2012年 | 2室2厅 | 142.84平米 | 南 北,https://ke-image.ljcdn.com/110000-inspection/7dab496b-58ed-4189-98e8-5db55ebbfe5e_1000.jpg!m_fill,w_280,h_210,f_jpg?from=ke.com
20241018,朝阳,太阳宫,101120988688,万方景轩高楼层一居室东南向不临街。,618万,96458元/平,高楼层 (共20层) | 2005年 | 1室0厅 | 64.07平米 | 东南,https://ke-image.ljcdn.com/110000-inspection/pc1_g103p5aCm.jpg!m_fill,w_280,h_210,f_jpg?from=ke.com
20241018,朝阳,太阳宫,101120937281,冠城大通澜石  业主自住 保持很好 家具定制,1550万,131290元/平,高楼层 (共26层) | 2012年 | 3室1厅 | 118.06平米 | 西南 东北,https://ke-image.ljcdn.com/110000-inspection/85043737-3a7c-4509-a0d6-cf277bbc5cbc_1000.jpg!m_fill,w_280,h_210,f_jpg?from=ke.com
20241018,朝阳,太阳宫,101120868766,水星园临河三局观河景南北通透,2380万,134715元/平,低楼层 (共14层) | 2006年 | 3室2厅 | 176.67平米 | 南 北,https://ke-image.ljcdn.com/110000-inspection/856f324d-71df-4ec1-ada4-5eb13b459425_1000.jpg!m_fill,w_280,h_210,f_jpg?from=ke.com
20241018,朝阳,太阳宫,101120860227,红玺台高层观景四居  双明卫  保养很好  欢迎您来看房房主自荐,3499万,155105元/平,高楼层 (共25层) | 2011年 | 4室1厅 | 225.59平米 | 西南,https://ke-image.ljcdn.com/110000-inspection/ddf3757b-ad01-44f8-9e70-63ec5ea21d8e_1000.jpg!m_fill,w_280,h_210,f_jpg?from=ke.com
20241018,朝阳,太阳宫,101120705600,太阳宫次新房、冠城大通澜石三居,1399万,118500元/平,中楼层 (共26层) | 2013年 | 3室2厅 | 118.06平米 | 南 北,https://ke-image.ljcdn.com/110000-inspection/51126a9b-5d59-4fd7-8eca-0069c0b483ae_1000.jpg!m_fill,w_280,h_210,f_jpg?from=ke.com
20241018,朝阳,太阳宫,101120673817,红玺台边户 精装LOFT 保养好,1450万,168684元/平,中楼层 (共16层) 2室1厅 | 85.96平米 | 南 西 北,https://ke-image.ljcdn.com/110000-inspection/ea5f99e0-c1de-4d54-a8eb-51a4fadcf55b_1000.jpg!m_fill,w_280,h_210,f_jpg?from=ke.com
20241018,朝阳,太阳宫,101120525005,红玺台 2室1厅 南 北,1620万,188198元/平,中楼层 (共16层) | 2011年 | 2室1厅 | 86.08平米 | 南 北,https://ke-image.ljcdn.com/110000-inspection/d1b74d4c-c60a-4053-8fe7-1e197f24bf8c_1000.jpg!m_fill,w_280,h_210,f_jpg?from=ke.com
20241018,朝阳,太阳宫,101120081519,万方景轩 西南开间 格局规整 无遮挡,500万,82008元/平,底层 (共18层) | 2005年 | 1室0厅 | 60.97平米 | 西南,https://ke-image.ljcdn.com/110000-inspection/pc1_odsPtAlSB.jpg!m_fill,w_280,h_210,f_jpg?from=ke.com
20241018,朝阳,太阳宫,101119515275,太阳公元北区前后观景安静无噪音临水系,4700万,159339元/平,低楼层 (共24层) | 2011年 | 4室2厅 | 294.97平米 | 南 北,https://ke-image.ljcdn.com/110000-inspection/ac510894-a4ed-4386-9c78-f4120cb587af_1000.jpg!m_fill,w_280,h_210,f_jpg?from=ke.com
20241018,朝阳,太阳宫,101118959026,万方景轩 方正三居室 全屋新装修,1190万,94221元/平,底层 (共18层) | 2005年 | 3室1厅 | 126.3平米 | 西南,https://ke-image.ljcdn.com/110000-inspection/pc1_i3FbgX1qY.jpg!m_fill,w_280,h_210,f_jpg?from=ke.com
20241018,朝阳,太阳宫,101118954615,半岛国际公寓 东南向 满五唯一 诚意出售房主自荐,710万,108397元/平,低楼层 (共18层) | 2005年 | 1室1厅 | 65.5平米 | 东南,https://ke-image.ljcdn.com/110000-inspection/pc1_6NWpGXA7k.jpg!m_fill,w_280,h_210,f_jpg?from=ke.com
20241018,朝阳,太阳宫,101118819272,太阳宫新纪家园南向两居室 中高层 日照充足 满五唯一,880万,89459元/平,中楼层 (共28层) | 2003年 | 2室1厅 | 98.37平米 | 东南,https://ke-image.ljcdn.com/110000-inspection/pc1_xZU9FaTvr_1.jpg!m_fill,w_280,h_210,f_jpg?from=ke.com
20241018,朝阳,太阳宫,101118617476,和泰园2002年商品房人车分流24小时物业管理随时签约,930万,100606元/平,低楼层 (共18层) | 2002年 | 2室1厅 | 92.44平米 | 东,https://ke-image.ljcdn.com/110000-inspection/9924415e-b0f5-40b6-8a74-1e5dc3b8a7fd_1000.jpg!m_fill,w_280,h_210,f_jpg?from=ke.com
20241018,朝阳,太阳宫,101118521469,水星园正规一居室 诚意出售 随时签约,780万,124940元/平,中楼层 (共23层) 1室1厅 | 62.43平米 | 西北,https://ke-image.ljcdn.com/110000-inspection/pc1_KqG2fdV0i_1.jpg!m_fill,w_280,h_210,f_jpg?from=ke.com
20241018,朝阳,太阳宫,101117920204,红玺台 高层东户四居 好位置好视野,4798万,159487元/平,高楼层 (共24层) | 2011年 | 4室3厅 | 300.84平米 | 南 北 东,https://ke-image.ljcdn.com/110000-inspection/pc1_Ogja6XZwO.jpg!m_fill,w_280,h_210,f_jpg?from=ke.com
20241018,朝阳,太阳宫,101117845189,5.2米挑空、全屋落地窗、南北通透次新房、双卫,1460万,170601元/平,中楼层 (共16层) | 2011年 | 2室1厅 | 85.58平米 | 南 北,https://ke-image.ljcdn.com/110000-inspection/pc1_bDhH340KW_1.jpg!m_fill,w_280,h_210,f_jpg?from=ke.com
20241018,朝阳,太阳宫,101127132360,太阳公元北区 车位,41万,13091元/平,地下室 (共8层) 1室0厅 | 31.32平米 | 南 北,https://s1.ljcdn.com/pegasus/redskull/images/common/default_house_list.png?_v=202410161653269
20241018,朝阳,太阳宫,101127108308,太阳公元北区 3室2厅 南 北新上,1900万,141159元/平,中楼层 (共20层) | 2011年 | 3室2厅 | 134.6平米 | 南 北,https://s1.ljcdn.com/pegasus/redskull/images/common/default_house_list.png?_v=202410161653269
20241018,朝阳,太阳宫,101127006123,冠城大通澜石 3室1厅 南 北新上,1400万,117440元/平,高楼层 (共26层) | 2012年 | 3室1厅 | 119.21平米 | 南 北,https://s1.ljcdn.com/pegasus/redskull/images/common/default_house_list.png?_v=202410161653269
20241018,朝阳,太阳宫,101126972290,太阳公元北区 3期交付 南北通透三居 两侧观景,1950万,141685元/平,高楼层 (共25层) | 2011年 | 3室1厅 | 137.63平米 | 南 北,https://s1.ljcdn.com/pegasus/redskull/images/common/default_house_list.png?_v=202410161653269
20241018,朝阳,太阳宫,101126834013,新上社科院 东南向两居室 全新精装修 随时看房,630万,84678元/平,中楼层 (共18层) | 1998年 | 2室1厅 | 74.4平米 | 东南,https://s1.ljcdn.com/pegasus/redskull/images/common/default_house_list.png?_v=202410161653269
20241018,朝阳,太阳宫,101126809073,万方景轩 4室2厅 东南 西南,2288万,109632元/平,高楼层 (共18层) | 2005年 | 4室2厅 | 208.7平米 | 东南 西南,https://s1.ljcdn.com/pegasus/redskull/images/common/default_house_list.png?_v=202410161653269
20241018,朝阳,太阳宫,101126766187,太阳公元南区 南向两居 精装修 标准高 全天采光视,1260万,145749元/平,中楼层 (共22层) | 2009年 | 2室1厅 | 86.45平米 | 南,https://s1.ljcdn.com/pegasus/redskull/images/common/default_house_list.png?_v=202410161653269
20241018,朝阳,太阳宫,101126749132,太阳国际公馆南北通透三居室高楼层视野好,1399万,69982元/平,中楼层 (共13层) | 2003年 | 3室2厅 | 199.91平米 | 南 北,https://s1.ljcdn.com/pegasus/redskull/images/common/default_house_list.png?_v=202410161653269
20241018,朝阳,太阳宫,101126730090,新上 西南北三面采光 高层视野无遮挡 带明卫,1680万,131672元/平,高楼层 (共25层) | 2011年 | 3室2厅 | 127.59平米 | 西 南 北,https://s1.ljcdn.com/pegasus/redskull/images/common/default_house_list.png?_v=202410161653269
20241018,朝阳,太阳宫,101126631672,区域聚焦房 位置好 满五年唯一 视野采光好,1150万,128077元/平,高楼层 (共27层) | 2011年 | 2室1厅 | 89.79平米 | 南,https://s1.ljcdn.com/pegasus/redskull/images/common/default_house_list.png?_v=202410161653269
20241018,朝阳,太阳宫,101126540846,2019年次新小区 太阳宫地铁400米 南北通透,758万,88397元/平,低楼层 (共28层) | 2021年 | 2室1厅 | 85.75平米 | 南 北,https://s1.ljcdn.com/pegasus/redskull/images/common/default_house_list.png?_v=202410161653269
20241018,朝阳,太阳宫,101126525540,NO1.只有契税  通透明厨明卫  正看水系 安静,1280万,143338元/平,低楼层 (共27层) | 2011年 | 2室1厅 | 89.3平米 | 西南 北,https://s1.ljcdn.com/pegasus/redskull/images/common/default_house_list.png?_v=202410161653269
20241018,朝阳,太阳宫,101126395360,火星园前后观景带阳台满五唯一,1350万,122394元/平,低楼层 (共27层) 2室1厅 | 110.3平米 | 南 北,https://s1.ljcdn.com/pegasus/redskull/images/common/default_house_list.png?_v=202410161653269
20241018,朝阳,太阳宫,101126315849,太阳公元高层2居 视野开阔 纯南向 产权清晰,1200万,134409元/平,高楼层 (共27层) | 2010年 | 2室1厅 | 89.28平米 | 南,https://ke-image.ljcdn.com/110000-inspection/40ccae95-4926-4abc-bb49-57591669dda9_1000.jpg!m_fill,w_280,h_210,f_jpg?from=ke.com
20241018,朝阳,太阳宫,101126297092,太阳公元北区 车位,32万,10218元/平,地下室 (共27层) | 2010年 | 1室0厅 | 31.32平米 | 东,https://ke-image.ljcdn.com/110000-inspection/ccdd9b5c00c8251f363c7bb4f2cb948f-058.jpg!m_fill,w_280,h_210,f_jpg?from=ke.com
20241018,朝阳,太阳宫,101126220606,太阳国际公馆一居户型好业主诚意出售,550万,73139元/平,底层 (共12层) | 2003年 | 1室1厅 | 75.2平米 | 北,https://s1.ljcdn.com/pegasus/redskull/images/common/default_house_list.png?_v=202410161653269
20241018,朝阳,太阳宫,101125822866,红玺台观景loft4.88米挑高采光面大无遮挡,1390万,161478元/平,低楼层 (共16层) | 2011年 | 2室2厅 | 86.08平米 | 南 北,https://s1.ljcdn.com/pegasus/redskull/images/common/default_house_list.png?_v=202410161653269
20241018,朝阳,太阳宫,101125700397,太阳公元一组团 2014年交房 精装修 位置安静,1950万,142274元/平,低楼层 (共25层) | 2012年 | 3室1厅 | 137.06平米 | 南 北,https://s1.ljcdn.com/pegasus/redskull/images/common/default_house_list.png?_v=202410161653269
20241018,朝阳,太阳宫,101125451886,太阳宫新纪家园三居室中高楼层,880万,68831元/平,中楼层 (共28层) 3室1厅 | 127.85平米 | 西北,https://s1.ljcdn.com/pegasus/redskull/images/common/default_house_list.png?_v=202410161653269
20241018,朝阳,太阳宫,101125383379,全南向在售正规一居室稳定签约,868万,145736元/平,低楼层 (共22层) | 2011年 | 1室1厅 | 59.56平米 | 南,https://s1.ljcdn.com/pegasus/redskull/images/common/default_house_list.png?_v=202410161653269
20241018,朝阳,太阳宫,101124678789,太阳公元北区 4室2厅 南 北,3100万,140852元/平,中楼层 (共22层) 4室2厅 | 220.09平米 | 南 北,https://s1.ljcdn.com/pegasus/redskull/images/common/default_house_list.png?_v=202410161653269
20241018,朝阳,太阳宫,101124617308,太阳宫 地铁口 新纪家园 精装复式,988万,71756元/平,高楼层 (共7层) | 2002年 | 4室1厅 | 137.69平米 | 南 北,https://s1.ljcdn.com/pegasus/redskull/images/common/default_house_list.png?_v=202410161653269
20241018,朝阳,太阳宫,101124522921,10.17号线太阳宫站旁 19年次新房 南北通透,1160万,101028元/平,中楼层 (共25层) | 2021年 | 3室2厅 | 114.82平米 | 南 北,https://s1.ljcdn.com/pegasus/redskull/images/common/default_house_list.png?_v=202410161653269
20241018,朝阳,太阳宫,101124219013,封闭社区 人车分流 满五唯一 南北通透双卫,850万,80984元/平,顶层 (共14层) 2室1厅 | 104.96平米 | 南 北,https://s1.ljcdn.com/pegasus/redskull/images/common/default_house_list.png?_v=202410161653269
20241018,朝阳,太阳宫,101123902175,太阳宫  水星园车位出售  随时看房,46万,15385元/平,地下室 | 2005年 | 1室0厅 | 29.9平米 | 南,https://ke-image.ljcdn.com/110000-inspection/492be1254bae3c74444387aaf0b73395-012.jpg!m_fill,w_280,h_210,f_jpg?from=ke.com
20241018,朝阳,太阳宫,101122881449,东北四环内法式低密大平层产权清晰。,2000万,62639元/平,中楼层 (共6层) 3室2厅 | 319.29平米 | 南 北,https://s1.ljcdn.com/pegasus/redskull/images/common/default_house_list.png?_v=202410161653269
20241018,朝阳,太阳宫,101122881478,顺景园东北四环内别墅社区低密大平层,1800万,64383元/平,中楼层 (共6层) 3室2厅 | 279.58平米 | 南 北,https://s1.ljcdn.com/pegasus/redskull/images/common/default_house_list.png?_v=202410161653269
20241018,朝阳,太阳宫,101122529570,水星园 车位,46万,14768元/平,地下室 1室0厅 | 31.15平米 | 南,https://ke-image.ljcdn.com/110000-inspection/d1cbb57913ea827f0932663aa3db435f-042.jpg!m_fill,w_280,h_210,f_jpg?from=ke.com
20241018,朝阳,太阳宫,101121772487,水星园 车位,47万,14511元/平,地下室 1室0厅 | 32.39平米 | 南,https://ke-image.ljcdn.com/110000-inspection/08cef3f5e905e473d8209ee34c23b95a-062.jpg!m_fill,w_280,h_210,f_jpg?from=ke.com
20241018,朝阳,太阳宫,101121753758,新纪家园近地铁购物方便户型方正。房主自荐,650万,72489元/平,低楼层 (共26层) 2室1厅 | 89.67平米 | 南,https://s1.ljcdn.com/pegasus/redskull/images/common/default_house_list.png?_v=202410161653269
20241018,朝阳,太阳宫,101118316041,冠城大通澜石 车位,77万,19411元/平,地下室 (共19层) | 2012年 | 1室0厅 | 39.67平米 | 南,https://ke-image.ljcdn.com/110000-inspection/d12393809c8f0eccfdaf966539decada-040.jpg!m_fill,w_280,h_210,f_jpg?from=ke.com
20241018,朝阳,太阳宫,101117997263,太阳宫 新纪家园三居室 中高层 满五且唯一 诚意出售房主自荐,1030万,80564元/平,高楼层 (共28层) 3室1厅 | 127.85平米 | 西北,https://ke-image.ljcdn.com/110000-inspection/fef8654a-44c0-4b3c-ad4b-ebd51bb77e09.jpeg!m_fill,w_280,h_210,f_jpg?from=ke.com
20241018,朝阳,太阳宫,101116656752,夏家园 半岛国际 产权车位 诚意出售,42万,9086元/平,地下室 1室0厅 | 46.23平米 | 南,https://ke-image.ljcdn.com/110000-inspection/553d6c97cda1d494e71791b8019fabc3-057.jpg!m_fill,w_280,h_210,f_jpg?from=ke.com
20241018,朝阳,太阳宫,101114183833,半岛国际公寓 产权车位 诚意出售,40万,8653元/平,地下室 | 2005年 | 1室0厅 | 46.23平米 | 南,https://ke-image.ljcdn.com/110000-inspection/2321b5d1423ece022d995bc4753bd6ea-096.jpg!m_fill,w_280,h_210,f_jpg?from=ke.com
20241018,朝阳,太阳宫,101113578568,冠城大通澜石 小区位置好 商场 地铁都在跟前,65万,16818元/平,地下室 (共19层) | 2012年 | 1室0厅 | 38.65平米 | 南,https://s1.ljcdn.com/pegasus/redskull/images/common/default_house_list.png?_v=202410161653269
