20241011,朝阳,亮马桥,101126661894,顺源里南向两居室 满五年有电梯 高楼层视野开阔必看好房,328万,62812元/平,高楼层 (共12层) | 1984年 | 2室1厅 | 52.22平米 | 南,https://ke-image.ljcdn.com/110000-inspection/f2f53b36-5c6b-404d-9031-84b1926515fb_1000.jpg!m_fill,w_280,h_210,f_jpg?from=ke.com
20241011,朝阳,亮马桥,101126418705,新源里东 3室1厅 南 北必看好房,370万,65187元/平,底层 (共5层) | 1979年 | 3室1厅 | 56.76平米 | 南 北,https://ke-image.ljcdn.com/110000-inspection/fa0ae255-76f9-423f-b68f-397a17292257_1000.jpg!m_fill,w_280,h_210,f_jpg?from=ke.com
20241011,朝阳,亮马桥,101126207672,亮马河盘新源街精装修两居满五年必看好房,355万,64558元/平,高楼层 (共6层) 2室1厅 | 54.99平米 | 南 北,https://ke-image.ljcdn.com/110000-inspection/9edd920f-503e-4932-bcf3-fc6a60924bf7_1000.jpg!m_fill,w_280,h_210,f_jpg?from=ke.com
20241011,朝阳,亮马桥,101125564772,顺源里 2室1厅 南 北必看好房,348万,61977元/平,中楼层 (共6层) 2室1厅 | 56.15平米 | 南 北,https://ke-image.ljcdn.com/110000-inspection/pc1_KsHSZkjy5_2.jpg!m_fill,w_280,h_210,f_jpg?from=ke.com
20241011,朝阳,亮马桥,101125447195,近地铁  全南两居室  满五唯一 诚意出售必看好房,318万,63843元/平,中楼层 (共6层) 2室1厅 | 49.81平米 | 南,https://ke-image.ljcdn.com/110000-inspection/8b04cb49-44f6-4a92-8d15-73d1e4706b0c_1000.jpg!m_fill,w_280,h_210,f_jpg?from=ke.com
20241011,朝阳,亮马桥,101126185895,满五年唯一住房配套设施齐全交通便利必看好房,356万,56250元/平,低楼层 (共12层) | 1993年 | 2室1厅 | 63.29平米 | 南 北,https://ke-image.ljcdn.com/110000-inspection/pc1_Ex3Hqo4IB.jpg!m_fill,w_280,h_210,f_jpg?from=ke.com
20241011,朝阳,亮马桥,101126087452,三元桥、亮马桥、南北通透3居室、中间楼层随时签约必看好房,368万,64915元/平,中楼层 (共6层) | 1981年 | 3室0厅 | 56.69平米 | 南 北,https://ke-image.ljcdn.com/110000-inspection/66711ce7-1d8c-433f-8e53-adc0d125d13e_1000.jpg!m_fill,w_280,h_210,f_jpg?from=ke.com
20241011,朝阳,亮马桥,101125434420,花园式小区管理好一层小三居公积金年限长必看好房,358万,62024元/平,底层 (共6层) 3室1厅 | 57.72平米 | 南 北,https://ke-image.ljcdn.com/110000-inspection/af29a8fb-96eb-4b72-b379-886112619c00_1000.jpg!m_fill,w_280,h_210,f_jpg?from=ke.com
20241011,朝阳,亮马桥,101125085901,顺源里 正南向两居 中间层 业主诚意出售必看好房,320万,62931元/平,低楼层 (共6层) 2室1厅 | 50.85平米 | 南,https://ke-image.ljcdn.com/110000-inspection/pc1_7sIFhz8LA_2.jpg!m_fill,w_280,h_210,f_jpg?from=ke.com
20241011,朝阳,亮马桥,101125035335,牛王庙南北通透两居室 中间层明厨明卫 满五年必看好房,288万,57008元/平,中楼层 (共5层) | 1977年 | 2室1厅 | 50.52平米 | 南 北,https://ke-image.ljcdn.com/110000-inspection/0c540c96-f28e-4828-990a-78140363adbf_1000.jpg!m_fill,w_280,h_210,f_jpg?from=ke.com
20241011,朝阳,亮马桥,101124996417,牛王庙南区南北通透田字格三居室社区车位充足必看好房,395万,57372元/平,顶层 (共5层) 3室1厅 | 68.85平米 | 南 北,https://ke-image.ljcdn.com/110000-inspection/4dcffb5d-2667-4940-8c0c-51bb2dd0e15b_1000.jpg!m_fill,w_280,h_210,f_jpg?from=ke.com
20241011,朝阳,亮马桥,101124509580,亮马桥 新源南路 高层南向两居 采光充足 诚意出售必看好房,395万,62769元/平,高楼层 (共16层) | 1985年 | 2室1厅 | 62.93平米 | 南,https://ke-image.ljcdn.com/110000-inspection/pc1_WjscE0pw7_2.jpg!m_fill,w_280,h_210,f_jpg?from=ke.com
20241011,朝阳,亮马桥,101124013354,三源里街 2室1厅 南,310万,64183元/平,低楼层 (共12层) 2室1厅 | 48.3平米 | 南,https://ke-image.ljcdn.com/110000-inspection/e8f3c9dc-0f81-43a3-adbe-5fcbe1b918ad_1000.jpg!m_fill,w_280,h_210,f_jpg?from=ke.com
20241011,朝阳,亮马桥,101123761737,交通便利采光充足配套设施齐全必看好房,315万,62057元/平,中楼层 (共12层) | 1983年 | 2室1厅 | 50.76平米 | 西南,https://ke-image.ljcdn.com/110000-inspection/pc1_sCzJ1ulX4_2.jpg!m_fill,w_280,h_210,f_jpg?from=ke.com
20241011,朝阳,亮马桥,101123529429,三源里街 化工部家属楼 带电梯高楼层观景房 看房随时必看好房,290万,56630元/平,顶层 (共12层) 2室1厅 | 51.21平米 | 东南,https://ke-image.ljcdn.com/110000-inspection/2802644b-ad35-4886-930e-d9cd1a5eccf5_1000.jpg!m_fill,w_280,h_210,f_jpg?from=ke.com
20241011,朝阳,亮马桥,101122562177,新源里东南北通透两居室 中间楼层满五年 看房方便,359万,63327元/平,中楼层 (共5层) 2室1厅 | 56.69平米 | 南 北,https://ke-image.ljcdn.com/110000-inspection/pc1_ISCuwX3SZ_2.jpg!m_fill,w_280,h_210,f_jpg?from=ke.com
20241011,朝阳,亮马桥,101126767243,三源里街小区 朝南一居室小区安静居住舒适必看好房,199万,53466元/平,顶层 (共6层) | 1982年 | 1室1厅 | 37.22平米 | 南,https://ke-image.ljcdn.com/110000-inspection/25977166-acbf-449a-97cb-5238fd0efe94_1000.jpg!m_fill,w_280,h_210,f_jpg?from=ke.com
20241011,朝阳,亮马桥,101125280825,新源里西低楼层两居室清朝附近看方便必看好房,303万,60000元/平,中楼层 (共5层) 2室1厅 | 50.5平米 | 西南 东北,https://ke-image.ljcdn.com/110000-inspection/083bde38-da87-4fd6-8eb4-c52f37f5f7cf_1000.jpg!m_fill,w_280,h_210,f_jpg?from=ke.com
20241011,朝阳,亮马桥,101123337913,三源里南小街 带电梯通透两居室 配套齐全 交通便利必看好房,280万,52435元/平,中楼层 (共12层) | 1993年 | 2室1厅 | 53.4平米 | 西南,https://ke-image.ljcdn.com/110000-inspection/pc1_C6Ne7RFhH_2.jpg!m_fill,w_280,h_210,f_jpg?from=ke.com
20241011,朝阳,亮马桥,101122377143,亮马河畔 高层南向两居 满五唯一 看房随时,468万,74286元/平,中楼层 (共17层) 2室1厅 | 63平米 | 南,https://ke-image.ljcdn.com/110000-inspection/708a70f9-2985-4a8a-b7d5-156ddf8c33f2_1000.jpg!m_fill,w_280,h_210,f_jpg?from=ke.com
20241011,朝阳,亮马桥,101121681211,嘉里星源汇 中间层品质一居 满五唯一 无遮挡,665万,92994元/平,低楼层 (共16层) | 2009年 | 1室1厅 | 71.51平米 | 西,https://ke-image.ljcdn.com/110000-inspection/47892f56-7d67-4193-9688-07b551852297_1000.jpg!m_fill,w_280,h_210,f_jpg?from=ke.com
20241011,朝阳,亮马桥,101116124397,燕莎区域  08年商品房  全景落地窗 高楼层 视野好,2000万,67570元/平,中楼层 (共29层) | 2008年 | 3室1厅 | 295.99平米 | 东 西 北,https://ke-image.ljcdn.com/110000-inspection/pc1_fCJWyHG0v_2.jpg!m_fill,w_280,h_210,f_jpg?from=ke.com
20241011,朝阳,亮马桥,101115389784,北京公馆  高层 精装  两室  带大阳台房主自荐,1650万,106390元/平,中楼层 (共29层) 2室1厅 | 155.09平米 | 西,https://ke-image.ljcdn.com/110000-inspection/pc1_ckUKoI5Dr_2.jpg!m_fill,w_280,h_210,f_jpg?from=ke.com
20241011,朝阳,亮马桥,101114743010,北京公馆 大两居室 落地窗  大阳台,1600万,101062元/平,低楼层 (共29层) | 2008年 | 2室1厅 | 158.32平米 | 西,https://ke-image.ljcdn.com/110000-inspection/a81fa02b-f688-4f13-9469-b5841e57e2a7_1000.jpg!m_fill,w_280,h_210,f_jpg?from=ke.com
20241011,朝阳,亮马桥,101126812973,新源街林业部南北通透精装修拎包入住满五年唯一房主自荐,299万,68641元/平,顶层 (共12层) | 1980年 | 1室1厅 | 43.56平米 | 南 北,https://ke-image.ljcdn.com/110000-inspection/d5d44232-8a7d-4f7e-abb2-935ce694bdbb_1000.jpg!m_fill,w_280,h_210,f_jpg?from=ke.com
20241011,朝阳,亮马桥,101126810741,新源里西 3室1厅 南 北,670万,73145元/平,低楼层 (共6层) | 1994年 | 3室1厅 | 91.6平米 | 南 北,https://ke-image.ljcdn.com/110000-inspection/a8d35f15-ab8e-4f93-916b-c4e43ca11e42_1000.jpg!m_fill,w_280,h_210,f_jpg?from=ke.com
20241011,朝阳,亮马桥,101126775861,新源街 2室1厅 南 北,390万,67827元/平,低楼层 (共6层) 2室1厅 | 57.5平米 | 南 北,https://ke-image.ljcdn.com/110000-inspection/951bcb58-a36f-4933-8bf7-970394bb9ad6_1000.jpg!m_fill,w_280,h_210,f_jpg?from=ke.com
20241011,朝阳,亮马桥,101126774443,三源里南小街 3室1厅 东南 西北,460万,78606元/平,底层 (共6层) 3室1厅 | 58.52平米 | 东南 西北,https://ke-image.ljcdn.com/110000-inspection/9c02c8ca-bab6-4b96-818a-30aad9f99c0a_1000.jpg!m_fill,w_280,h_210,f_jpg?from=ke.com
20241011,朝阳,亮马桥,101126668573,三源里中间层精装修两居前后无遮挡,399万,64995元/平,中楼层 (共6层) 2室1厅 | 61.39平米 | 南 北,https://ke-image.ljcdn.com/110000-inspection/pc1_TdCTuj9zF_2.jpg!m_fill,w_280,h_210,f_jpg?from=ke.com
20241011,朝阳,亮马桥,101126654953,三源里南小街中间层南北通透精装修五年唯一,460万,75041元/平,中楼层 (共6层) | 1982年 | 2室1厅 | 61.3平米 | 东南 西北,https://ke-image.ljcdn.com/110000-inspection/5e117fb6-6bdc-448d-8b1f-ce3ccc0a4b6f_1000.jpg!m_fill,w_280,h_210,f_jpg?from=ke.com
20241011,朝阳,亮马桥,101126537040,三源里社区 新出全新装修 中间层两居室 随时拎包入,350万,62179元/平,中楼层 (共6层) | 1982年 | 2室1厅 | 56.29平米 | 东南,https://ke-image.ljcdn.com/110000-inspection/pc1_4zhoCb0WY_1.jpg!m_fill,w_280,h_210,f_jpg?from=ke.com
20241011,朝阳,亮马桥,101126533675,新源街 2室1厅 东南 西北,410万,79891元/平,底层 (共6层) | 1983年 | 2室1厅 | 51.32平米 | 东南 西北,https://ke-image.ljcdn.com/110000-inspection/1bb00b8d-640e-4991-ab3b-6d7e18ea83c0_1000.jpg!m_fill,w_280,h_210,f_jpg?from=ke.com
20241011,朝阳,亮马桥,101126510616,新源南路 3室1厅 西北,475万,61394元/平,低楼层 (共16层) | 1984年 | 3室1厅 | 77.37平米 | 西北,https://ke-image.ljcdn.com/110000-inspection/bc5e2e84-2d53-44ed-bc76-6701615696da_1000.jpg!m_fill,w_280,h_210,f_jpg?from=ke.com
20241011,朝阳,亮马桥,101126349623,三元桥亮马桥西南向两居满五年看房方便,379万,68178元/平,底层 (共16层) 2室1厅 | 55.59平米 | 南,https://ke-image.ljcdn.com/110000-inspection/0dd11ee3-36f1-4fd8-a2ce-50fa12c10fbb_1000.jpg!m_fill,w_280,h_210,f_jpg?from=ke.com
20241011,朝阳,亮马桥,101126312888,顺源里小区中间南北三居室视野好近地铁。,510万,74150元/平,高楼层 (共6层) 3室1厅 | 68.78平米 | 南 北,https://ke-image.ljcdn.com/110000-inspection/c42711f7-b6ac-4bee-af60-746a1349aeb1_1000.jpg!m_fill,w_280,h_210,f_jpg?from=ke.com
20241011,朝阳,亮马桥,101126275435,三源里街 2室1厅 东南 西北,360万,58206元/平,中楼层 (共6层) 2室1厅 | 61.85平米 | 东南 西北,https://ke-image.ljcdn.com/110000-inspection/pc1_8lQ3yycZk_3.jpg!m_fill,w_280,h_210,f_jpg?from=ke.com
20241011,朝阳,亮马桥,101126075376,新源里东 南北通透三居室 楼层好 配套齐全,485万,62906元/平,中楼层 (共5层) 3室1厅 | 77.1平米 | 南 北,https://ke-image.ljcdn.com/110000-inspection/62faeb0c-4938-456d-bfe8-fa955e1c6997_1000.jpg!m_fill,w_280,h_210,f_jpg?from=ke.com
20241011,朝阳,亮马桥,101126051948,三源里街 双南两居室 配套齐全 满五唯一,340万,54928元/平,高楼层 (共6层) | 1983年 | 2室1厅 | 61.9平米 | 南,https://ke-image.ljcdn.com/110000-inspection/5ac6fabe-43aa-4d4d-a464-e470d69f7875_1000.jpg!m_fill,w_280,h_210,f_jpg?from=ke.com
20241011,朝阳,亮马桥,101125919540,新源南路电梯房南向两居室 满五年有装修 看房方便,315万,64962元/平,低楼层 (共16层) | 1984年 | 2室1厅 | 48.49平米 | 南,https://ke-image.ljcdn.com/110000-inspection/acb2fa1f-fe14-45d9-ac3a-bc1ad626b01f_1000.jpg!m_fill,w_280,h_210,f_jpg?from=ke.com
20241011,朝阳,亮马桥,101125700435,精装修南北通透全明格局两居室看房随时。,299万,63187元/平,底层 (共5层) | 1977年 | 2室1厅 | 47.32平米 | 东南 西北,https://ke-image.ljcdn.com/110000-inspection/pc1_lt4sPo486_2.jpg!m_fill,w_280,h_210,f_jpg?from=ke.com
20241011,朝阳,亮马桥,101125691026,牛王庙 3室1厅 东南房主自荐,608万,75915元/平,底层 (共6层) | 1987年 | 3室1厅 | 80.09平米 | 东南,https://ke-image.ljcdn.com/110000-inspection/eeee2290-37a1-4607-aa83-6ccf6a0a36e7_1000.jpg!m_fill,w_280,h_210,f_jpg?from=ke.com
20241011,朝阳,亮马桥,101125602618,新源南路 亮马河畔 高层南向一居 满五唯一,300万,70689元/平,高楼层 (共16层) | 1985年 | 1室1厅 | 42.44平米 | 南,https://ke-image.ljcdn.com/110000-inspection/89f6280b-e44c-408e-8cc9-92b5cb1ae41c_1000.jpg!m_fill,w_280,h_210,f_jpg?from=ke.com
20241011,朝阳,亮马桥,101125574210,琨莎中心 2室1厅 东 西,400万,34923元/平,低楼层 (共24层) | 2006年 | 2室1厅 | 114.54平米 | 东 西,https://ke-image.ljcdn.com/110000-inspection/0b967a9d-c028-436d-a36e-842a76cb0fef_1000.jpg!m_fill,w_280,h_210,f_jpg?from=ke.com
20241011,朝阳,亮马桥,101125574125,琨莎中心 2室1厅 东 西,411万,34938元/平,低楼层 (共24层) | 2006年 | 2室1厅 | 117.64平米 | 东 西,https://ke-image.ljcdn.com/110000-inspection/pc1_bu7rjlmb9.jpg!m_fill,w_280,h_210,f_jpg?from=ke.com
20241011,朝阳,亮马桥,101125468208,新源街南北通透三居室 低楼层2000年建 看房方便,819万,61658元/平,底层 (共6层) 3室1厅 | 132.83平米 | 南 北,https://ke-image.ljcdn.com/110000-inspection/d77134fd-2686-4399-8617-a8ab27b04731_1000.jpg!m_fill,w_280,h_210,f_jpg?from=ke.com
20241011,朝阳,亮马桥,101125458265,新源街小区 双南两居室小区安静居住舒适房主自荐,275万,54792元/平,顶层 (共6层) 2室1厅 | 50.19平米 | 南,https://ke-image.ljcdn.com/110000-inspection/1b8d2b78-6be9-482b-81fa-6d457e51be5a_1000.jpg!m_fill,w_280,h_210,f_jpg?from=ke.com
20241011,朝阳,亮马桥,101125293641,三源里街 南北通透 1995年建成,280万,44930元/平,顶层 (共6层) 2室1厅 | 62.32平米 | 东南 西北,https://ke-image.ljcdn.com/110000-inspection/eae8df14-177d-45b5-a7a1-c19e3788cb9a_1000.jpg!m_fill,w_280,h_210,f_jpg?from=ke.com
20241011,朝阳,亮马桥,101125271320,电梯楼 高楼层 视野好 无遮挡 交通便利 配套好,370万,58591元/平,中楼层 (共16层) | 1984年 | 2室1厅 | 63.15平米 | 南,https://ke-image.ljcdn.com/110000-inspection/549c5a5e-d010-470e-b4d9-0214df31c475_1000.jpg!m_fill,w_280,h_210,f_jpg?from=ke.com
20241011,朝阳,亮马桥,101125105981,此房在小区中间全南向采光视野好,210万,56849元/平,顶层 (共6层) 1室1厅 | 36.94平米 | 东南,https://ke-image.ljcdn.com/110000-inspection/pc1_zandST6tL_2.jpg!m_fill,w_280,h_210,f_jpg?from=ke.com
20241011,朝阳,亮马桥,101124772075,新源里中间楼层满五年唯一精装修,400万,69748元/平,中楼层 (共5层) | 1966年 | 2室1厅 | 57.35平米 | 南 北,https://ke-image.ljcdn.com/110000-inspection/3375f1ca-66a7-425f-99b8-e3c08322ef33_1000.jpg!m_fill,w_280,h_210,f_jpg?from=ke.com
20241011,朝阳,亮马桥,101124582845,顺源里 新上三居室 南北通透 距离地铁近,518万,77314元/平,中楼层 (共6层) 3室1厅 | 67平米 | 南 北,https://ke-image.ljcdn.com/110000-inspection/d2c8c9de-81de-4f03-ab61-85fb261996ff_1000.jpg!m_fill,w_280,h_210,f_jpg?from=ke.com
20241011,朝阳,亮马桥,101124472916,三源里南小街 2室1厅 东南 西北,390万,63830元/平,高楼层 (共6层) | 1983年 | 2室1厅 | 61.1平米 | 东南 西北,https://ke-image.ljcdn.com/110000-inspection/pc1_NdiCcnOyX_2.jpg!m_fill,w_280,h_210,f_jpg?from=ke.com
20241011,朝阳,亮马桥,101124422048,新源街南北通透两居室采光视野好,362万,67803元/平,中楼层 (共6层) 2室0厅 | 53.39平米 | 南 北,https://ke-image.ljcdn.com/110000-inspection/a55fb135-55f1-44cb-b28d-b5029f485abe_1000.jpg!m_fill,w_280,h_210,f_jpg?from=ke.com
20241011,朝阳,亮马桥,101124421829,新源里生态小区 央企改造名单内 满五唯一 诚意出售房主自荐,310万,57017元/平,顶层 (共5层) 2室1厅 | 54.37平米 | 西南 东北,https://ke-image.ljcdn.com/110000-inspection/a0031a2c-96a6-417c-9ff3-6b6194fbfa9c_1000.jpg!m_fill,w_280,h_210,f_jpg?from=ke.com
20241011,朝阳,亮马桥,101124297288,三源里南小街小区 电梯一居室 有客厅,270万,59748元/平,中楼层 (共16层) | 1984年 | 1室1厅 | 45.19平米 | 西北,https://ke-image.ljcdn.com/110000-inspection/b877f6a7-8aa9-4592-9f21-97f63cb6eb30_1000.jpg!m_fill,w_280,h_210,f_jpg?from=ke.com
20241011,朝阳,亮马桥,101124285899,新源南路 1室1厅 南,330万,70423元/平,低楼层 (共16层) | 1982年 | 1室1厅 | 46.86平米 | 南,https://ke-image.ljcdn.com/110000-inspection/b6d5cf87-b8be-4d32-89e0-1210b1494480_1000.jpg!m_fill,w_280,h_210,f_jpg?from=ke.com
20241011,朝阳,亮马桥,101124102938,新源里东 南北通透 全明格局两居室 满五唯一,375万,65218元/平,中楼层 (共5层) 2室1厅 | 57.5平米 | 南 北,https://ke-image.ljcdn.com/110000-inspection/b41ea107-20e5-45ed-b5c5-6d5c8a21755b_1000.jpg!m_fill,w_280,h_210,f_jpg?from=ke.com
20241011,朝阳,亮马桥,101124091884,牛王庙 南北通透  满五年 格局好 配套齐全 交通便利,530万,51268元/平,中楼层 (共4层) 3室1厅 | 103.38平米 | 东南 西北,https://ke-image.ljcdn.com/110000-inspection/17bb7787-5650-4755-8032-96099cdc255f_1000.jpg!m_fill,w_280,h_210,f_jpg?from=ke.com
20241011,朝阳,亮马桥,101124081426,新源里东小区 小区安静 采光好 居住舒适,330万,58079元/平,顶层 (共5层) 2室1厅 | 56.82平米 | 南 北,https://ke-image.ljcdn.com/110000-inspection/pc1_e94g4HclO.jpg!m_fill,w_280,h_210,f_jpg?from=ke.com
20241011,朝阳,亮马桥,101124047629,朝阳示范社区 外交人员服务局分房 2层不临街 环境好房主自荐,380万,61769元/平,低楼层 (共6层) 2室1厅 | 61.52平米 | 东南 西北,https://ke-image.ljcdn.com/110000-inspection/a69dbbe3-4f4a-4b17-a7ca-0240285adec3_1000.jpg!m_fill,w_280,h_210,f_jpg?from=ke.com
20241011,朝阳,亮马桥,101124046344,整屋博洛尼精装 中层 南北通透三居室  三源里街,490万,62894元/平,中楼层 (共6层) 3室1厅 | 77.91平米 | 南 北,https://ke-image.ljcdn.com/110000-inspection/bed87c1e-a777-49e5-9881-d0bf86a334e6_1000.jpg!m_fill,w_280,h_210,f_jpg?from=ke.com
20241011,朝阳,亮马桥,101123926185,三源里南小街  两居 高楼层有电梯 视野采光好 配套好,329万,64815元/平,高楼层 (共12层) | 1993年 | 2室1厅 | 50.76平米 | 西南,https://ke-image.ljcdn.com/110000-inspection/003b93d4-4366-448f-85f5-07b08808ce6c_1000.jpg!m_fill,w_280,h_210,f_jpg?from=ke.com
20241011,朝阳,亮马桥,101123803433,新源里西 精装修  中间层两居室,380万,74966元/平,中楼层 (共5层) 2室1厅 | 50.69平米 | 南,https://ke-image.ljcdn.com/110000-inspection/ebc6dd99-1f2f-4aee-a654-1157f884e9f9_1000.jpg!m_fill,w_280,h_210,f_jpg?from=ke.com
20241011,朝阳,亮马桥,101123772874,交通便利采光充足配套设施齐全,298万,71652元/平,高楼层 (共6层) | 1984年 | 1室1厅 | 41.59平米 | 南,https://ke-image.ljcdn.com/110000-inspection/pc1_6drVv4g92_3.jpg!m_fill,w_280,h_210,f_jpg?from=ke.com
20241011,朝阳,亮马桥,101123740608,三元桥 新源南路 钢混电梯直达 正南向一居 诚心出售房主自荐,315万,74223元/平,低楼层 (共16层) | 1985年 | 1室1厅 | 42.44平米 | 南,https://ke-image.ljcdn.com/110000-inspection/pc1_nQ6wEOtjM_2.jpg!m_fill,w_280,h_210,f_jpg?from=ke.com
20241011,朝阳,亮马桥,101123685555,新上南北通透两居满五年唯一精装修 中间层有厅,410万,68966元/平,中楼层 (共6层) | 1983年 | 2室1厅 | 59.45平米 | 东南 西北,https://ke-image.ljcdn.com/110000-inspection/5ee6d3a2-63d7-4cd4-8c5d-10ce6047bee2_1000.jpg!m_fill,w_280,h_210,f_jpg?from=ke.com
20241011,朝阳,亮马桥,101123682241,三源里南小街南北通透户型方正1,640万,83356元/平,底层 (共6层) | 1984年 | 3室1厅 | 76.78平米 | 东南 西北,https://ke-image.ljcdn.com/110000-inspection/2302caee-ed80-40fc-98cf-0f6a005680fe_1000.jpg!m_fill,w_280,h_210,f_jpg?from=ke.com
20241011,朝阳,亮马桥,101123546767,采光充足配套设施齐全交通便利,275万,76967元/平,中楼层 (共5层) | 1977年 | 1室1厅 | 35.73平米 | 南,https://ke-image.ljcdn.com/110000-inspection/45bccee2-f8f1-4cb0-8248-099def4171e7_1000.jpg!m_fill,w_280,h_210,f_jpg?from=ke.com
20241011,朝阳,亮马桥,101123544004,三源里南小街双南两居室 小区安静 居住舒适,341万,61787元/平,低楼层 (共6层) 2室1厅 | 55.19平米 | 南,https://ke-image.ljcdn.com/110000-inspection/pc1_4N8hHLrUt.jpg!m_fill,w_280,h_210,f_jpg?from=ke.com
20241011,朝阳,亮马桥,101123504639,中间楼层不临街新源街小区诚意出售,386万,67365元/平,中楼层 (共6层) | 1983年 | 2室1厅 | 57.3平米 | 东南 西北,https://ke-image.ljcdn.com/110000-inspection/3ba37c33-f34a-443f-9d65-ff2be7acafb1_1000.jpg!m_fill,w_280,h_210,f_jpg?from=ke.com
20241011,朝阳,亮马桥,101123315784,新源南路 3室1厅 西 北,528万,65713元/平,低楼层 (共16层) | 1982年 | 3室1厅 | 80.35平米 | 西 北,https://ke-image.ljcdn.com/110000-inspection/79bde2b0-035f-4d73-a9ea-7e785b4b921f_1000.jpg!m_fill,w_280,h_210,f_jpg?from=ke.com
20241011,朝阳,亮马桥,101123278448,视野开阔采光充足配套设施齐全交通便利,350万,66013元/平,中楼层 (共12层) | 1993年 | 2室1厅 | 53.02平米 | 西南,https://ke-image.ljcdn.com/110000-inspection/9442d1e8-bd1a-4359-b12f-204b8e9f1bad_1000.jpg!m_fill,w_280,h_210,f_jpg?from=ke.com
20241011,朝阳,亮马桥,101123276592,新源街 2室1厅 东北 西南,394万,72360元/平,低楼层 (共6层) 2室1厅 | 54.45平米 | 东北 西南,https://ke-image.ljcdn.com/110000-inspection/9373d599-1e17-44bb-98e1-b692b9f6c5aa_1000.jpg!m_fill,w_280,h_210,f_jpg?from=ke.com
20241011,朝阳,亮马桥,101123273220,南北通透格局采光充足交通便利配套设施齐全,550万,81145元/平,中楼层 (共5层) 3室1厅 | 67.78平米 | 南 北,https://ke-image.ljcdn.com/110000-inspection/caea1103-0c2e-41d4-b7a6-04b3e5c038cd_1000.jpg!m_fill,w_280,h_210,f_jpg?from=ke.com
20241011,朝阳,亮马桥,101123237089,三元桥 三源里 花园式社区 精装修 近中心广场 诚意卖房主自荐,399万,66790元/平,顶层 (共6层) 2室1厅 | 59.74平米 | 东南 西北,https://ke-image.ljcdn.com/110000-inspection/a2259cd4-5be4-496c-839e-b69cfe0cbadd_1000.jpg!m_fill,w_280,h_210,f_jpg?from=ke.com
20241011,朝阳,亮马桥,101123194161,新源街 不临街 采光好 户型方正房主自荐,336万,59734元/平,底层 (共16层) | 1984年 | 2室1厅 | 56.25平米 | 南 西,https://ke-image.ljcdn.com/110000-inspection/pc1_p4l3pmtBI_1.jpg!m_fill,w_280,h_210,f_jpg?from=ke.com
20241011,朝阳,亮马桥,101123063001,钢混结构只有契税精装修东南向采光好房主自荐,246万,65391元/平,顶层 (共6层) | 1983年 | 1室1厅 | 37.62平米 | 东南,https://ke-image.ljcdn.com/110000-inspection/c69a0e7e-7b99-4d22-ac60-e91be40a32f5_1000.jpg!m_fill,w_280,h_210,f_jpg?from=ke.com
20241011,朝阳,亮马桥,101123018219,三元桥 花园式社区 下楼即花园 满五年 两居半 诚意卖房主自荐,412万,62978元/平,顶层 (共12层) | 1993年 | 2室1厅 | 65.42平米 | 东南 西北,https://ke-image.ljcdn.com/110000-inspection/32e9efcf-5570-4f8c-bcac-d76c15c23ca7_1000.jpg!m_fill,w_280,h_210,f_jpg?from=ke.com
20241011,朝阳,亮马桥,101122969199,三元桥 新源里 91年楼龄新 小区中间 不临街 诚意出售房主自荐,390万,82192元/平,顶层 (共6层) | 1991年 | 1室1厅 | 47.45平米 | 西南 东北,https://ke-image.ljcdn.com/110000-inspection/d4b17efe-08ce-40af-9760-0fb501f0ed55_1000.jpg!m_fill,w_280,h_210,f_jpg?from=ke.com
20241011,朝阳,亮马桥,101122967491,新源里东 中间楼层两居室 管理好 配套齐全房主自荐,350万,64481元/平,中楼层 (共5层) 2室1厅 | 54.28平米 | 东南,https://ke-image.ljcdn.com/110000-inspection/e9a7557f-2b4e-4d52-a0d6-1cf980be9257_1000.jpg!m_fill,w_280,h_210,f_jpg?from=ke.com
20241011,朝阳,亮马桥,101122897966,新源里东 南北通透两居室 中间楼层 安静不临街,370万,65268元/平,中楼层 (共5层) 2室1厅 | 56.69平米 | 南 北,https://ke-image.ljcdn.com/110000-inspection/d5ef2ad8-6c95-4537-9769-b5fc9c9d05c7_1000.jpg!m_fill,w_280,h_210,f_jpg?from=ke.com
20241011,朝阳,亮马桥,101122841186,新源街 南北通透 小区中间不临街,285万,52342元/平,顶层 (共6层) | 1982年 | 2室1厅 | 54.45平米 | 南 北,https://ke-image.ljcdn.com/110000-inspection/fde25c3a-4a1f-487c-8224-a71a05829b1e_1000.jpg!m_fill,w_280,h_210,f_jpg?from=ke.com
20241011,朝阳,亮马桥,101122718578,琨莎中心 1室0厅 东,443万,38023元/平,高楼层 (共24层) | 2006年 | 1室0厅 | 116.51平米 | 东,https://ke-image.ljcdn.com/110000-inspection/b3127bca-5740-4e9f-b55b-239e6ee389f8_1000.jpg!m_fill,w_280,h_210,f_jpg?from=ke.com
20241011,朝阳,亮马桥,101122713481,顺源里小区亮马河一路之隔一层小三居地铁站300米,370万,69419元/平,底层 (共6层) 3室1厅 | 53.3平米 | 东,https://ke-image.ljcdn.com/110000-inspection/d581e407-b12d-42d9-a4fd-3cf98fe17f6b_1000.jpg!m_fill,w_280,h_210,f_jpg?from=ke.com
20241011,朝阳,亮马桥,101122683356,新源南路  北向三居 大客厅 不临街 视野好 配套齐全,470万,72610元/平,高楼层 (共17层) 3室1厅 | 64.73平米 | 东 西 北,https://ke-image.ljcdn.com/110000-inspection/2af75af6-8042-430f-86c1-89b653918a2e_1000.jpg!m_fill,w_280,h_210,f_jpg?from=ke.com
20241011,朝阳,亮马桥,101122652467,南北通透采光充足配套设施齐全交通便利,452万,73857元/平,中楼层 (共6层) 2室1厅 | 61.2平米 | 东南 西北,https://ke-image.ljcdn.com/110000-inspection/pc1_95irF6Oqi_2.jpg!m_fill,w_280,h_210,f_jpg?from=ke.com
20241011,朝阳,亮马桥,101122591602,三源里南小街双南眼镜房钢混结构配套齐全,310万,59479元/平,底层 (共5层) | 1982年 | 2室1厅 | 52.12平米 | 东南,https://ke-image.ljcdn.com/110000-inspection/1fa2078c-b82e-4ac1-ab65-8c2e805b96f3_1000.jpg!m_fill,w_280,h_210,f_jpg?from=ke.com
20241011,朝阳,亮马桥,101122001812,三源里街小区满五唯一南向大一居室中间楼层,405万,61179元/平,中楼层 (共6层) 1室1厅 | 66.2平米 | 东南,https://ke-image.ljcdn.com/110000-inspection/9f36ec77-1e18-4b31-bcbf-1fc46d5ece5a_1000.jpg!m_fill,w_280,h_210,f_jpg?from=ke.com
20241011,朝阳,亮马桥,101121795006,新源街 南北通透两居室 满五年,330万,57392元/平,顶层 (共6层) | 1983年 | 2室1厅 | 57.5平米 | 南 北,https://ke-image.ljcdn.com/110000-inspection/f37de41e-3ebf-4661-a4e9-fb72b00b5e1d_1000.jpg!m_fill,w_280,h_210,f_jpg?from=ke.com
20241011,朝阳,亮马桥,101121738423,三源里街小区南北通透中间层大三居,480万,66946元/平,高楼层 (共6层) 3室1厅 | 71.7平米 | 东南 西北,https://ke-image.ljcdn.com/110000-inspection/f36d4f8e-7e64-4fb3-8af6-57c74b8b532f_1000.jpg!m_fill,w_280,h_210,f_jpg?from=ke.com
20241011,朝阳,亮马桥,101121491342,三源里街 南向一居 高楼层 有电梯 视野采光好,316万,68414元/平,高楼层 (共16层) 1室1厅 | 46.19平米 | 东南,https://ke-image.ljcdn.com/110000-inspection/pc1_hMUXOiIM8.jpg!m_fill,w_280,h_210,f_jpg?from=ke.com
20241011,朝阳,亮马桥,101121330534,新源街小区 南北四居室 小区安静 居住舒适,650万,81291元/平,中楼层 (共6层) 4室1厅 | 79.96平米 | 南 北,https://ke-image.ljcdn.com/110000-inspection/10a2d1b6-bd4b-4588-ba5a-7d4a0cd766c7_1000.jpg!m_fill,w_280,h_210,f_jpg?from=ke.com
20241011,朝阳,亮马桥,101121054928,三元桥 新源里 接地气一层 不临街 平安示范社区房主自荐,596万,81288元/平,底层 (共5层) 3室1厅 | 73.32平米 | 南,https://ke-image.ljcdn.com/110000-inspection/3075c88c-4372-4449-991c-c05375f6af87_1000.jpg!m_fill,w_280,h_210,f_jpg?from=ke.com
20241011,朝阳,亮马桥,101120927774,三源里街小区朝南一居室 视野好 小区安静房主自荐,310万,67115元/平,高楼层 (共16层) | 1983年 | 1室1厅 | 46.19平米 | 南,https://ke-image.ljcdn.com/110000-inspection/08d77ac5-cadb-4a8d-92da-6705a649f40c_1000.jpg!m_fill,w_280,h_210,f_jpg?from=ke.com
20241011,朝阳,亮马桥,101120876240,三源里街小区 朝南两居室 小区安静,397万,66926元/平,低楼层 (共16层) | 1982年 | 2室1厅 | 59.32平米 | 南,https://ke-image.ljcdn.com/110000-inspection/7af6eceb-e48f-4dda-81e6-b57a7376ad25_1000.jpg!m_fill,w_280,h_210,f_jpg?from=ke.com
20241011,朝阳,亮马桥,101120873706,顺源里 双南向两居室 钢混结构 采光充足,314万,69903元/平,底层 (共12层) | 1984年 | 2室1厅 | 44.92平米 | 东南,https://ke-image.ljcdn.com/110000-inspection/cc27abf4-d7fc-4abd-8d71-18f82010b4a9_1000.jpg!m_fill,w_280,h_210,f_jpg?from=ke.com
20241011,朝阳,亮马桥,101120636570,三元东桥 三源里商务部南北两居室 诚心卖,385万,64403元/平,低楼层 (共6层) 2室1厅 | 59.78平米 | 南 北,https://ke-image.ljcdn.com/110000-inspection/pc1_3GKUxgi2t.jpg!m_fill,w_280,h_210,f_jpg?from=ke.com
20241011,朝阳,亮马桥,101120572466,三元桥新源街钢混三居前后不临街花园式社区,600万,74954元/平,高楼层 (共6层) 3室1厅 | 80.05平米 | 南 北,https://ke-image.ljcdn.com/110000-inspection/6f604b3b-52c1-424c-99e4-bb7240fb1535_1000.jpg!m_fill,w_280,h_210,f_jpg?from=ke.com
20241011,朝阳,亮马桥,101119771080,南北两居室中间楼层配套设施齐全交通便利,295万,58393元/平,中楼层 (共5层) | 1977年 | 2室1厅 | 50.52平米 | 南 北,https://ke-image.ljcdn.com/110000-inspection/62331032-977e-4237-9dbf-3fa2bff66890_1000.jpg!m_fill,w_280,h_210,f_jpg?from=ke.com
20241011,朝阳,亮马桥,101119688630,新源南路大两居亮马河边满五年,425万,69230元/平,底层 (共16层) | 1982年 | 2室1厅 | 61.39平米 | 南 西,https://ke-image.ljcdn.com/110000-inspection/pc1_5FZ95yi6P_2.jpg!m_fill,w_280,h_210,f_jpg?from=ke.com
20241011,朝阳,亮马桥,101119619226,三元桥 新源街 花园式社区 满五唯一全南两居 诚意出售,370万,72564元/平,顶层 (共6层) 2室1厅 | 50.99平米 | 东南,https://ke-image.ljcdn.com/110000-inspection/c8ffe666-64fb-45fe-8c1d-2f396fa795b9_1000.jpg!m_fill,w_280,h_210,f_jpg?from=ke.com
20241011,朝阳,亮马桥,101117733905,新源街 南北通透 两居 低楼层 不临街 配套齐全,420万,77995元/平,底层 (共6层) | 1984年 | 2室1厅 | 53.85平米 | 东南 西北,https://ke-image.ljcdn.com/110000-inspection/pc1_DPOFnhUyJ.jpg!m_fill,w_280,h_210,f_jpg?from=ke.com
20241011,朝阳,亮马桥,101116923340,亮马河畔 满五年 低楼层南向一居室近地铁,270万,74401元/平,低楼层 (共6层) | 1981年 | 1室1厅 | 36.29平米 | 南,https://ke-image.ljcdn.com/110000-inspection/pc1_n4xzKR35o_2.jpg!m_fill,w_280,h_210,f_jpg?from=ke.com
20241011,朝阳,亮马桥,101116359332,新源街 小区中间位置两居室 拐角阳台房主自荐,350万,55653元/平,低楼层 (共16层) 2室1厅 | 62.89平米 | 西南,https://ke-image.ljcdn.com/110000-inspection/pc1_1bb4y20kS.jpg!m_fill,w_280,h_210,f_jpg?from=ke.com
20241011,朝阳,亮马桥,101116114151,南向套间户型楼层高有电梯采光好。,350万,66288元/平,顶层 (共12层) | 1993年 | 2室1厅 | 52.8平米 | 西南,https://ke-image.ljcdn.com/110000-inspection/pc1_RI5cZjBRg_2.jpg!m_fill,w_280,h_210,f_jpg?from=ke.com
20241011,朝阳,亮马桥,101114503249,儒林苑 总高七层 带电梯 一梯两户 通透户型,1050万,79970元/平,高楼层 (共7层) 2室1厅 | 131.3平米 | 东南 西北,https://ke-image.ljcdn.com/110000-inspection/f1e51b58-c495-4716-b9a8-83e32293874e_1000.jpg!m_fill,w_280,h_210,f_jpg?from=ke.com
20241011,朝阳,亮马桥,101126966702,三源里南小街 1室1厅 西南新上,256万,56688元/平,中楼层 (共12层) | 1983年 | 1室1厅 | 45.16平米 | 西南,https://ke-image.ljcdn.com/110000-inspection/pc1_SQPEY68k6.jpg!m_fill,w_280,h_210,f_jpg?from=ke.com
20241011,朝阳,亮马桥,101126837562,新源里社区低楼层两居室不临街无遮挡户型方正！,365万,61191元/平,中楼层 (共5层) 2室1厅 | 59.65平米 | 西南,https://ke-image.ljcdn.com/110000-inspection/pc1_3sg9QvnNK_2.jpg!m_fill,w_280,h_210,f_jpg?from=ke.com
20241011,朝阳,亮马桥,101126661712,星源汇 亮马河畔 2009年品质一居 不临街,680万,92986元/平,低楼层 (共16层) | 2009年 | 1室1厅 | 73.13平米 | 西,https://ke-image.ljcdn.com/110000-inspection/67bf0958-0dff-4229-845d-c7b2c01e2588_1000.jpg!m_fill,w_280,h_210,f_jpg?from=ke.com
20241011,朝阳,亮马桥,101126543315,三源里南小街小区 中层 南北通透 采光好 随时可看,375万,61355元/平,中楼层 (共6层) | 1984年 | 2室1厅 | 61.12平米 | 南 北,https://ke-image.ljcdn.com/110000-inspection/3d263d1b-5a66-4eb1-a8c4-e503d4aaf785_1000.jpg!m_fill,w_280,h_210,f_jpg?from=ke.com
20241011,朝阳,亮马桥,101126539558,顺源里 正南正北 通透3居室 小区中间位置近地铁,360万,63470元/平,高楼层 (共6层) | 1984年 | 3室1厅 | 56.72平米 | 南 北,https://ke-image.ljcdn.com/110000-inspection/pc1_qXf8X01gm.jpg!m_fill,w_280,h_210,f_jpg?from=ke.com
20241011,朝阳,亮马桥,101126410830,新源街 2室1厅 南 北,340万,62975元/平,底层 (共6层) 2室1厅 | 53.99平米 | 南 北,https://ke-image.ljcdn.com/110000-inspection/24b27ce6-1c54-4332-9981-f05f853448d9_1000.jpg!m_fill,w_280,h_210,f_jpg?from=ke.com
20241011,朝阳,亮马桥,101126351713,三源里双南两居中低层中间位置花园式社区,340万,61572元/平,低楼层 (共6层) 2室1厅 | 55.22平米 | 南,https://ke-image.ljcdn.com/110000-inspection/1316f0ac-d1be-401f-9d5b-0f3384c35f50_1000.jpg!m_fill,w_280,h_210,f_jpg?from=ke.com
20241011,朝阳,亮马桥,101126351194,三源里南北两居中低层中间位置花园式社区,398万,66334元/平,低楼层 (共6层) 2室1厅 | 60平米 | 东南 南 北,https://ke-image.ljcdn.com/110000-inspection/aaec83d6-3321-4ea7-9142-9778a9f2626a_1000.jpg!m_fill,w_280,h_210,f_jpg?from=ke.com
20241011,朝阳,亮马桥,101126332742,1995年楼龄 满五唯一 户型方正 采光视野好,382万,47091元/平,顶层 (共6层) | 1995年 | 2室1厅 | 81.12平米 | 西南,https://ke-image.ljcdn.com/110000-inspection/pc1_CXKY80BXZ_2.jpg!m_fill,w_280,h_210,f_jpg?from=ke.com
20241011,朝阳,亮马桥,101126332541,新源街小区两居室 双南卧室2层低楼居住舒适交通便利,355万,64971元/平,低楼层 (共6层) | 1980年 | 2室1厅 | 54.64平米 | 西南,https://ke-image.ljcdn.com/110000-inspection/pc1_PbDzAH0q8.jpg!m_fill,w_280,h_210,f_jpg?from=ke.com
20241011,朝阳,亮马桥,101126307356,嘉里星源汇 满五唯一 诚售东向一居 看房随时,660万,85162元/平,低楼层 (共16层) | 2009年 | 1室1厅 | 77.5平米 | 东,https://ke-image.ljcdn.com/110000-inspection/pc1_VJ7iJnU70_2.jpg!m_fill,w_280,h_210,f_jpg?from=ke.com
20241011,朝阳,亮马桥,101126204475,三源里街 2室1厅 东南,450万,66647元/平,中楼层 (共6层) 2室1厅 | 67.52平米 | 东南,https://ke-image.ljcdn.com/110000-inspection/3a45f2d8-adc5-4b19-83d2-192bf10a2b6f_1000.jpg!m_fill,w_280,h_210,f_jpg?from=ke.com
20241011,朝阳,亮马桥,101126116398,星源汇 1室1厅 西,710万,99287元/平,中楼层 (共16层) | 2009年 | 1室1厅 | 71.51平米 | 西,https://ke-image.ljcdn.com/110000-inspection/61a6be32-308a-4b84-a1ab-f0d1289fe40b_1000.jpg!m_fill,w_280,h_210,f_jpg?from=ke.com
20241011,朝阳,亮马桥,101126090900,顺源里精装两居室无遮挡采光好满五唯一,294万,51309元/平,顶层 (共6层) 2室1厅 | 57.3平米 | 东 西,https://ke-image.ljcdn.com/110000-inspection/f7353cce-fde0-4d42-9ecb-8aa95700639a_1000.jpg!m_fill,w_280,h_210,f_jpg?from=ke.com
20241011,朝阳,亮马桥,101126018944,双南朝向格局采光好视野宽阔配套设施齐全。房主自荐,360万,70741元/平,中楼层 (共12层) | 1983年 | 2室1厅 | 50.89平米 | 西南,https://ke-image.ljcdn.com/110000-inspection/pc1_mDcGt6wyK_2.jpg!m_fill,w_280,h_210,f_jpg?from=ke.com
20241011,朝阳,亮马桥,101125834542,新源南路 大三居 有电梯 满五唯一 配套齐全,478万,63632元/平,中楼层 (共16层) | 1984年 | 3室1厅 | 75.12平米 | 东北,https://ke-image.ljcdn.com/110000-inspection/b05b084a-2f78-44fc-aa3a-4c832ed2ec4f_1000.jpg!m_fill,w_280,h_210,f_jpg?from=ke.com
20241011,朝阳,亮马桥,101125786499,燕莎区域 亮马河畔  北京公馆 东向大一居室 精装房主自荐,980万,74452元/平,低楼层 (共26层) 1室1厅 | 131.63平米 | 东,https://ke-image.ljcdn.com/110000-inspection/pc1_rmqmv6qGN_2.jpg!m_fill,w_280,h_210,f_jpg?from=ke.com
20241011,朝阳,亮马桥,101125665962,星源汇 亮马河 南向大一居 中间楼层 安静不临街,995万,107232元/平,中楼层 (共16层) | 2009年 | 1室1厅 | 92.79平米 | 南 西,https://ke-image.ljcdn.com/110000-inspection/pc1_IgBNM58Nb_2.jpg!m_fill,w_280,h_210,f_jpg?from=ke.com
20241011,朝阳,亮马桥,101125652657,楼层高视野开阔配套设施齐全交通便利房主自荐,398万,66037元/平,顶层 (共6层) 3室1厅 | 60.27平米 | 南 北,https://ke-image.ljcdn.com/110000-inspection/9a36017d-a6c1-4528-89da-c7e472d83fc0_1000.jpg!m_fill,w_280,h_210,f_jpg?from=ke.com
20241011,朝阳,亮马桥,101125630037,新源街 通透两居室 通风好  采光足 双阳台,380万,59562元/平,高楼层 (共6层) | 1980年 | 2室1厅 | 63.8平米 | 西南 东北,https://ke-image.ljcdn.com/110000-inspection/pc1_Oai8y9nCG.jpg!m_fill,w_280,h_210,f_jpg?from=ke.com
20241011,朝阳,亮马桥,101125279714,三源里街小区三居室带电梯小区居住舒适交通便利,495万,66408元/平,低楼层 (共16层) 3室1厅 | 74.54平米 | 西南 西北,https://ke-image.ljcdn.com/110000-inspection/pc1_NrHlsPigB_2.jpg!m_fill,w_280,h_210,f_jpg?from=ke.com
20241011,朝阳,亮马桥,101125112816,急售带衣帽间带租约带衣帽间不对视保养好,620万,80898元/平,低楼层 (共18层) | 2009年 | 1室1厅 | 76.64平米 | 西,https://ke-image.ljcdn.com/110000-inspection/2232d7d2-c8d9-45b6-979d-6ee7e9ee2f34_1000.jpg!m_fill,w_280,h_210,f_jpg?from=ke.com
20241011,朝阳,亮马桥,101125112357,星源汇  精装修 中间层  带衣帽间,720万,93946元/平,中楼层 (共18层) | 2009年 | 1室1厅 | 76.64平米 | 西,https://ke-image.ljcdn.com/110000-inspection/9d76e6a6-6c59-46f7-9c1c-901f312f18b3_1000.jpg!m_fill,w_280,h_210,f_jpg?from=ke.com
20241011,朝阳,亮马桥,101125083484,北京公馆 全新精装修 属于年轻人的浪漫 可直接入住,1720万,77920元/平,中楼层 (共29层) 2室2厅 | 220.74平米 | 西,https://ke-image.ljcdn.com/110000-inspection/pc1_DIcirsWM4_3.jpg!m_fill,w_280,h_210,f_jpg?from=ke.com
20241011,朝阳,亮马桥,101124936648,南北两居精装修保养棒诚意出售。,345万,63361元/平,顶层 (共6层) | 1982年 | 2室1厅 | 54.45平米 | 东南 西北,https://ke-image.ljcdn.com/110000-inspection/pc1_y3Y4MyMD3.jpg!m_fill,w_280,h_210,f_jpg?from=ke.com
20241011,朝阳,亮马桥,101124843732,新源街小区 三居室不临街小区安静,850万,63245元/平,顶层 (共6层) 3室2厅 | 134.4平米 | 南 北,https://ke-image.ljcdn.com/110000-inspection/f978e924-faa9-4c26-99a2-1de9182f8588_1000.jpg!m_fill,w_280,h_210,f_jpg?from=ke.com
20241011,朝阳,亮马桥,101124459968,燕莎星源汇亮马河畔高品质社区免费会所,735万,96902元/平,中楼层 (共16层) | 2009年 | 1室1厅 | 75.85平米 | 东 北,https://ke-image.ljcdn.com/110000-inspection/2e1ab504-4d8c-4ba9-b53f-5c111f260f68_1000.jpg!m_fill,w_280,h_210,f_jpg?from=ke.com
20241011,朝阳,亮马桥,101124424372,星源汇 1室1厅 南,765万,90415元/平,低楼层 (共16层) | 2009年 | 1室1厅 | 84.61平米 | 南,https://ke-image.ljcdn.com/110000-inspection/pc1_E2fAVGXQt_3.jpg!m_fill,w_280,h_210,f_jpg?from=ke.com
20241011,朝阳,亮马桥,101124397906,亮马桥 北京公馆 户型方正两居室  大客厅,1600万,72484元/平,中楼层 (共29层) 2室1厅 | 220.74平米 | 西,https://ke-image.ljcdn.com/110000-inspection/16a38a94-e436-41e2-94b8-325f43debcd4_1000.jpg!m_fill,w_280,h_210,f_jpg?from=ke.com
20241011,朝阳,亮马桥,101124196428,燕莎区域  全新精装修  大两居室 直接拎包入住,1750万,79279元/平,中楼层 (共29层) 2室2厅 | 220.74平米 | 西,https://ke-image.ljcdn.com/110000-inspection/1532cca6-903f-43b1-ba3c-37dccabc192b_1000.jpg!m_fill,w_280,h_210,f_jpg?from=ke.com
20241011,朝阳,亮马桥,101123998363,北京公馆 东向 高层小两居室  户型方正 视野开阔,1320万,92541元/平,高楼层 (共26层) 2室1厅 | 142.64平米 | 东,https://ke-image.ljcdn.com/110000-inspection/a71deca0-7614-49d2-98e7-15fccdb21952_1000.jpg!m_fill,w_280,h_210,f_jpg?from=ke.com
20241011,朝阳,亮马桥,101123981129,SOHO北京公馆 4室2厅 南 北,2635万,84905元/平,中楼层 (共26层) 4室2厅 | 310.35平米 | 南 北,https://ke-image.ljcdn.com/110000-inspection/pc1_W4j3sAHxD_2.jpg!m_fill,w_280,h_210,f_jpg?from=ke.com
20241011,朝阳,亮马桥,101123981063,燕莎 亮马桥 新装大平层 新装修 随时可以拎包入住,1790万,68423元/平,中楼层 (共26层) 3室2厅 | 261.61平米 | 南,https://ke-image.ljcdn.com/110000-inspection/pc1_1mjd3VpuI_2.jpg!m_fill,w_280,h_210,f_jpg?from=ke.com
20241011,朝阳,亮马桥,101123965263,燕莎 三室两厅一厨两卫 适合三世同堂 看房有钥匙房主自荐,1290万,73778元/平,低楼层 (共22层) | 2000年 | 3室2厅 | 174.85平米 | 南 北,https://ke-image.ljcdn.com/110000-inspection/e9b9f83a-87b6-4965-9eb1-c54d705c10c7_1000.jpg!m_fill,w_280,h_210,f_jpg?from=ke.com
20241011,朝阳,亮马桥,101123960894,95年楼龄楼龄新小两居采光好楼下公园,270万,53234元/平,顶层 (共6层) 2室1厅 | 50.72平米 | 西南,https://ke-image.ljcdn.com/110000-inspection/3fc5de7b-9447-4b7f-bc2f-9bb906967528_1000.jpg!m_fill,w_280,h_210,f_jpg?from=ke.com
20241011,朝阳,亮马桥,101123941868,北京公馆 特殊户型 东南两居室 带阳台 适合做艺术房主自荐,1600万,86361元/平,低楼层 (共26层) 2室1厅 | 185.27平米 | 东南 东 南,https://ke-image.ljcdn.com/110000-inspection/pc1_qqp6r8pnG_1.jpg!m_fill,w_280,h_210,f_jpg?from=ke.com
20241011,朝阳,亮马桥,101123601033,三源里街小区南北两居室 采光好,370万,60936元/平,顶层 (共6层) | 1982年 | 2室1厅 | 60.72平米 | 南,https://ke-image.ljcdn.com/110000-inspection/6250d494-bc40-4e78-904d-b032ac6124ed_1000.jpg!m_fill,w_280,h_210,f_jpg?from=ke.com
20241011,朝阳,亮马桥,101123490978,新源街小区 朝南两居室 小区安静居住舒适,380万,69853元/平,底层 (共16层) 2室0厅 | 54.4平米 | 南,https://ke-image.ljcdn.com/110000-inspection/01ed3148-59b4-461f-87a4-f20e8e95569f_1000.jpg!m_fill,w_280,h_210,f_jpg?from=ke.com
20241011,朝阳,亮马桥,101123444921,亮马河边  2000年商品房 南北通透三居 适合一家人,1450万,82929元/平,低楼层 (共20层) 3室2厅 | 174.85平米 | 南 北,https://ke-image.ljcdn.com/110000-inspection/pc1_vcHYTsJBS_2.jpg!m_fill,w_280,h_210,f_jpg?from=ke.com
20241011,朝阳,亮马桥,101123383217,三源里街 化工部央产楼 南北一居室 业主诚售,287万,73628元/平,底层 (共12层) 1室1厅 | 38.98平米 | 南 北,https://ke-image.ljcdn.com/110000-inspection/pc1_rDbwIidVZ.jpg!m_fill,w_280,h_210,f_jpg?from=ke.com
20241011,朝阳,亮马桥,101123361040,星源汇低  总价一居保养好看房有钥匙,690万,90504元/平,低楼层 (共18层) | 2009年 | 1室1厅 | 76.24平米 | 西 北,https://ke-image.ljcdn.com/110000-inspection/d031ed84-87a5-4d3f-aa2a-4cb53ddbab1a_1000.jpg!m_fill,w_280,h_210,f_jpg?from=ke.com
20241011,朝阳,亮马桥,101123292742,燕莎北京公馆高层南北大户型可直观亮马河房主自荐,1980万,64167元/平,高楼层 (共26层) 3室2厅 | 308.57平米 | 南 北,https://ke-image.ljcdn.com/110000-inspection/a2d2493b-4cb4-4a17-8192-22843e7b68f4_1000.jpg!m_fill,w_280,h_210,f_jpg?from=ke.com
20241011,朝阳,亮马桥,101123247485,三源里南小街 2室1厅 东南,438万,69801元/平,高楼层 (共16层) | 1984年 | 2室1厅 | 62.75平米 | 东南,https://ke-image.ljcdn.com/110000-inspection/64e0fa6f-dd22-4884-aadf-2fceef4df67b_1000.jpg!m_fill,w_280,h_210,f_jpg?from=ke.com
20241011,朝阳,亮马桥,101123068874,老业主委托新源里南北四室两卫楼龄新低楼层房主自荐,928万,73187元/平,中楼层 (共5层) 4室2厅 | 126.8平米 | 南 北,https://ke-image.ljcdn.com/110000-inspection/9bc70a34-9e3e-4a63-a077-9609b3d23d1f_1000.jpg!m_fill,w_280,h_210,f_jpg?from=ke.com
20241011,朝阳,亮马桥,101122998050,星源汇南向一居大面宽客厅看房随时,848万,99718元/平,低楼层 (共18层) | 2009年 | 1室1厅 | 85.04平米 | 南 西,https://ke-image.ljcdn.com/110000-inspection/854b2930-98ec-465e-b351-89850c39c688_1000.jpg!m_fill,w_280,h_210,f_jpg?from=ke.com
20241011,朝阳,亮马桥,101122986248,顺源里南北通透两居室 满两年有装修看房方便,319万,56631元/平,顶层 (共6层) | 1982年 | 2室1厅 | 56.33平米 | 南 北,https://ke-image.ljcdn.com/110000-inspection/bced9d51-0214-449c-89a1-604590f9008a_1000.jpg!m_fill,w_280,h_210,f_jpg?from=ke.com
20241011,朝阳,亮马桥,101122978763,三源里南小街南北小三居室精装修,378万,60144元/平,高楼层 (共6层) 3室1厅 | 62.85平米 | 南 北,https://ke-image.ljcdn.com/110000-inspection/82210804-7633-4a2c-960d-932727a6cf8f_1000.jpg!m_fill,w_280,h_210,f_jpg?from=ke.com
20241011,朝阳,亮马桥,101122963087,琨莎中心 70年产权  户型方正,620万,38407元/平,中楼层 (共24层) | 2006年 | 3室1厅 | 161.43平米 | 东,https://ke-image.ljcdn.com/110000-inspection/pc1_SZnglXfGS_2.jpg!m_fill,w_280,h_210,f_jpg?from=ke.com
20241011,朝阳,亮马桥,101122959990,新源街 南向两居 满五年 高楼层 林业部管理好 配套好,408万,79393元/平,高楼层 (共12层) | 1980年 | 2室1厅 | 51.39平米 | 东南,https://ke-image.ljcdn.com/110000-inspection/pc1_nOD2ESVbI_2.jpg!m_fill,w_280,h_210,f_jpg?from=ke.com
20241011,朝阳,亮马桥,101122958828,新源里东 田字格三居中间楼层诚心卖不临街,519万,67755元/平,中楼层 (共5层) | 1965年 | 3室1厅 | 76.6平米 | 东南 西北,https://ke-image.ljcdn.com/110000-inspection/pc1_xRF9vOi2r.jpg!m_fill,w_280,h_210,f_jpg?from=ke.com
20241011,朝阳,亮马桥,101122957979,顺源里南北通透两居室 满五年中间楼层 采光无遮挡,448万,82475元/平,中楼层 (共6层) | 1982年 | 2室1厅 | 54.32平米 | 南 北,https://ke-image.ljcdn.com/110000-inspection/pc1_lnwBh6mKJ.jpg!m_fill,w_280,h_210,f_jpg?from=ke.com
20241011,朝阳,亮马桥,101122954840,三元桥 花园式社区 非直接顶层 带坡顶 满五唯一出售,380万,65631元/平,顶层 (共5层) 2室1厅 | 57.9平米 | 西南 东北,https://ke-image.ljcdn.com/110000-inspection/pc1_wduJV0thp.jpg!m_fill,w_280,h_210,f_jpg?from=ke.com
20241011,朝阳,亮马桥,101122871375,亮马河畔理想家园 SOHO北京公关 平层大宅 三居可住房主自荐,2320万,72869元/平,中楼层 (共26层) 3室2厅 | 318.38平米 | 东 西北,https://ke-image.ljcdn.com/110000-inspection/b965890a-88f8-4d6e-af78-396ca5eed9b1_1000.jpg!m_fill,w_280,h_210,f_jpg?from=ke.com
20241011,朝阳,亮马桥,101122829906,世方豪庭 舒适三居 尊享繁华创造品质生活,1190万,68059元/平,中楼层 (共22层) | 2000年 | 3室2厅 | 174.85平米 | 东南 西北,https://ke-image.ljcdn.com/110000-inspection/pc1_jodYdlHRi_2.jpg!m_fill,w_280,h_210,f_jpg?from=ke.com
20241011,朝阳,亮马桥,101122645839,新源里东  南北两居室 小区安静 居住舒适,410万,67579元/平,顶层 (共5层) | 1979年 | 2室1厅 | 60.67平米 | 南 北,https://ke-image.ljcdn.com/110000-inspection/pc1_ir2aPNzrr.jpg!m_fill,w_280,h_210,f_jpg?from=ke.com
20241011,朝阳,亮马桥,101122594163,新源街 3室1厅 东南 西北,380万,66679元/平,中楼层 (共6层) | 1982年 | 3室1厅 | 56.99平米 | 东南 西北,https://ke-image.ljcdn.com/110000-inspection/6f000522-0f30-4704-b70b-148412014213_1000.jpg!m_fill,w_280,h_210,f_jpg?from=ke.com
20241011,朝阳,亮马桥,101122533217,三源里街小区 一居室农业部家属楼 管理好,335万,73385元/平,低楼层 (共16层) | 1981年 | 1室1厅 | 45.65平米 | 南,https://ke-image.ljcdn.com/110000-inspection/612ceb3e-a7df-4bea-a9e3-78db4e20ebb5_1000.jpg!m_fill,w_280,h_210,f_jpg?from=ke.com
20241011,朝阳,亮马桥,101122523493,顺源里 电梯钢混结构 三居室 采光好,460万,73612元/平,顶层 (共12层) | 1984年 | 3室1厅 | 62.49平米 | 西南 东北,https://ke-image.ljcdn.com/110000-inspection/25de6732-2507-4a20-b348-fbd7dd2a69c3_1000.jpg!m_fill,w_280,h_210,f_jpg?from=ke.com
20241011,朝阳,亮马桥,101122510026,星源汇 东向大一居 视野开阔 中间楼层,805万,99383元/平,中楼层 (共16层) | 2009年 | 1室1厅 | 81平米 | 东,https://ke-image.ljcdn.com/110000-inspection/b60b85c6-433a-4dac-9403-57758b4d6eb3_1000.jpg!m_fill,w_280,h_210,f_jpg?from=ke.com
20241011,朝阳,亮马桥,101122433276,三元桥 十号线亮马桥 南北通透两居室  中高层房主自荐,416万,77714元/平,中楼层 (共6层) 2室1厅 | 53.53平米 | 南 北,https://ke-image.ljcdn.com/110000-inspection/c3f79521-d20c-4552-b35b-0d2e573c5c1d_1000.jpg!m_fill,w_280,h_210,f_jpg?from=ke.com
20241011,朝阳,亮马桥,101122370070,新源街 小三居 南北通透 有电梯 林业部管理 配套齐全,508万,82696元/平,中楼层 (共12层) 3室1厅 | 61.43平米 | 东南 西北,https://ke-image.ljcdn.com/110000-inspection/pc1_6oy9s6ZOO.jpg!m_fill,w_280,h_210,f_jpg?from=ke.com
20241011,朝阳,亮马桥,101122257084,星源汇东塔朝东观景一居室视野好独立厨房,900万,107733元/平,低楼层 (共18层) | 2009年 | 1室1厅 | 83.54平米 | 东,https://ke-image.ljcdn.com/110000-inspection/0f893a31-7568-4622-b556-c617d881ef9f_1000.jpg!m_fill,w_280,h_210,f_jpg?from=ke.com
20241011,朝阳,亮马桥,101122236651,三源里街小区南北通透低楼层采光视野无遮挡,425万,69072元/平,低楼层 (共6层) | 1995年 | 2室1厅 | 61.53平米 | 北 南,https://ke-image.ljcdn.com/110000-inspection/2c9d3016-2c35-4741-a8bc-217e56f4fabc_1000.jpg!m_fill,w_280,h_210,f_jpg?from=ke.com
20241011,朝阳,亮马桥,101122236107,星源汇全明一居室户型好视野开阔无遮挡诚意出售房主自荐,825万,95964元/平,低楼层 (共18层) | 2009年 | 1室1厅 | 85.97平米 | 东 北,https://ke-image.ljcdn.com/110000-inspection/ebb381c0-1b0c-464d-b669-f96b3041e34c_1000.jpg!m_fill,w_280,h_210,f_jpg?from=ke.com
20241011,朝阳,亮马桥,101122215787,三源里街 满五唯一 采光视野好楼下就是公园房主自荐,269万,67183元/平,低楼层 (共6层) 1室1厅 | 40.04平米 | 南,https://ke-image.ljcdn.com/110000-inspection/pc1_LrFfBZl6z_2.jpg!m_fill,w_280,h_210,f_jpg?from=ke.com
20241011,朝阳,亮马桥,101121946041,燕莎区域 北京公馆 东南向三居室 全新装修,2380万,99925元/平,中楼层 (共26层) 3室2厅 | 238.18平米 | 东南,https://ke-image.ljcdn.com/110000-inspection/pc1_Xhiyd6gs2_2.jpg!m_fill,w_280,h_210,f_jpg?from=ke.com
20241011,朝阳,亮马桥,101121937351,亮马桥 三元桥 北京公馆 西南全景落地窗 高楼层,1600万,73395元/平,高楼层 (共29层) 2室1厅 | 218平米 | 西,https://ke-image.ljcdn.com/110000-inspection/36664236-1287-4815-9ec3-4e1b86a26059_1000.jpg!m_fill,w_280,h_210,f_jpg?from=ke.com
20241011,朝阳,亮马桥,101121815226,嘉里星源汇 西向大一居 安静不临街 采光充足,710万,85429元/平,低楼层 (共16层) | 2009年 | 1室1厅 | 83.11平米 | 西,https://ke-image.ljcdn.com/110000-inspection/pc1_GixxFTgbx.jpg!m_fill,w_280,h_210,f_jpg?from=ke.com
20241011,朝阳,亮马桥,101121593923,南北通透三居室采光充足配套设施齐全交通便利房主自荐,560万,70176元/平,顶层 (共6层) 3室1厅 | 79.8平米 | 南 北,https://ke-image.ljcdn.com/110000-inspection/8dbcdd0c-ca86-45ce-8473-7b7279e418fb_1000.jpg!m_fill,w_280,h_210,f_jpg?from=ke.com
20241011,朝阳,亮马桥,101121453946,星源汇高层两居东南角视野开阔大面宽客厅房主自荐,1680万,98000元/平,高楼层 (共18层) | 2009年 | 2室1厅 | 171.43平米 | 东南,https://ke-image.ljcdn.com/110000-inspection/268e11f5-0164-4f35-be90-8fc6c57ea5e0_1000.jpg!m_fill,w_280,h_210,f_jpg?from=ke.com
20241011,朝阳,亮马桥,101121103227,星源汇 1室1厅 东,779万,96173元/平,低楼层 (共16层) | 2009年 | 1室1厅 | 81平米 | 东,https://ke-image.ljcdn.com/110000-inspection/pc1_nx92A9MPb.jpg!m_fill,w_280,h_210,f_jpg?from=ke.com
20241011,朝阳,亮马桥,101120873318,新源里东 中间楼层 南北通透4居室 配套齐全,599万,61098元/平,中楼层 (共5层) 4室1厅 | 98.04平米 | 南 北,https://ke-image.ljcdn.com/110000-inspection/pc1_cbpQnU6j2.jpg!m_fill,w_280,h_210,f_jpg?from=ke.com
20241011,朝阳,亮马桥,101120643180,北京公馆 精装修三居室 全景落地窗 看房方便,1950万,65881元/平,中楼层 (共29层) 3室1厅 | 295.99平米 | 东 西 北,https://ke-image.ljcdn.com/110000-inspection/ae8a469a-3b06-4b07-9f65-4c81d1f754b6_1000.jpg!m_fill,w_280,h_210,f_jpg?from=ke.com
20241011,朝阳,亮马桥,101120311949,西塔朝东无对视无遮挡视野景观好楼层好,780万,96297元/平,中楼层 (共16层) | 2009年 | 1室1厅 | 81平米 | 东,https://ke-image.ljcdn.com/110000-inspection/0b40ffba-ff19-454c-9d24-43f3bc0149ac_1000.jpg!m_fill,w_280,h_210,f_jpg?from=ke.com
20241011,朝阳,亮马桥,101120108746,西塔东南角一居大面宽客厅精装修视野棒,880万,104007元/平,中楼层 (共16层) | 2009年 | 1室1厅 | 84.61平米 | 东南 南,https://ke-image.ljcdn.com/110000-inspection/ff16fc7c-b20c-44d0-b645-bfb2d66cf620_1000.jpg!m_fill,w_280,h_210,f_jpg?from=ke.com
20241011,朝阳,亮马桥,101120024789,星源汇 1室1厅 东,730万,95738元/平,中楼层 (共16层) | 2009年 | 1室1厅 | 76.25平米 | 东,https://ke-image.ljcdn.com/110000-inspection/pc1_L3c9OHJB5.jpg!m_fill,w_280,h_210,f_jpg?from=ke.com
20241011,朝阳,亮马桥,101119729864,东直门外 中间楼层 大阳台 净层高2.79米房主自荐,455万,77632元/平,中楼层 (共16层) 2室1厅 | 58.61平米 | 南,https://ke-image.ljcdn.com/110000-inspection/pc1_ET7tLEjMn_1.jpg!m_fill,w_280,h_210,f_jpg?from=ke.com
20241011,朝阳,亮马桥,101119562533,星源汇 1室1厅 西,670万,86008元/平,中楼层 (共18层) | 2009年 | 1室1厅 | 77.9平米 | 西,https://ke-image.ljcdn.com/110000-inspection/pc1_KNjeVdeGW.jpg!m_fill,w_280,h_210,f_jpg?from=ke.com
20241011,朝阳,亮马桥,101119398610,三环内使馆区亮马河畔品质小区免费会所。房主自荐,750万,97861元/平,低楼层 (共18层) | 2009年 | 1室1厅 | 76.64平米 | 东,https://ke-image.ljcdn.com/110000-inspection/cdc5d0fb-9159-49c6-afc2-44924c844337_1000.jpg!m_fill,w_280,h_210,f_jpg?from=ke.com
20241011,朝阳,亮马桥,101118109291,星源汇 高楼层视野开阔 品质物业 满五年唯一,1590万,99146元/平,高楼层 (共16层) | 2009年 | 2室1厅 | 160.37平米 | 东北,https://ke-image.ljcdn.com/110000-inspection/4ca8f2c2-9bca-49d5-a74b-926a9a278be8_1000.jpg!m_fill,w_280,h_210,f_jpg?from=ke.com
20241011,朝阳,亮马桥,101117263522,三元桥 亮马桥 新源街 低楼层3居室房主自荐,300万,55877元/平,底层 (共6层) | 1981年 | 3室0厅 | 53.69平米 | 东南,https://ke-image.ljcdn.com/110000-inspection/pc1_lQTqWRLeH_1.jpg!m_fill,w_280,h_210,f_jpg?from=ke.com
20241011,朝阳,亮马桥,101116375721,高楼层无遮挡采光好楼龄新独立管理,1660万,103511元/平,高楼层 (共16层) | 2009年 | 2室2厅 | 160.37平米 | 东 北,https://ke-image.ljcdn.com/110000-inspection/pc1_Z8bUT54rB.jpg!m_fill,w_280,h_210,f_jpg?from=ke.com
20241011,朝阳,亮马桥,101126983849,新源南路 4室1厅 南 北,720万,79497元/平,底层 (共17层) 4室1厅 | 90.57平米 | 南 北,https://s1.ljcdn.com/pegasus/redskull/images/common/default_house_list.png?_v=20241010190020670
20241011,朝阳,亮马桥,101126977989,嘉里星源汇 2009年品质一居 东向 满五唯一新上,780万,96297元/平,低楼层 (共16层) | 2009年 | 1室1厅 | 81平米 | 东,https://s1.ljcdn.com/pegasus/redskull/images/common/default_house_list.png?_v=20241010190020670
20241011,朝阳,亮马桥,101126689245,嘉里星源汇 亮马河畔 高层 精装修,800万,94731元/平,高楼层 (共16层) | 2009年 | 1室1厅 | 84.45平米 | 西,https://s1.ljcdn.com/pegasus/redskull/images/common/default_house_list.png?_v=20241010190020670
20241011,朝阳,亮马桥,101126500977,新源南路 2室1厅 南,450万,72278元/平,顶层 (共16层) | 1982年 | 2室1厅 | 62.26平米 | 南,https://s1.ljcdn.com/pegasus/redskull/images/common/default_house_list.png?_v=20241010190020670
20241011,朝阳,亮马桥,101126472579,新源里东小区少见四居室中楼层南北通透,780万,81242元/平,中楼层 (共5层) | 1966年 | 4室1厅 | 96.01平米 | 东南 西北,https://s1.ljcdn.com/pegasus/redskull/images/common/default_house_list.png?_v=20241010190020670
20241011,朝阳,亮马桥,101126383742,琨莎中心 3室0厅 南,482万,42082元/平,低楼层 (共24层) | 2006年 | 3室0厅 | 114.54平米 | 南,https://s1.ljcdn.com/pegasus/redskull/images/common/default_house_list.png?_v=20241010190020670
20241011,朝阳,亮马桥,101126379453,三源里街 高层南北小三居 视野开阔 居住舒适房主自荐,455万,72349元/平,高楼层 (共12层) | 1983年 | 3室1厅 | 62.89平米 | 东 南 北,https://s1.ljcdn.com/pegasus/redskull/images/common/default_house_list.png?_v=20241010190020670
20241011,朝阳,亮马桥,101126003172,顺源里南向一居室 满五年有装修 高楼层采光无遮挡,260万,72687元/平,顶层 (共6层) 1室1厅 | 35.77平米 | 南,https://s1.ljcdn.com/pegasus/redskull/images/common/default_house_list.png?_v=20241010190020670
20241011,朝阳,亮马桥,101125757867,南向一居室采光充足配套设施齐全交通便利,210万,56030元/平,高楼层 (共6层) | 1983年 | 1室1厅 | 37.48平米 | 南,https://s1.ljcdn.com/pegasus/redskull/images/common/default_house_list.png?_v=20241010190020670
20241011,朝阳,亮马桥,101118577933,南北通透格局采光充足配套设施齐全交通便利。,390万,63189元/平,中楼层 (共6层) 2室1厅 | 61.72平米 | 南 北,https://s1.ljcdn.com/pegasus/redskull/images/common/default_house_list.png?_v=20241010190020670
