20240910,石景山,老山,101124692577,急售房源 老山西里 1998年房龄 南北通透三居必看好房,380万,45978元/平,底层 (共6层) | 1998年 | 3室1厅 | 82.65平米 | 南 北,https://ke-image.ljcdn.com/110000-inspection/6a70bc74-78ec-4d2d-a5c0-e2e2f417167b_1000.jpg!m_fill,w_280,h_210,f_jpg?from=ke.com
20240910,石景山,老山,101123826340,南北通透 带电梯 视野好 无遮挡 产权清晰必看好房,203万,40796元/平,顶层 (共6层) | 1982年 | 2室1厅 | 49.76平米 | 南 北,https://ke-image.ljcdn.com/110000-inspection/pc1_DuHWiKi6h.jpg!m_fill,w_280,h_210,f_jpg?from=ke.com
20240910,石景山,老山,101125890379,急售好房 老山西里一层 1987年 精装修两居必看好房,299万,47483元/平,底层 (共16层) | 1987年 | 2室1厅 | 62.97平米 | 西南,https://ke-image.ljcdn.com/110000-inspection/pc1_ywfXqFEpX.jpg!m_fill,w_280,h_210,f_jpg?from=ke.com
20240910,石景山,老山,101125819451,急售好房 老山东里 南北通透两居户型 精装修必看好房,186万,37015元/平,顶层 (共6层) | 1983年 | 2室1厅 | 50.25平米 | 南 北,https://ke-image.ljcdn.com/110000-inspection/pc1_20HwRgNlr_1.jpg!m_fill,w_280,h_210,f_jpg?from=ke.com
20240910,石景山,老山,101125737659,99年 3层带客厅 满五年采光好 卫生间干湿分离必看好房,249万,41267元/平,中楼层 (共6层) | 1999年 | 1室1厅 | 60.34平米 | 南,https://ke-image.ljcdn.com/110000-inspection/a06fea84-dac0-4e4e-a560-8f9d748be651_1000.jpg!m_fill,w_280,h_210,f_jpg?from=ke.com
20240910,石景山,老山,101125902985,老山东里 2室1厅 南必看好房,233万,39850元/平,高楼层 (共16层) | 1985年 | 2室1厅 | 58.47平米 | 南,https://ke-image.ljcdn.com/110000-inspection/d8cc9584-69dd-4dc1-b664-4a4b2f581c97_1000.jpg!m_fill,w_280,h_210,f_jpg?from=ke.com
20240910,石景山,老山,101125753917,老山东里 2室1厅 南房主自荐,274万,43953元/平,顶层 (共16层) | 1986年 | 2室1厅 | 62.34平米 | 南,https://ke-image.ljcdn.com/110000-inspection/bbb40a39-9a1a-43a9-b1d9-3eeb963e1e2d_1000.jpg!m_fill,w_280,h_210,f_jpg?from=ke.com
20240910,石景山,老山,101125667526,老山东里2层 采光好满五年唯一1999年必看好房,238万,39444元/平,低楼层 (共6层) | 1999年 | 1室1厅 | 60.34平米 | 南,https://ke-image.ljcdn.com/110000-inspection/pc1_gwNuJnzV1_1.jpg!m_fill,w_280,h_210,f_jpg?from=ke.com
20240910,石景山,老山,101125323489,老山西里 3室1厅 南 北,288万,48616元/平,底层 (共6层) | 1982年 | 3室1厅 | 59.24平米 | 南 北,https://ke-image.ljcdn.com/110000-inspection/51e8f66e-9d50-4e72-913d-7bfcbf88a236_1000.jpg!m_fill,w_280,h_210,f_jpg?from=ke.com
20240910,石景山,老山,101124885029,急售房源 老山西里 1998年房龄 南北通透精装修房主自荐,330万,47910元/平,中楼层 (共6层) | 1998年 | 2室1厅 | 68.88平米 | 南 北,https://ke-image.ljcdn.com/110000-inspection/1af1737e-a1ef-42a1-b257-cbaa60d99ea1_1000.jpg!m_fill,w_280,h_210,f_jpg?from=ke.com
20240910,石景山,老山,101125755781,满五年唯一 无遮挡采光好 南北通透 首付20%房主自荐,189万,37983元/平,顶层 (共6层) 2室1厅 | 49.76平米 | 南 北,https://ke-image.ljcdn.com/110000-inspection/pc1_G1bR30oDO.jpg!m_fill,w_280,h_210,f_jpg?from=ke.com
20240910,石景山,老山,101126412335,老山西里 3室1厅 南 北新上,280万,45455元/平,高楼层 (共6层) | 1982年 | 3室1厅 | 61.6平米 | 南 北,https://ke-image.ljcdn.com/110000-inspection/pc1_mzVwybgqA.jpg!m_fill,w_280,h_210,f_jpg?from=ke.com
20240910,石景山,老山,101126032104,老山西里 3室1厅 南 西 北,300万,46154元/平,中楼层 (共16层) | 1985年 | 3室1厅 | 65平米 | 南 西 北,https://ke-image.ljcdn.com/110000-inspection/ea0155d2-a149-4679-b6d9-a1c4357b60d4_1000.jpg!m_fill,w_280,h_210,f_jpg?from=ke.com
20240910,石景山,老山,101125988340,老山西里 2室1厅 南 北,230万,43169元/平,高楼层 (共6层) | 1982年 | 2室1厅 | 53.28平米 | 南 北,https://ke-image.ljcdn.com/110000-inspection/pc1_KM5DFI9gc.jpg!m_fill,w_280,h_210,f_jpg?from=ke.com
20240910,石景山,老山,101125982345,老山东里 3室1厅 南 北,270万,43832元/平,顶层 (共6层) | 1983年 | 3室1厅 | 61.6平米 | 南 北,https://ke-image.ljcdn.com/110000-inspection/pc1_10l72UC8A.jpg!m_fill,w_280,h_210,f_jpg?from=ke.com
20240910,石景山,老山,101125956639,老山东里 2室1厅 南,280万,46435元/平,低楼层 (共16层) | 1985年 | 2室1厅 | 60.3平米 | 南,https://ke-image.ljcdn.com/110000-inspection/pc1_IBRaR8NbF.jpg!m_fill,w_280,h_210,f_jpg?from=ke.com
20240910,石景山,老山,101125904306,急售好房 老山东里北区 1999年 全南两居,375万,47271元/平,高楼层 (共18层) | 1999年 | 2室1厅 | 79.33平米 | 南,https://ke-image.ljcdn.com/110000-inspection/1bca1a6a-f505-4ad8-9f96-b88ed3729464_1000.jpg!m_fill,w_280,h_210,f_jpg?from=ke.com
20240910,石景山,老山,101125876567,急售好房 老山东里 带电梯 精装修两居户型,275万,45606元/平,高楼层 (共16层) | 1987年 | 2室1厅 | 60.3平米 | 南,https://ke-image.ljcdn.com/110000-inspection/pc1_YSqovXJLP_1.jpg!m_fill,w_280,h_210,f_jpg?from=ke.com
20240910,石景山,老山,101125790042,南北通透格局 客厅落地窗 户型合理 中间楼层,340万,49355元/平,中楼层 (共6层) | 1998年 | 2室1厅 | 68.89平米 | 南 北,https://ke-image.ljcdn.com/110000-inspection/36e96720-4c5a-4fbb-b969-6cd64e51498b_1000.jpg!m_fill,w_280,h_210,f_jpg?from=ke.com
20240910,石景山,老山,101125746092,急售好房 老山东里 精装修 客厅带窗户两居,245万,48854元/平,高楼层 (共6层) | 1983年 | 2室1厅 | 50.15平米 | 南 北,https://ke-image.ljcdn.com/110000-inspection/c63c0727-f774-4919-b8ec-5d9a84f63c48_1000.jpg!m_fill,w_280,h_210,f_jpg?from=ke.com
20240910,石景山,老山,101125695707,老山东里 2室1厅 南,280万,44915元/平,中楼层 (共16层) | 1987年 | 2室1厅 | 62.34平米 | 南,https://ke-image.ljcdn.com/110000-inspection/91cebcc9-c85b-48d2-93ec-049cb2fdaa92_1000.jpg!m_fill,w_280,h_210,f_jpg?from=ke.com
20240910,石景山,老山,101125552422,老山西里 2室1厅 南,285万,48743元/平,低楼层 (共16层) | 1987年 | 2室1厅 | 58.47平米 | 南,https://ke-image.ljcdn.com/110000-inspection/pc1_yVfaT8X6M.jpg!m_fill,w_280,h_210,f_jpg?from=ke.com
20240910,石景山,老山,101125384684,老山西里 中间3层三居室 随时看房,291万,47302元/平,中楼层 (共6层) 3室1厅 | 61.52平米 | 南 北,https://ke-image.ljcdn.com/110000-inspection/pc1_9VFHEGAll.jpg!m_fill,w_280,h_210,f_jpg?from=ke.com
20240910,石景山,老山,101125265284,老山东里 2室1厅 南 北,280万,46435元/平,中楼层 (共16层) | 1985年 | 2室1厅 | 60.3平米 | 南 北,https://ke-image.ljcdn.com/110000-inspection/pc1_hUfYY0XaG.jpg!m_fill,w_280,h_210,f_jpg?from=ke.com
20240910,石景山,老山,101125185075,老山西里 3室1厅 南 北,410万,49607元/平,低楼层 (共6层) | 1998年 | 3室1厅 | 82.65平米 | 南 北,https://ke-image.ljcdn.com/110000-inspection/fcce3de6-b929-4b8e-906e-8b4f8dd35165_1000.jpg!m_fill,w_280,h_210,f_jpg?from=ke.com
20240910,石景山,老山,101125139264,老山东里 2室1厅 西南,372万,51949元/平,中楼层 (共18层) | 1999年 | 2室1厅 | 71.61平米 | 西南,https://ke-image.ljcdn.com/110000-inspection/pc1_PRspmlWPy.jpg!m_fill,w_280,h_210,f_jpg?from=ke.com
20240910,石景山,老山,101124981004,老山西里 2室1厅 南 西,209万,39227元/平,高楼层 (共6层) | 1982年 | 2室1厅 | 53.28平米 | 南 西,https://ke-image.ljcdn.com/110000-inspection/pc1_7qoxIWNoC.jpg!m_fill,w_280,h_210,f_jpg?from=ke.com
20240910,石景山,老山,101124838197,急售房源 老山西里 带电梯户型,300万,46154元/平,中楼层 (共16层) | 1983年 | 2室1厅 | 65平米 | 东北,https://ke-image.ljcdn.com/110000-inspection/pc1_nOge71bMt.jpg!m_fill,w_280,h_210,f_jpg?from=ke.com
20240910,石景山,老山,101124832646,老山西里南北通透两居室 满五年唯一 一梯两户,349万,47802元/平,高楼层 (共6层) | 1999年 | 2室1厅 | 73.01平米 | 南 北,https://ke-image.ljcdn.com/110000-inspection/3835ec69-ebef-4eaa-8780-69e167865dc8_1000.jpg!m_fill,w_280,h_210,f_jpg?from=ke.com
20240910,石景山,老山,101124700388,老山西里 3室1厅 南 北,280万,44915元/平,顶层 (共6层) | 1982年 | 3室1厅 | 62.34平米 | 南 北,https://ke-image.ljcdn.com/110000-inspection/pc1_Uzv7x5c2y.jpg!m_fill,w_280,h_210,f_jpg?from=ke.com
20240910,石景山,老山,101124645249,老山西里 南北两居室 诚意出售,205万,41198元/平,高楼层 (共6层) | 1982年 | 2室1厅 | 49.76平米 | 南 北,https://ke-image.ljcdn.com/110000-inspection/cb87bcd2-4d98-4649-aab4-768461fe9313_1000.jpg!m_fill,w_280,h_210,f_jpg?from=ke.com
20240910,石景山,老山,101124504867,石景山路23号院 3室1厅 西南 北,460万,50506元/平,高楼层 (共13层) | 1995年 | 3室1厅 | 91.08平米 | 西南 北,https://ke-image.ljcdn.com/110000-inspection/pc1_fjCqWEI5R.jpg!m_fill,w_280,h_210,f_jpg?from=ke.com
20240910,石景山,老山,101124464270,老山西里 3室1厅 南 北,395万,47556元/平,高楼层 (共6层) | 1998年 | 3室1厅 | 83.06平米 | 南 北,https://ke-image.ljcdn.com/110000-inspection/pc1_Kkh6j1Ae9.jpg!m_fill,w_280,h_210,f_jpg?from=ke.com
20240910,石景山,老山,101124284064,满五唯一到地铁近塔楼电梯东南角精装老山西里两居,305万,48436元/平,低楼层 (共16层) | 1987年 | 2室1厅 | 62.97平米 | 东南,https://ke-image.ljcdn.com/110000-inspection/pc1_zsGBUhnOb.jpg!m_fill,w_280,h_210,f_jpg?from=ke.com
20240910,石景山,老山,101124039587,老山东里 筑五两居室 南北向 精装修,300万,50370元/平,顶层 (共6层) | 1983年 | 2室1厅 | 59.56平米 | 南 北,https://ke-image.ljcdn.com/110000-inspection/bbf253d4-fd8a-4f8b-88b6-ed684a6388c1_1000.jpg!m_fill,w_280,h_210,f_jpg?from=ke.com
20240910,石景山,老山,101124013626,老山东里 2室1厅 南,248万,42415元/平,底层 (共16层) | 1987年 | 2室1厅 | 58.47平米 | 南,https://ke-image.ljcdn.com/110000-inspection/pc1_EOaxqgQt1.jpg!m_fill,w_280,h_210,f_jpg?from=ke.com
20240910,石景山,老山,101123908095,老山东里 2室1厅 西南,298万,47325元/平,低楼层 (共16层) | 1985年 | 2室1厅 | 62.97平米 | 西南,https://ke-image.ljcdn.com/110000-inspection/6ee33234-c375-4a9a-b331-8f8347165104_1000.jpg!m_fill,w_280,h_210,f_jpg?from=ke.com
20240910,石景山,老山,101123780288,老山东里 2室0厅 南,269万,43151元/平,高楼层 (共16层) | 1985年 | 2室0厅 | 62.34平米 | 南,https://ke-image.ljcdn.com/110000-inspection/40df341d-938c-4e0d-b41a-10db67357b73_1000.jpg!m_fill,w_280,h_210,f_jpg?from=ke.com
20240910,石景山,老山,101123453219,老山西街7号院精装房满四按满五唯一,352万,53716元/平,中楼层 (共6层) 2室1厅 | 65.53平米 | 南 北,https://ke-image.ljcdn.com/110000-inspection/fc3c607a-9c83-4741-a918-5c274e3569b3_1000.jpg!m_fill,w_280,h_210,f_jpg?from=ke.com
20240910,石景山,老山,101123448343,中间层已加装电梯精装修满五年唯一房主自荐,345万,55342元/平,中楼层 (共6层) 3室1厅 | 62.34平米 | 南 北,https://ke-image.ljcdn.com/110000-inspection/pc1_ltdOc7GTx.jpg!m_fill,w_280,h_210,f_jpg?from=ke.com
20240910,石景山,老山,101123440575,1999年楼龄 业主诚心出售 看房方便业主随时签约,368万,51390元/平,低楼层 (共18层) | 1999年 | 2室1厅 | 71.61平米 | 西南,https://ke-image.ljcdn.com/110000-inspection/pc1_8iAidXVoJ.jpg!m_fill,w_280,h_210,f_jpg?from=ke.com
20240910,石景山,老山,101123416848,老山西里 钢混结构 有钥匙 随时签约,238万,47298元/平,高楼层 (共6层) | 1982年 | 2室1厅 | 50.32平米 | 南 北,https://ke-image.ljcdn.com/110000-inspection/pc1_7wCndoBjt.jpg!m_fill,w_280,h_210,f_jpg?from=ke.com
20240910,石景山,老山,101123373445,老山东里西南两居室 阳光充足 随时看房,368万,44666元/平,低楼层 (共18层) | 1999年 | 2室1厅 | 82.39平米 | 南 西,https://ke-image.ljcdn.com/110000-inspection/pc1_soTfjCItG.jpg!m_fill,w_280,h_210,f_jpg?from=ke.com
20240910,石景山,老山,101123371342,老山东里 3室1厅 东 北,299万,46000元/平,低楼层 (共16层) | 1985年 | 3室1厅 | 65平米 | 东 北,https://ke-image.ljcdn.com/110000-inspection/pc1_oE9Fpiwm0.jpg!m_fill,w_280,h_210,f_jpg?from=ke.com
20240910,石景山,老山,101123329594,老山西里 2室1厅 南 北,230万,45772元/平,顶层 (共6层) 2室1厅 | 50.25平米 | 南 北,https://ke-image.ljcdn.com/110000-inspection/4f36c64d-d210-4ea7-8a4e-11043f1cc149_1000.jpg!m_fill,w_280,h_210,f_jpg?from=ke.com
20240910,石景山,老山,101123290397,老山东里 2室1厅 南,279万,46269元/平,中楼层 (共16层) | 1986年 | 2室1厅 | 60.3平米 | 南,https://ke-image.ljcdn.com/110000-inspection/pc1_NmsoyAGp3.jpg!m_fill,w_280,h_210,f_jpg?from=ke.com
20240910,石景山,老山,101123285705,首钢老山居民区房子是电梯房小三居室满五年房主自荐,326万,50154元/平,中楼层 (共16层) 3室1厅 | 65平米 | 西 北,https://ke-image.ljcdn.com/110000-inspection/pc1_TX9k6iJaA.jpg!m_fill,w_280,h_210,f_jpg?from=ke.com
20240910,石景山,老山,101123283032,老山东里99年钢混 2居 满五年唯一商品房  采光视野好,420万,58652元/平,高楼层 (共18层) | 1999年 | 2室1厅 | 71.61平米 | 西南,https://ke-image.ljcdn.com/110000-inspection/pc1_akWdA6OZr.jpg!m_fill,w_280,h_210,f_jpg?from=ke.com
20240910,石景山,老山,101123227879,带外挂电梯 老山东里南北两居室 钢混结构 万达对面,218万,43384元/平,中楼层 (共6层) | 1985年 | 2室1厅 | 50.25平米 | 南 北,https://ke-image.ljcdn.com/110000-inspection/pc1_dqnz4hkrS.jpg!m_fill,w_280,h_210,f_jpg?from=ke.com
20240910,石景山,老山,101123197474,八角游乐园地铁口 中础大厦电子信息部分房 停车方便,249万,38786元/平,中楼层 (共5层) | 1980年 | 2室1厅 | 64.2平米 | 南 北,https://ke-image.ljcdn.com/110000-inspection/pc1_E1QavXoD6.jpg!m_fill,w_280,h_210,f_jpg?from=ke.com
20240910,石景山,老山,101123183251,老山东里 2室1厅 南 北,360万,48193元/平,中楼层 (共6层) | 1999年 | 2室1厅 | 74.7平米 | 南 北,https://ke-image.ljcdn.com/110000-inspection/9cfe18e3-b2ca-4365-9d11-64356c6633e5_1000.jpg!m_fill,w_280,h_210,f_jpg?from=ke.com
20240910,石景山,老山,101123181208,老山东里 2室1厅 南 北房主自荐,219万,43522元/平,高楼层 (共6层) | 1983年 | 2室1厅 | 50.32平米 | 南 北,https://ke-image.ljcdn.com/110000-inspection/pc1_yrCRT4CMr.jpg!m_fill,w_280,h_210,f_jpg?from=ke.com
20240910,石景山,老山,101122778718,老山东里 3室1厅 西北,342万,36084元/平,顶层 (共18层) | 1999年 | 3室1厅 | 94.78平米 | 西北,https://ke-image.ljcdn.com/110000-inspection/pc1_yDClKcql1.jpg!m_fill,w_280,h_210,f_jpg?from=ke.com
20240910,石景山,老山,101121293895,南北通透独立客厅 满五年唯一 随时签约,370万,47749元/平,高楼层 (共12层) | 1995年 | 2室1厅 | 77.49平米 | 南 北,https://ke-image.ljcdn.com/110000-inspection/pc1_XKi9gEgQg.jpg!m_fill,w_280,h_210,f_jpg?from=ke.com
20240910,石景山,老山,101121194039,老山东里 南北通透两居户型 钢混结构,238万,47458元/平,中楼层 (共6层) | 1983年 | 2室1厅 | 50.15平米 | 南 北,https://ke-image.ljcdn.com/110000-inspection/pc1_gj5DXwoNJ.jpg!m_fill,w_280,h_210,f_jpg?from=ke.com
20240910,石景山,老山,101121092592,老山东里明厨明卫精装修 南北双阳台 满五唯一万达对面,258万,43318元/平,顶层 (共6层) | 1985年 | 2室1厅 | 59.56平米 | 南 北,https://ke-image.ljcdn.com/110000-inspection/pc1_4HI4r1fv7.jpg!m_fill,w_280,h_210,f_jpg?from=ke.com
20240910,石景山,老山,101120961885,老山东里 2室1厅 南,350万,58044元/平,高楼层 (共16层) | 1985年 | 2室1厅 | 60.3平米 | 南,https://ke-image.ljcdn.com/110000-inspection/pc1_AAeHqVoDv.jpg!m_fill,w_280,h_210,f_jpg?from=ke.com
20240910,石景山,老山,101120906246,急售房源 老山东里 精装修两居 南北通透房主自荐,252万,50150元/平,高楼层 (共6层) 2室1厅 | 50.25平米 | 南 北,https://ke-image.ljcdn.com/110000-inspection/pc1_zzKosDnDY.jpg!m_fill,w_280,h_210,f_jpg?from=ke.com
20240910,石景山,老山,101120894900,急售 老山东里 南北通透双阳台两居户型 精装修房主自荐,299万,50202元/平,高楼层 (共6层) | 1983年 | 2室1厅 | 59.56平米 | 南 北,https://ke-image.ljcdn.com/110000-inspection/pc1_JNv45dI5y.jpg!m_fill,w_280,h_210,f_jpg?from=ke.com
20240910,石景山,老山,101120592689,满五年唯一南北通透两居室楼龄新距离地铁站800米,380万,52191元/平,高楼层 (共6层) | 1999年 | 2室1厅 | 72.81平米 | 南 北,https://ke-image.ljcdn.com/110000-inspection/pc1_ogkhTCWHi.jpg!m_fill,w_280,h_210,f_jpg?from=ke.com
20240910,石景山,老山,101120451529,老山东里电梯房两居室双阳台满五年唯一钢混结构,319万,50660元/平,中楼层 (共16层) | 1987年 | 2室1厅 | 62.97平米 | 东南,https://ke-image.ljcdn.com/110000-inspection/7b66a1b8-d7e5-467c-85d1-8f01a5ccc7a6_1000.jpg!m_fill,w_280,h_210,f_jpg?from=ke.com
20240910,石景山,老山,101119535181,急售好房 老山西里 满五年唯一 中间楼层 地铁800米房主自荐,299万,47963元/平,中楼层 (共6层) 3室1厅 | 62.34平米 | 南 北,https://ke-image.ljcdn.com/110000-inspection/pc1_1BkuHeKAR.jpg!m_fill,w_280,h_210,f_jpg?from=ke.com
20240910,石景山,老山,101119372587,老山西街27号院  低楼层 无遮挡 随时可以看房签约,320万,48056元/平,低楼层 (共6层) | 1997年 | 2室1厅 | 66.59平米 | 东 西,https://ke-image.ljcdn.com/110000-inspection/151942ad-8bec-4cbb-9105-bf9e16b34c61_1000.jpg!m_fill,w_280,h_210,f_jpg?from=ke.com
20240910,石景山,老山,101119024432,老山西里南向两居室二层满五年唯一看房方便,270万,42702元/平,低楼层 (共6层) | 1982年 | 2室1厅 | 63.23平米 | 南,https://ke-image.ljcdn.com/110000-inspection/pc1_cqyhC1bCC.jpg!m_fill,w_280,h_210,f_jpg?from=ke.com
20240910,石景山,老山,101118595396,急售好房 石景山老山西里 满五年家庭唯一住房,280万,45514元/平,中楼层 (共5层) | 1982年 | 3室1厅 | 61.52平米 | 南 北,https://ke-image.ljcdn.com/110000-inspection/pc1_WunM3cryy.jpg!m_fill,w_280,h_210,f_jpg?from=ke.com
20240910,石景山,老山,101118064617,老山西街7号院 2室1厅 南 北,223万,41114元/平,中楼层 (共6层) 2室1厅 | 54.24平米 | 南 北,https://ke-image.ljcdn.com/110000-inspection/pc1_B7q189fPf.jpg!m_fill,w_280,h_210,f_jpg?from=ke.com
20240910,石景山,老山,101117671698,首钢老山居民区钢混两居室南北通透价格可谈,252万,50080元/平,顶层 (共6层) | 1983年 | 2室1厅 | 50.32平米 | 南 北,https://ke-image.ljcdn.com/110000-inspection/pc1_k6sLUbelb.jpg!m_fill,w_280,h_210,f_jpg?from=ke.com
20240910,石景山,老山,101117167281,老山东里电梯三居钢混结构可组合贷款,325万,50000元/平,低楼层 (共16层) | 1986年 | 3室1厅 | 65平米 | 西北,https://ke-image.ljcdn.com/110000-inspection/7a648d5e-59b1-4b89-9fee-4375613df196_1000.jpg!m_fill,w_280,h_210,f_jpg?from=ke.com
20240910,石景山,老山,101126470688,东里钢混小两居室已完成小区改造 前后不临街新上,280万,45514元/平,中楼层 (共6层) | 1983年 | 3室1厅 | 61.52平米 | 南 北,https://ke-image.ljcdn.com/110000-inspection/pc1_3WmrDvUck.jpg!m_fill,w_280,h_210,f_jpg?from=ke.com
20240910,石景山,老山,101126397792,老山西街27号院 客厅带窗户楼层二层 诚心出售新上,320万,48056元/平,低楼层 (共6层) | 1997年 | 2室1厅 | 66.59平米 | 东 西,https://ke-image.ljcdn.com/110000-inspection/c1ab16e9-2f91-4c79-b245-563e1662d381_1000.jpg!m_fill,w_280,h_210,f_jpg?from=ke.com
20240910,石景山,老山,101126354119,老山西里 3室1厅 南 北,330万,52936元/平,顶层 (共6层) | 1982年 | 3室1厅 | 62.34平米 | 南 北,https://ke-image.ljcdn.com/110000-inspection/pc1_mRAvrvgrX.jpg!m_fill,w_280,h_210,f_jpg?from=ke.com
20240910,石景山,老山,101126280847,老山西街27号院 3室1厅 东 西,335万,46769元/平,中楼层 (共6层) | 1997年 | 3室1厅 | 71.63平米 | 东 西,https://ke-image.ljcdn.com/110000-inspection/pc1_3RidlVHGA.jpg!m_fill,w_280,h_210,f_jpg?from=ke.com
20240910,石景山,老山,101126150983,老山东里 钢混精装修 二层 南北通透两居室,245万,48343元/平,低楼层 (共6层) | 1985年 | 2室1厅 | 50.68平米 | 南 北,https://ke-image.ljcdn.com/110000-inspection/pc1_uvp3uULji.jpg!m_fill,w_280,h_210,f_jpg?from=ke.com
20240910,石景山,老山,101126125180,老山东里 2室1厅 南 北,348万,47399元/平,高楼层 (共6层) | 1999年 | 2室1厅 | 73.42平米 | 南 北,https://ke-image.ljcdn.com/110000-inspection/pc1_k5mfNccuP.jpg!m_fill,w_280,h_210,f_jpg?from=ke.com
20240910,石景山,老山,101125883365,装修50万 南北通透 商品房 到八角地铁775米,285万,46199元/平,顶层 (共6层) | 1982年 | 2室1厅 | 61.69平米 | 南 北,https://ke-image.ljcdn.com/110000-inspection/pc1_oUiSFYEgx.jpg!m_fill,w_280,h_210,f_jpg?from=ke.com
20240910,石景山,老山,101125762997,老山东里 满五年唯一 看房有钥匙 欢迎,565万,48428元/平,顶层 (共6层) | 1999年 | 3室2厅 | 116.67平米 | 南 北,https://ke-image.ljcdn.com/110000-inspection/pc1_zApPXQjrp.jpg!m_fill,w_280,h_210,f_jpg?from=ke.com
20240910,石景山,老山,101125753413,老山东里 2室1厅 南 北,348万,58429元/平,中楼层 (共6层) | 1983年 | 2室1厅 | 59.56平米 | 南 北,https://ke-image.ljcdn.com/110000-inspection/1ab4a4d6-184c-4894-a48b-899e6669b01f_1000.jpg!m_fill,w_280,h_210,f_jpg?from=ke.com
20240910,石景山,老山,101125752560,老山西街27号院 2室1厅 东 西,320万,48056元/平,高楼层 (共6层) | 1997年 | 2室1厅 | 66.59平米 | 东 西,https://ke-image.ljcdn.com/110000-inspection/pc1_qtF2cTzre.jpg!m_fill,w_280,h_210,f_jpg?from=ke.com
20240910,石景山,老山,101125750115,老山东里 2室1厅 东南,290万,46054元/平,中楼层 (共16层) | 1985年 | 2室1厅 | 62.97平米 | 东南,https://ke-image.ljcdn.com/110000-inspection/756471b5-69f0-416b-961c-5605aa7fac6c_1000.jpg!m_fill,w_280,h_210,f_jpg?from=ke.com
20240910,石景山,老山,101125749462,老山东里 2室1厅 西南,349万,42360元/平,顶层 (共18层) | 1999年 | 2室1厅 | 82.39平米 | 西南,https://ke-image.ljcdn.com/110000-inspection/pc1_doqtIg7He.jpg!m_fill,w_280,h_210,f_jpg?from=ke.com
20240910,石景山,老山,101125749371,老山西里 2室1厅 南,305万,50581元/平,高楼层 (共16层) | 1987年 | 2室1厅 | 60.3平米 | 南,https://ke-image.ljcdn.com/110000-inspection/pc1_hQ2dtn2Eh_1.jpg!m_fill,w_280,h_210,f_jpg?from=ke.com
20240910,石景山,老山,101125737746,石景山路23号院 一层三居室,400万,50904元/平,底层 (共5层) | 1970年 | 3室1厅 | 78.58平米 | 南 北,https://ke-image.ljcdn.com/110000-inspection/873226af-07c0-4486-99ee-41a8cda5b2e3_1000.jpg!m_fill,w_280,h_210,f_jpg?from=ke.com
20240910,石景山,老山,101125737724,老山东里 2室1厅 南 北,340万,57086元/平,低楼层 (共6层) 2室1厅 | 59.56平米 | 南 北,https://ke-image.ljcdn.com/110000-inspection/pc1_Xv2CmSQGm.jpg!m_fill,w_280,h_210,f_jpg?from=ke.com
20240910,石景山,老山,101125427468,南向两居室前后没有遮 有电梯,266万,44113元/平,高楼层 (共16层) | 1987年 | 2室1厅 | 60.3平米 | 南,https://ke-image.ljcdn.com/110000-inspection/pc1_nGibCP7xD.jpg!m_fill,w_280,h_210,f_jpg?from=ke.com
20240910,石景山,老山,101125334595,老山西街27号院 2室1厅 南 北,289万,51196元/平,顶层 (共6层) | 1993年 | 2室1厅 | 56.45平米 | 南 北,https://ke-image.ljcdn.com/110000-inspection/7e133f0a-86a4-4801-a5f4-b257ca704320_1000.jpg!m_fill,w_280,h_210,f_jpg?from=ke.com
20240910,石景山,老山,101125212980,老山东里 满五年商品房前后没有遮挡视野开阔。,240万,37957元/平,顶层 (共6层) 2室1厅 | 63.23平米 | 南 北,https://ke-image.ljcdn.com/110000-inspection/pc1_jYglRQQGm.jpg!m_fill,w_280,h_210,f_jpg?from=ke.com
20240910,石景山,老山,101124777813,老山西里 3室1厅 南 北,285万,46267元/平,高楼层 (共6层) 3室1厅 | 61.6平米 | 南 北,https://ke-image.ljcdn.com/110000-inspection/pc1_gtSZmESkQ.jpg!m_fill,w_280,h_210,f_jpg?from=ke.com
20240910,石景山,老山,101124564518,老山东里 精装修复式 满五年唯一房主自荐,519万,44611元/平,顶层 (共6层) | 1999年 | 3室2厅 | 116.34平米 | 南 北,https://ke-image.ljcdn.com/110000-inspection/1ac651ce-7394-488f-ae28-e9751cd137cb_1000.jpg!m_fill,w_280,h_210,f_jpg?from=ke.com
20240910,石景山,老山,101123917636,老山西街7号院 2室1厅 南 北,288万,41368元/平,顶层 (共6层) | 1987年 | 2室1厅 | 69.62平米 | 南 北,https://ke-image.ljcdn.com/110000-inspection/pc1_MXMXUI2Rg.jpg!m_fill,w_280,h_210,f_jpg?from=ke.com
20240910,石景山,老山,101122554284,老山西里 1室1厅 南 北,290万,50147元/平,中楼层 (共6层) 1室1厅 | 57.83平米 | 南 北,https://ke-image.ljcdn.com/110000-inspection/pc1_A670Y8Vfv.jpg!m_fill,w_280,h_210,f_jpg?from=ke.com
20240910,石景山,老山,101122339996,带电梯钢混双阳台 采光好 满五年唯一 不临街 无抵押,325万,51612元/平,中楼层 (共16层) | 1986年 | 2室1厅 | 62.97平米 | 西南,https://ke-image.ljcdn.com/110000-inspection/a4974ca1-c877-47cc-9eff-63f0fa4e765c_1000.jpg!m_fill,w_280,h_210,f_jpg?from=ke.com
20240910,石景山,老山,101122145943,老山西里钢混两居室 满五年唯一近地铁,195万,38884元/平,顶层 (共6层) 2室1厅 | 50.15平米 | 南 北,https://ke-image.ljcdn.com/110000-inspection/pc1_so6gNPVQA_1.jpg!m_fill,w_280,h_210,f_jpg?from=ke.com
20240910,石景山,老山,101120900927,急售好房 老山东里 复式户型 1999年房龄,525万,45065元/平,顶层 (共6层) | 1999年 | 3室1厅 | 116.5平米 | 南 北,https://ke-image.ljcdn.com/110000-inspection/pc1_0rKvSsni3.jpg!m_fill,w_280,h_210,f_jpg?from=ke.com
20240910,石景山,老山,101120869602,老山西里 全南向两居室 双阳台精装修 距离地铁700米,295万,46656元/平,高楼层 (共6层) | 1982年 | 2室1厅 | 63.23平米 | 南,https://ke-image.ljcdn.com/110000-inspection/pc1_wAGpGph8e.jpg!m_fill,w_280,h_210,f_jpg?from=ke.com
20240910,石景山,老山,101119764495,老山东里 3室1厅 南 北,339万,58168元/平,底层 (共6层) | 1983年 | 3室1厅 | 58.28平米 | 南 北,https://ke-image.ljcdn.com/110000-inspection/46c047d7-4414-49b7-a8b2-53e712147b40_1000.jpg!m_fill,w_280,h_210,f_jpg?from=ke.com
20240910,石景山,老山,101126428563,老山西街27号院 2室1厅 南 北新上,310万,53486元/平,底层 (共6层) 2室1厅 | 57.96平米 | 南 北,https://s1.ljcdn.com/pegasus/redskull/images/common/default_house_list.png?_v=20240826145726
20240910,石景山,老山,101126373299,老山东里 2室1厅 南新上,240万,39801元/平,低楼层 (共16层) | 1986年 | 2室1厅 | 60.3平米 | 南,https://s1.ljcdn.com/pegasus/redskull/images/common/default_house_list.png?_v=20240826145726
20240910,石景山,老山,101126299074,满5年成本 中间楼层  采光充足 价格可谈,258万,40804元/平,中楼层 (共6层) | 1984年 | 2室1厅 | 63.23平米 | 南,https://s1.ljcdn.com/pegasus/redskull/images/common/default_house_list.png?_v=20240826145726
20240910,石景山,老山,101126001942,老山东里 2室1厅 南 北,235万,44107元/平,高楼层 (共6层) | 1983年 | 2室1厅 | 53.28平米 | 南 北,https://s1.ljcdn.com/pegasus/redskull/images/common/default_house_list.png?_v=20240826145726
20240910,石景山,老山,101125753326,老山东里 2室1厅 南 北,220万,43782元/平,中楼层 (共6层) | 1982年 | 2室1厅 | 50.25平米 | 南 北,https://s1.ljcdn.com/pegasus/redskull/images/common/default_house_list.png?_v=20240826145726
20240910,石景山,老山,101124505259,老山东里 2室1厅 东北,305万,46924元/平,高楼层 (共16层) | 1985年 | 2室1厅 | 65平米 | 东北,https://s1.ljcdn.com/pegasus/redskull/images/common/default_house_list.png?_v=20240826145726
20240910,石景山,老山,101123327906,满五年唯一 1999年钢混 两部电梯 带客厅两居 采光好,358万,49994元/平,高楼层 (共18层) 2室1厅 | 71.61平米 | 东南,https://s1.ljcdn.com/pegasus/redskull/images/common/default_house_list.png?_v=20240826145726
