20240906,东城,劲松,101126295641,农光里2014年建成的楼南北通透格局方正必看好房,372万,54023元/平,中楼层 (共6层) 2室1厅 | 68.86平米 | 南 北,https://ke-image.ljcdn.com/110000-inspection/bf5dba30-5fae-4270-8a00-eef068cecfd4_1000.jpg!m_fill,w_280,h_210,f_jpg?from=ke.com
20240906,东城,劲松,101126292331,武圣西里+满五唯一商品房+精装修+南北通透+钢混必看好房,302万,48971元/平,底层 (共6层) | 1982年 | 2室1厅 | 61.67平米 | 南 北,https://ke-image.ljcdn.com/110000-inspection/12ddf5ce-c38f-4fd4-a7c4-ff611641ba7c_1000.jpg!m_fill,w_280,h_210,f_jpg?from=ke.com
20240906,东城,劲松,101126288758,劲松地铁口 满五唯一 明厨明卫 南北通透 采光好必看好房,241万,36958元/平,底层 (共6层) 2室1厅 | 65.21平米 | 南 北,https://ke-image.ljcdn.com/110000-inspection/b2086b84-3254-4790-b650-c66d4d481353_1000.jpg!m_fill,w_280,h_210,f_jpg?from=ke.com
20240906,东城,劲松,101126282068,垂杨柳南里一层 朝南两居  环境好 不临街管理好必看好房,278万,56117元/平,底层 (共6层) | 1977年 | 2室1厅 | 49.54平米 | 南,https://ke-image.ljcdn.com/110000-inspection/2b9b35f2-f1c8-4af4-a660-6347c87d539a_1000.jpg!m_fill,w_280,h_210,f_jpg?from=ke.com
20240906,东城,劲松,101126249097,劲松五区 2室1厅 南必看好房,249万,47169元/平,低楼层 (共6层) 2室1厅 | 52.79平米 | 南,https://ke-image.ljcdn.com/110000-inspection/0aaa983c-7c6f-4947-8c51-ce65b0264458_1000.jpg!m_fill,w_280,h_210,f_jpg?from=ke.com
20240906,东城,劲松,101126295927,房子满五年唯一 高层没有遮挡 电梯直达必看好房,259万,41487元/平,顶层 (共18层) 2室1厅 | 62.43平米 | 西,https://ke-image.ljcdn.com/110000-inspection/709dee2d-1b93-449d-a1bd-32bb8c937db4_1000.jpg!m_fill,w_280,h_210,f_jpg?from=ke.com
20240906,东城,劲松,101126295471,劲松 农光里 南北向满五年唯一 明厨明卫必看好房,380万,53484元/平,高楼层 (共6层) 2室1厅 | 71.05平米 | 南 北,https://ke-image.ljcdn.com/110000-inspection/fa0e4361-761b-4fd3-a6b1-cd01160a7455_1000.jpg!m_fill,w_280,h_210,f_jpg?from=ke.com
20240906,东城,劲松,101126279664,劲松一区 2室0厅 南必看好房,239万,54956元/平,中楼层 (共5层) 2室0厅 | 43.49平米 | 南,https://ke-image.ljcdn.com/110000-inspection/27095b22-43c4-402d-9ee3-3eec8c2a80f7_1000.jpg!m_fill,w_280,h_210,f_jpg?from=ke.com
20240906,东城,劲松,101126201856,劲松三区 近地铁 低楼层 钢混 满五唯一必看好房,257万,51648元/平,低楼层 (共6层) 2室1厅 | 49.76平米 | 南,https://ke-image.ljcdn.com/110000-inspection/fb3eeee8-e6a6-4762-bdf3-7a15d6c27856_1000.jpg!m_fill,w_280,h_210,f_jpg?from=ke.com
20240906,东城,劲松,101126135310,农光南里大三居无遮挡视野好居住体验舒适,350万,45057元/平,中楼层 (共16层) | 1986年 | 3室1厅 | 77.68平米 | 西北,https://ke-image.ljcdn.com/110000-inspection/9e487a99-3741-417f-aaed-fcda93791dc5_1000.jpg!m_fill,w_280,h_210,f_jpg?from=ke.com
20240906,东城,劲松,101126098351,满五唯一布局合理中高层近地铁采光视野好必看好房,332万,53180元/平,高楼层 (共18层) 2室1厅 | 62.43平米 | 西 南 北,https://ke-image.ljcdn.com/110000-inspection/db0b5d23-bc43-4c60-adca-cbaffda693bf_1000.jpg!m_fill,w_280,h_210,f_jpg?from=ke.com
20240906,东城,劲松,101126087851,劲松五区电梯直达独院管理楼道管理好必看好房,336万,54644元/平,中楼层 (共16层) 2室1厅 | 61.49平米 | 东 南,https://ke-image.ljcdn.com/110000-inspection/pc1_4LaQOEZwK_1.jpg!m_fill,w_280,h_210,f_jpg?from=ke.com
20240906,东城,劲松,101126080015,农光东里  满五唯一中间层全明  户型必看好房,199万,46237元/平,中楼层 (共6层) 1室1厅 | 43.04平米 | 东,https://ke-image.ljcdn.com/110000-inspection/e94f9cf9-f12e-423d-b60d-58aa09c142a5_1000.jpg!m_fill,w_280,h_210,f_jpg?from=ke.com
20240906,东城,劲松,101126068426,劲松一区 2室1厅 南必看好房,215万,50246元/平,中楼层 (共5层) | 1977年 | 2室1厅 | 42.79平米 | 南,https://ke-image.ljcdn.com/110000-inspection/ed2f2c5d-07b8-4a5d-98e3-ce0c44b7ced1_1000.jpg!m_fill,w_280,h_210,f_jpg?from=ke.com
20240906,东城,劲松,101126060533,此房满五年唯一住房 南北通透格局 有执照,390万,55755元/平,底层 (共5层) 3室1厅 | 69.95平米 | 南 北,https://ke-image.ljcdn.com/110000-inspection/042b11dd-8896-49fb-a724-c3b9a70b4fc4_1000.jpg!m_fill,w_280,h_210,f_jpg?from=ke.com
20240906,东城,劲松,101126045806,农光里中社区社科院 南向三居好楼层 视野采光棒,620万,56008元/平,高楼层 (共20层) | 2003年 | 3室2厅 | 110.7平米 | 西南,https://ke-image.ljcdn.com/110000-inspection/aa1cb9f0-0477-476c-b8cb-bba0b1c2df64_1000.jpg!m_fill,w_280,h_210,f_jpg?from=ke.com
20240906,东城,劲松,101125988913,此房南北通透格局好满五唯一购房成本低前后不临街必看好房,249万,56259元/平,底层 (共5层) | 1987年 | 2室1厅 | 44.26平米 | 南 北,https://ke-image.ljcdn.com/110000-inspection/a967c976-26f6-47a9-805e-fb8f5b74520b_1000.jpg!m_fill,w_280,h_210,f_jpg?from=ke.com
20240906,东城,劲松,101125969782,农光东里必看好房,420万,55993元/平,低楼层 (共6层) | 1991年 | 3室1厅 | 75.01平米 | 南 北,https://ke-image.ljcdn.com/110000-inspection/ce3e31f3-541d-4955-a5bd-dee36a6d8389_1000.jpg!m_fill,w_280,h_210,f_jpg?from=ke.com
20240906,东城,劲松,101125914432,满五唯一高楼层采光好交通便利中国银行宿舍楼,454万,54100元/平,高楼层 (共24层) | 1998年 | 2室2厅 | 83.92平米 | 西南,https://ke-image.ljcdn.com/110000-inspection/pc1_ynwu5Qd8Q_1.jpg!m_fill,w_280,h_210,f_jpg?from=ke.com
20240906,东城,劲松,101125848688,新上垂杨柳北里二居室南北通透全明格局单价不高,274万,43198元/平,顶层 (共5层) 2室1厅 | 63.43平米 | 南 北,https://ke-image.ljcdn.com/110000-inspection/bec3afbe-4892-4c5a-8277-15faa8c97203_1000.jpg!m_fill,w_280,h_210,f_jpg?from=ke.com
20240906,东城,劲松,101125843013,劲松九区双南向视野很开阔采光充足电梯直达。必看好房,345万,52817元/平,高楼层 (共16层) | 1986年 | 2室1厅 | 65.32平米 | 西南,https://ke-image.ljcdn.com/110000-inspection/61720bf8-2b8c-4a35-a451-dcfed1132916_1000.jpg!m_fill,w_280,h_210,f_jpg?from=ke.com
20240906,东城,劲松,101125841462,高楼层采光好电梯直达中国银行家属楼地铁150m,388万,61199元/平,高楼层 (共24层) | 1998年 | 2室1厅 | 63.4平米 | 东南,https://ke-image.ljcdn.com/110000-inspection/f1a6e7a1-66ad-4fd9-82dc-3ce03dfb376e_1000.jpg!m_fill,w_280,h_210,f_jpg?from=ke.com
20240906,东城,劲松,101125831182,武圣西里 南北通透明厅带装修两居 满五唯一诚心出售必看好房,228万,38134元/平,顶层 (共6层) | 1984年 | 2室1厅 | 59.79平米 | 南 北,https://ke-image.ljcdn.com/110000-inspection/14f9eb88-fcdc-41a0-aa61-3040075922b3_1000.jpg!m_fill,w_280,h_210,f_jpg?from=ke.com
20240906,东城,劲松,101125807398,农光东里必看好房,286万,49852元/平,低楼层 (共6层) | 1991年 | 2室1厅 | 57.37平米 | 南 北,https://ke-image.ljcdn.com/110000-inspection/dd785b5a-8827-429a-80ed-9cc567e63f32_1000.jpg!m_fill,w_280,h_210,f_jpg?from=ke.com
20240906,东城,劲松,101125743117,武圣东里 2室1厅 东南必看好房,259万,46317元/平,中楼层 (共6层) 2室1厅 | 55.92平米 | 东南,https://ke-image.ljcdn.com/110000-inspection/pc1_K6H6sVItN_1.jpg!m_fill,w_280,h_210,f_jpg?from=ke.com
20240906,东城,劲松,101125740946,东二环 满五唯一 08年商品房 业主诚心卖 电梯房必看好房,568万,64737元/平,高楼层 (共24层) | 2008年 | 2室1厅 | 87.74平米 | 西南,https://ke-image.ljcdn.com/110000-inspection/765358d4-c2e6-4cda-ac0a-a40eedc36701_1000.jpg!m_fill,w_280,h_210,f_jpg?from=ke.com
20240906,东城,劲松,101125732566,劲松南路独门独院管理满五唯一采光好视野好95年房龄,298万,47926元/平,顶层 (共18层) 2室1厅 | 62.18平米 | 东南,https://ke-image.ljcdn.com/110000-inspection/dbdb8284-9687-4d5d-ae40-a76c78d00905_1000.jpg!m_fill,w_280,h_210,f_jpg?from=ke.com
20240906,东城,劲松,101125696574,劲松南路满五年大客厅钢混结构必看好房,348万,48884元/平,底层 (共18层) | 1993年 | 2室1厅 | 71.19平米 | 东南,https://ke-image.ljcdn.com/110000-inspection/bfc3576b-f65d-4cf6-b25b-48a0940ca30f_1000.jpg!m_fill,w_280,h_210,f_jpg?from=ke.com
20240906,东城,劲松,101125518340,农光东里 满五唯一2居 采光好 无遮挡 近地铁,236万,43810元/平,顶层 (共6层) | 1992年 | 2室1厅 | 53.87平米 | 东,https://ke-image.ljcdn.com/110000-inspection/0596fd02-fed7-4318-bc86-f787f58f524c_1000.jpg!m_fill,w_280,h_210,f_jpg?from=ke.com
20240906,东城,劲松,101125487728,劲松北工大 农光南路 满五唯一 近地铁 业主诚意出必看好房,298万,41872元/平,顶层 (共14层) 1室1厅 | 71.17平米 | 南 北,https://ke-image.ljcdn.com/110000-inspection/5f4789d3-bf6e-4b66-a24f-203e48edf5ef_1000.jpg!m_fill,w_280,h_210,f_jpg?from=ke.com
20240906,东城,劲松,101125487009,农光南路满五唯一 南北通透大客厅电梯三居 停车方便必看好房,450万,46812元/平,中楼层 (共14层) 3室1厅 | 96.13平米 | 南 北,https://ke-image.ljcdn.com/110000-inspection/pc1_w8lsa3tZh_1.jpg!m_fill,w_280,h_210,f_jpg?from=ke.com
20240906,东城,劲松,101125483285,劲松 平乐园 全明一居 中间层 两条地铁 出行方便必看好房,215万,50648元/平,中楼层 (共6层) 1室1厅 | 42.45平米 | 南,https://ke-image.ljcdn.com/110000-inspection/226a8c7e-3cb1-426c-b9bc-a8061318d95a_1000.jpg!m_fill,w_280,h_210,f_jpg?from=ke.com
20240906,东城,劲松,101125434141,农光南路满五唯一 南向一居中间楼层采光好,210万,50615元/平,中楼层 (共4层) 1室1厅 | 41.49平米 | 南,https://ke-image.ljcdn.com/110000-inspection/bb769f68-e0ce-427a-9eb4-6b894bc1453c_1000.jpg!m_fill,w_280,h_210,f_jpg?from=ke.com
20240906,东城,劲松,101125314080,满五唯一 南北通透 楼龄新 电梯直达 采光好大客厅必看好房,388万,45626元/平,中楼层 (共14层) 3室1厅 | 85.04平米 | 南 北,https://ke-image.ljcdn.com/110000-inspection/fe3a0bf7-ec9e-4b35-ad26-a0effc5f4a1d_1000.jpg!m_fill,w_280,h_210,f_jpg?from=ke.com
20240906,东城,劲松,101125287866,劲松三区近地铁电梯直达南北通透小两居,253万,52863元/平,高楼层 (共12层) | 1980年 | 2室1厅 | 47.86平米 | 南 北,https://ke-image.ljcdn.com/110000-inspection/b4e6c7c3-4ed4-4272-8322-2763c24e19a0_1000.jpg!m_fill,w_280,h_210,f_jpg?from=ke.com
20240906,东城,劲松,101125258345,劲松四区 两居室 中间楼层 南北通透必看好房,305万,51012元/平,中楼层 (共6层) 2室1厅 | 59.79平米 | 南 北,https://ke-image.ljcdn.com/110000-inspection/a07dd93d-b4ab-474d-a878-b7aeb493b591_1000.jpg!m_fill,w_280,h_210,f_jpg?from=ke.com
20240906,东城,劲松,101125227217,农光东里 2室1厅 南 北必看好房,288万,52555元/平,中楼层 (共6层) | 1992年 | 2室1厅 | 54.8平米 | 南 北,https://ke-image.ljcdn.com/110000-inspection/514065be-f50a-4832-a43e-ef13e8589ae6_1000.jpg!m_fill,w_280,h_210,f_jpg?from=ke.com
20240906,东城,劲松,101125220477,劲松农光里 满五唯一 电梯直达近地铁 业主诚意出售必看好房,270万,56192元/平,高楼层 (共24层) 1室1厅 | 48.05平米 | 南,https://ke-image.ljcdn.com/110000-inspection/d4035fbb-f7c7-4531-a0e8-c475e2698c05_1000.jpg!m_fill,w_280,h_210,f_jpg?from=ke.com
20240906,东城,劲松,101125185224,二环外劲松光明桥南北两居室商品房诚意卖,610万,67688元/平,中楼层 (共24层) | 2008年 | 2室1厅 | 90.12平米 | 南 北,https://ke-image.ljcdn.com/110000-inspection/6b9a7d7e-19e6-4fee-b12d-a953794a7146_1000.jpg!m_fill,w_280,h_210,f_jpg?from=ke.com
20240906,东城,劲松,101125081187,武圣东里 2室1厅 南 北必看好房,272万,45258元/平,中楼层 (共6层) | 1987年 | 2室1厅 | 60.1平米 | 南 北,https://ke-image.ljcdn.com/110000-inspection/64b7bb3e-1841-4ff4-8876-c215891bc008_1000.jpg!m_fill,w_280,h_210,f_jpg?from=ke.com
20240906,东城,劲松,101125068713,满五唯一+南北通透+位置优越板楼中层必看好房,245万,51449元/平,中楼层 (共5层) 2室1厅 | 47.62平米 | 南 北,https://ke-image.ljcdn.com/110000-inspection/4bb92c90-9068-4eb9-8043-5c83cbb68002_1000.jpg!m_fill,w_280,h_210,f_jpg?from=ke.com
20240906,东城,劲松,101124949025,农光南里 2室1厅 南,315万,52747元/平,中楼层 (共16层) | 1983年 | 2室1厅 | 59.72平米 | 南,https://ke-image.ljcdn.com/110000-inspection/b5cee87a-24c4-453b-bc5d-11595b768972_1000.jpg!m_fill,w_280,h_210,f_jpg?from=ke.com
20240906,东城,劲松,101124688593,2000年商品房 高层电梯 交通便利 户型方正必看好房,240万,46057元/平,高楼层 (共12层) 1室1厅 | 52.11平米 | 东,https://ke-image.ljcdn.com/110000-inspection/a21d269e-4629-497c-9b91-37787e888988_1000.jpg!m_fill,w_280,h_210,f_jpg?from=ke.com
20240906,东城,劲松,101124577898,97年电梯房户型格局好诚意出售随时看房随时签必看好房,318万,50938元/平,中楼层 (共18层) 2室1厅 | 62.43平米 | 东南,https://ke-image.ljcdn.com/110000-inspection/d0e35c92-e6b6-4f3c-bfe7-b629308bfd61_1000.jpg!m_fill,w_280,h_210,f_jpg?from=ke.com
20240906,东城,劲松,101124534774,抗震加固改造 近地铁 满五唯一 南北通透必看好房,299万,55279元/平,中楼层 (共6层) 2室1厅 | 54.09平米 | 东 南 北,https://ke-image.ljcdn.com/110000-inspection/7cfea9b9-25b4-4258-bad4-6542087e4d1c_1000.jpg!m_fill,w_280,h_210,f_jpg?from=ke.com
20240906,东城,劲松,101124361599,三环内满五年近地铁诚意出售,430万,59123元/平,中楼层 (共24层) | 1998年 | 3室1厅 | 72.73平米 | 东南,https://ke-image.ljcdn.com/110000-inspection/66c3aa8c-40cf-44b3-9866-b14d685135e4_1000.jpg!m_fill,w_280,h_210,f_jpg?from=ke.com
20240906,东城,劲松,101124102375,劲松九区南向一居中间楼层采光好,216万,48737元/平,中楼层 (共16层) | 1986年 | 1室1厅 | 44.32平米 | 南,https://ke-image.ljcdn.com/110000-inspection/9a232982-a4e5-4135-a205-e856618e801c_1000.jpg!m_fill,w_280,h_210,f_jpg?from=ke.com
20240906,东城,劲松,101124006452,潘家园建业苑板楼南北向三层小两居出售满五唯一必看好房,268万,48072元/平,中楼层 (共7层) 2室1厅 | 55.75平米 | 南 北,https://ke-image.ljcdn.com/110000-inspection/pc1_cuFq5EJGa.jpg!m_fill,w_280,h_210,f_jpg?from=ke.com
20240906,东城,劲松,101123733782,农光里南北通透两居全明格局近地铁  采光好  满五唯一必看好房,289万,48385元/平,低楼层 (共6层) 2室1厅 | 59.73平米 | 南 北,https://ke-image.ljcdn.com/110000-inspection/1cc2968b-9bcd-4031-b95c-4b05f05dfff2_1000.jpg!m_fill,w_280,h_210,f_jpg?from=ke.com
20240906,东城,劲松,101123688652,农光南路 满五唯一   精装修 南北通透3居  电梯房必看好房,438万,45564元/平,中楼层 (共14层) 3室1厅 | 96.13平米 | 南 北,https://ke-image.ljcdn.com/110000-inspection/pc1_sSbxxxM7l.jpg!m_fill,w_280,h_210,f_jpg?from=ke.com
20240906,东城,劲松,101123542411,钢混结构 随时可看 业主诚售 价格可谈必看好房,270万,44555元/平,中楼层 (共6层) | 1978年 | 2室1厅 | 60.6平米 | 北 南,https://ke-image.ljcdn.com/110000-inspection/9cac332d-a949-4f08-89bb-d8dcd252534b_1000.jpg!m_fill,w_280,h_210,f_jpg?from=ke.com
20240906,东城,劲松,101123307858,此房精装修东南朝向明厅双卧南向交通便利。房主自荐,427万,58735元/平,低楼层 (共18层) | 1994年 | 2室1厅 | 72.7平米 | 东南 南,https://ke-image.ljcdn.com/110000-inspection/3984bc88-5f75-491d-b249-49d09c7eac5b_1000.jpg!m_fill,w_280,h_210,f_jpg?from=ke.com
20240906,东城,劲松,101123180334,潘家园 武圣东里 南向 精装修一居室 有电梯,200万,52480元/平,低楼层 (共17层) | 1985年 | 1室1厅 | 38.11平米 | 南,https://ke-image.ljcdn.com/110000-inspection/ce5ce06b-85c0-4e4a-a5d8-4537d3d466f5_1000.jpg!m_fill,w_280,h_210,f_jpg?from=ke.com
20240906,东城,劲松,101123162074,武圣东里南北通透采光好前后没有遮挡视野开阔必看好房,270万,49569元/平,低楼层 (共6层) 2室1厅 | 54.47平米 | 南 北,https://ke-image.ljcdn.com/110000-inspection/8a1da0eb-803a-43f4-8b38-897dff56a0ae_1000.jpg!m_fill,w_280,h_210,f_jpg?from=ke.com
20240906,东城,劲松,101122776074,劲松二区       东二环 楼层视野好必看好房,296万,49015元/平,低楼层 (共12层) | 1979年 | 2室1厅 | 60.39平米 | 南 北,https://ke-image.ljcdn.com/110000-inspection/4361a4b6-ab5f-4687-a5fe-4d73219b7b70_1000.jpg!m_fill,w_280,h_210,f_jpg?from=ke.com
20240906,东城,劲松,101122002173,劲松四区中间楼层近超市地铁购物交通便利必看好房,240万,44037元/平,中楼层 (共12层) | 1979年 | 2室1厅 | 54.5平米 | 北 东,https://ke-image.ljcdn.com/110000-inspection/2f952af5-f9a5-4a83-a7d6-91e754d752cd_1000.jpg!m_fill,w_280,h_210,f_jpg?from=ke.com
20240906,东城,劲松,101121993240,房子南北通透 户型方正 楼层适宜 总监推荐必看好房,535万,60194元/平,底层 (共6层) 2室1厅 | 88.88平米 | 南 北,https://ke-image.ljcdn.com/110000-inspection/8715f361-3825-4614-8f8b-ee91f7d623e0_1000.jpg!m_fill,w_280,h_210,f_jpg?from=ke.com
20240906,东城,劲松,101120974714,明厨明卫大客厅电梯直达独楼独院管理,275万,51470元/平,中楼层 (共18层) | 1997年 | 1室1厅 | 53.43平米 | 南,https://ke-image.ljcdn.com/110000-inspection/bb939623-56af-4deb-83db-bb3bb6898e00_1000.jpg!m_fill,w_280,h_210,f_jpg?from=ke.com
20240906,东城,劲松,101120755938,满五唯一房改房正南向高楼层光线好必看好房,269万,55984元/平,高楼层 (共24层) | 1996年 | 1室1厅 | 48.05平米 | 南,https://ke-image.ljcdn.com/110000-inspection/479c3627-f2ca-4476-9ffb-703661cf2a0d_1000.jpg!m_fill,w_280,h_210,f_jpg?from=ke.com
20240906,东城,劲松,101118782030,垂杨柳南里 一层 适合各年龄段人群居住必看好房,339万,64633元/平,底层 (共6层) 2室1厅 | 52.45平米 | 南,https://ke-image.ljcdn.com/110000-inspection/a9333148-0317-4f42-815b-9e23dfa3215a_1000.jpg!m_fill,w_280,h_210,f_jpg?from=ke.com
20240906,东城,劲松,101126192898,劲松三区好格局二居室公积金贷款23年诚意出售必看好房,239万,43305元/平,低楼层 (共12层) | 1980年 | 2室1厅 | 55.19平米 | 西北,https://ke-image.ljcdn.com/110000-inspection/pc1_DbMwbLmIj.jpg!m_fill,w_280,h_210,f_jpg?from=ke.com
20240906,东城,劲松,101125590697,农光里 2室2厅 南 北,480万,54795元/平,中楼层 (共6层) 2室2厅 | 87.6平米 | 南 北,https://ke-image.ljcdn.com/110000-inspection/pc1_ZghY70VfZ.jpg!m_fill,w_280,h_210,f_jpg?from=ke.com
20240906,东城,劲松,101125322297,广和南里二条 交通便利 满五年唯一住房 南北通透,335万,53885元/平,中楼层 (共6层) | 1986年 | 2室1厅 | 62.17平米 | 南 北,https://ke-image.ljcdn.com/110000-inspection/ece80a47-a72a-4e8f-ac57-470d1403e573_1000.jpg!m_fill,w_280,h_210,f_jpg?from=ke.com
20240906,东城,劲松,101124973331,乐澜宝邸精装修南北通透户型方正房主自荐,1199万,71857元/平,高楼层 (共28层) | 2003年 | 4室1厅 | 166.86平米 | 南 北,https://ke-image.ljcdn.com/110000-inspection/a4628a52-cea5-4ac3-958a-b5a8eff3eee2_1000.jpg!m_fill,w_280,h_210,f_jpg?from=ke.com
20240906,东城,劲松,101124943878,劲松五区楼层合适户型方正居住舒适。,275万,52834元/平,低楼层 (共6层) 2室1厅 | 52.05平米 | 南 西,https://ke-image.ljcdn.com/110000-inspection/559f66e1-f01e-43ed-9642-4cedb37251fd_1000.jpg!m_fill,w_280,h_210,f_jpg?from=ke.com
20240906,东城,劲松,101124943470,垂西社区楼层好户型房正单价低诚意卖房。,290万,41211元/平,中楼层 (共4层) 2室1厅 | 70.37平米 | 东 西,https://ke-image.ljcdn.com/110000-inspection/pc1_QUdngEDBQ.jpg!m_fill,w_280,h_210,f_jpg?from=ke.com
20240906,东城,劲松,101124423411,劲松一区 3室1厅 南 北必看好房,296万,49899元/平,底层 (共6层) 3室1厅 | 59.32平米 | 南 北,https://ke-image.ljcdn.com/110000-inspection/pc1_BGwS0lfxN_1.jpg!m_fill,w_280,h_210,f_jpg?from=ke.com
20240906,东城,劲松,101123681396,广渠门外大街 满五唯一 楼下地铁,335万,55621元/平,低楼层 (共12层) | 1986年 | 2室1厅 | 60.23平米 | 南,https://ke-image.ljcdn.com/110000-inspection/pc1_BrKUFZcrg.jpg!m_fill,w_280,h_210,f_jpg?from=ke.com
20240906,东城,劲松,101123518369,劲松八区 1室1厅 南必看好房,210万,46471元/平,高楼层 (共16层) 1室1厅 | 45.19平米 | 南,https://ke-image.ljcdn.com/110000-inspection/76961e0b-6253-4a52-a9f4-117bc7eefd23_1000.jpg!m_fill,w_280,h_210,f_jpg?from=ke.com
20240906,东城,劲松,101123514744,紫东苑 2001年商品房 大客厅两居必看好房,555万,53146元/平,低楼层 (共22层) 2室2厅 | 104.43平米 | 南,https://ke-image.ljcdn.com/110000-inspection/882b4cb1-6cb8-406e-a654-79a922c1d1c5_1000.jpg!m_fill,w_280,h_210,f_jpg?from=ke.com
20240906,东城,劲松,101122428498,总监推荐 劲松五区 顶层复式  管理好 带车位必看好房,660万,53295元/平,顶层 (共6层) 3室3厅 | 123.84平米 | 南 北,https://ke-image.ljcdn.com/110000-inspection/edb1aaa7-cda5-4a46-8344-7a2b8924a947_1000.jpg!m_fill,w_280,h_210,f_jpg?from=ke.com
20240906,东城,劲松,101124142367,乐澜宝邸小区南北通透四居室,950万,57116元/平,低楼层 (共28层) | 2003年 | 4室1厅 | 166.33平米 | 南 北,https://s1.ljcdn.com/pegasus/redskull/images/common/default_house_list.png?_v=20240826145726
20240906,东城,劲松,101126384419,垂杨柳南里 高楼层 南北通透 明厨明卫 近地铁新上,205万,42000元/平,顶层 (共6层) | 1977年 | 2室1厅 | 48.81平米 | 南 北,https://ke-image.ljcdn.com/110000-inspection/25922949-558f-4952-b69f-b9179dd5c3ef_1000.jpg!m_fill,w_280,h_210,f_jpg?from=ke.com
20240906,东城,劲松,101126344758,10号线劲松农光里小区南北通透两居室满五唯一诚意卖新上,365万,57309元/平,高楼层 (共6层) 2室1厅 | 63.69平米 | 南 北,https://ke-image.ljcdn.com/110000-inspection/fa31580a-17a6-4e90-9cd1-3034922b66fa_1000.jpg!m_fill,w_280,h_210,f_jpg?from=ke.com
20240906,东城,劲松,101126328889,劲松二区田字格南北通透无遮挡采光好新上,379万,53532元/平,高楼层 (共6层) | 1978年 | 3室1厅 | 70.8平米 | 南 北,https://ke-image.ljcdn.com/110000-inspection/abbc77b3-a6ce-4f61-89f3-0f0e1f92bc63_1000.jpg!m_fill,w_280,h_210,f_jpg?from=ke.com
20240906,东城,劲松,101126324094,农光里2000年楼龄新 电梯直达 满五唯一明厨明卫新上,338万,50141元/平,高楼层 (共13层) | 2002年 | 2室1厅 | 67.41平米 | 北,https://ke-image.ljcdn.com/110000-inspection/6e98ab74-75f0-4e98-adba-05aed9e7a803_1000.jpg!m_fill,w_280,h_210,f_jpg?from=ke.com
20240906,东城,劲松,101126322967,武圣西里+满五唯一商品房+公积金67-房龄新上,258万,48162元/平,高楼层 (共6层) | 1983年 | 2室1厅 | 53.57平米 | 东 西,https://ke-image.ljcdn.com/110000-inspection/54c665ea-31c1-4ca5-9eb1-07789124c98e_1000.jpg!m_fill,w_280,h_210,f_jpg?from=ke.com
20240906,东城,劲松,101126321734,劲松八区 3室1厅 东北新上,249万,40901元/平,顶层 (共16层) 3室1厅 | 60.88平米 | 东北,https://ke-image.ljcdn.com/110000-inspection/77164d77-976d-43ea-848d-021a10204289_1000.jpg!m_fill,w_280,h_210,f_jpg?from=ke.com
20240906,东城,劲松,101126312005,劲松南路中间层优质两居室无遮挡新上,450万,61543元/平,中楼层 (共18层) | 1993年 | 2室1厅 | 73.12平米 | 东南,https://ke-image.ljcdn.com/110000-inspection/35c1d664-200b-46ef-b873-c9066aa2023b_1000.jpg!m_fill,w_280,h_210,f_jpg?from=ke.com
20240906,东城,劲松,101126300143,武圣东里2居近地铁低楼层看房方便急售新上,255万,50436元/平,低楼层 (共6层) 2室1厅 | 50.56平米 | 东,https://ke-image.ljcdn.com/110000-inspection/def4d9f4-de86-43db-9255-a72cec60e51e_1000.jpg!m_fill,w_280,h_210,f_jpg?from=ke.com
20240906,东城,劲松,101126294970,优士阁 1室1厅 东新上,210万,42866元/平,中楼层 (共30层) | 2004年 | 1室1厅 | 48.99平米 | 东,https://ke-image.ljcdn.com/110000-inspection/0bae5860-0e0b-499e-85c6-7feb6e1f5220_1000.jpg!m_fill,w_280,h_210,f_jpg?from=ke.com
20240906,东城,劲松,101126278322,双井 垂杨柳北里 户型好 满五年 一套 近地铁新上,249万,45764元/平,顶层 (共5层) 2室1厅 | 54.41平米 | 南,https://ke-image.ljcdn.com/110000-inspection/pc1_Uw8sZplAV.jpg!m_fill,w_280,h_210,f_jpg?from=ke.com
20240906,东城,劲松,101126276170,满五唯一全明格局业主诚意出售新上,279万,58113元/平,顶层 (共5层) 2室1厅 | 48.01平米 | 南 北,https://ke-image.ljcdn.com/110000-inspection/388eeba9-a971-4b72-985c-bcf742878743_1000.jpg!m_fill,w_280,h_210,f_jpg?from=ke.com
20240906,东城,劲松,101126263426,农光南路满五年唯一 南向大客厅 明厨明卫房主自荐,280万,53192元/平,中楼层 (共18层) | 1998年 | 1室1厅 | 52.64平米 | 南,https://ke-image.ljcdn.com/110000-inspection/ba0a14b0-8be7-414a-8b1a-9e26252e04f0_1000.jpg!m_fill,w_280,h_210,f_jpg?from=ke.com
20240906,东城,劲松,101126259684,房子精装修南北通透两居室大客厅距离地铁近。,398万,57341元/平,中楼层 (共6层) 2室1厅 | 69.41平米 | 南 北,https://ke-image.ljcdn.com/110000-inspection/6ab99f8d-0010-49de-a995-520947560782_1000.jpg!m_fill,w_280,h_210,f_jpg?from=ke.com
20240906,东城,劲松,101126253743,农光里南北通透次顶层大客厅带窗满五唯一近地铁有车位房主自荐,368万,57780元/平,高楼层 (共6层) 2室1厅 | 63.69平米 | 南 北,https://ke-image.ljcdn.com/110000-inspection/727c7ee4-5f18-4c82-b9a0-9aa6ce1aecc4_1000.jpg!m_fill,w_280,h_210,f_jpg?from=ke.com
20240906,东城,劲松,101126247393,优士阁业主靠谱卖房价格可谈产权明晰,265万,37446元/平,中楼层 (共30层) | 2004年 | 2室1厅 | 70.77平米 | 东,https://ke-image.ljcdn.com/110000-inspection/pc1_ijoGIpujw_1.jpg!m_fill,w_280,h_210,f_jpg?from=ke.com
20240906,东城,劲松,101126246209,急售急售！双井3条地铁交汇高楼层远眺视线采光好,399万,41058元/平,高楼层 (共30层) | 2004年 | 3室1厅 | 97.18平米 | 西,https://ke-image.ljcdn.com/110000-inspection/20d24a71-9605-4773-96ec-2aee339b8c48_1000.jpg!m_fill,w_280,h_210,f_jpg?from=ke.com
20240906,东城,劲松,101126244689,电梯直达视野好采光好近地铁满五年唯一,359万,55062元/平,中楼层 (共16层) 2室1厅 | 65.2平米 | 西南,https://ke-image.ljcdn.com/110000-inspection/a07cf508-fb22-4147-88c4-cd964d950a2b_1000.jpg!m_fill,w_280,h_210,f_jpg?from=ke.com
20240906,东城,劲松,101126224490,挑高2.8米双南向不临街精装修保养好通勤便利,330万,55258元/平,中楼层 (共16层) | 1986年 | 2室1厅 | 59.72平米 | 西南,https://ke-image.ljcdn.com/110000-inspection/ef068ac3-48af-4e5c-b549-e149d424b01b_1000.jpg!m_fill,w_280,h_210,f_jpg?from=ke.com
20240906,东城,劲松,101126220787,劲松四区电梯直达看房方便业主诚意出售房主自荐,289万,60562元/平,低楼层 (共12层) | 1979年 | 2室1厅 | 47.72平米 | 西南,https://ke-image.ljcdn.com/110000-inspection/pc1_kLO34qGa2_1.jpg!m_fill,w_280,h_210,f_jpg?from=ke.com
20240906,东城,劲松,101126201913,农光南路南北通透电梯两居大客厅层高2.7满贷30年,380万,44685元/平,顶层 (共14层) 2室2厅 | 85.04平米 | 南 北,https://ke-image.ljcdn.com/110000-inspection/378e7c63-2d32-46e8-8b2a-a997e8d46a1c_1000.jpg!m_fill,w_280,h_210,f_jpg?from=ke.com
20240906,东城,劲松,101126196837,武圣东里 3室1厅 南 北,410万,53407元/平,低楼层 (共17层) 3室1厅 | 76.77平米 | 南 北,https://ke-image.ljcdn.com/110000-inspection/c1424328-f4f1-4c74-b0bd-7aa95b6497e6_1000.jpg!m_fill,w_280,h_210,f_jpg?from=ke.com
20240906,东城,劲松,101126194339,武圣东里3号楼独立楼栋有一个大阳台没有算进套内面积,248万,48552元/平,底层 (共6层) 2室1厅 | 51.08平米 | 西 北,https://ke-image.ljcdn.com/110000-inspection/591a32c3-3758-4c71-bb14-d133c759ab9c_1000.jpg!m_fill,w_280,h_210,f_jpg?from=ke.com
20240906,东城,劲松,101126176464,农光里 2室1厅 南 北,276万,58811元/平,顶层 (共5层) | 1973年 | 2室1厅 | 46.93平米 | 南 北,https://ke-image.ljcdn.com/110000-inspection/1871537d-c200-4c8b-a3a6-5d5fa4a59f1c_1000.jpg!m_fill,w_280,h_210,f_jpg?from=ke.com
20240906,东城,劲松,101126164874,劲松三区 中间层 明厨明卫 布局合理 地铁200米,315万,52136元/平,中楼层 (共6层) 2室1厅 | 60.42平米 | 南 北,https://ke-image.ljcdn.com/110000-inspection/67f666eb-1e70-4df4-bf64-0dc42a7dbf17_1000.jpg!m_fill,w_280,h_210,f_jpg?from=ke.com
20240906,东城,劲松,101126158154,垂杨柳南里满五唯一不临街采光好,265万,51109元/平,高楼层 (共6层) 2室1厅 | 51.85平米 | 南,https://ke-image.ljcdn.com/110000-inspection/ef9d8dc3-c365-4d64-8244-4a69675bbae3_1000.jpg!m_fill,w_280,h_210,f_jpg?from=ke.com
20240906,东城,劲松,101126135073,农光南里满五年唯一近地铁780米户型方正业主诚卖房主自荐,350万,47841元/平,中楼层 (共16层) | 1983年 | 3室1厅 | 73.16平米 | 东北,https://ke-image.ljcdn.com/110000-inspection/e609b35b-8582-4f0e-b6bd-9536f44297ad_1000.jpg!m_fill,w_280,h_210,f_jpg?from=ke.com
20240906,东城,劲松,101126124657,农光东里 2室1厅 南 北,360万,54055元/平,中楼层 (共12层) 2室1厅 | 66.6平米 | 南 北,https://ke-image.ljcdn.com/110000-inspection/c4e375b9-0a99-4333-b9fb-884ffc31cf31_1000.jpg!m_fill,w_280,h_210,f_jpg?from=ke.com
20240906,东城,劲松,101126077770,优士阁 2室1厅 东,438万,39935元/平,低楼层 (共30层) 2室1厅 | 109.68平米 | 东,https://ke-image.ljcdn.com/110000-inspection/aeab48a9-7ba9-46f8-b167-3246ecc4ac37_1000.jpg!m_fill,w_280,h_210,f_jpg?from=ke.com
20240906,东城,劲松,101126021338,潘家园 武圣东里 两居室 南北通透 精装修 大客厅房主自荐,306万,56178元/平,顶层 (共6层) | 1983年 | 2室1厅 | 54.47平米 | 南 北,https://ke-image.ljcdn.com/110000-inspection/9b6f1efc-00fb-4847-94db-82e8c0f10f8a_1000.jpg!m_fill,w_280,h_210,f_jpg?from=ke.com
20240906,东城,劲松,101126017499,农光南里精装修两居 电梯直达 靠近地铁,355万,56198元/平,中楼层 (共17层) | 1989年 | 2室1厅 | 63.17平米 | 东 北,https://ke-image.ljcdn.com/110000-inspection/bfa0cd09-4682-419d-9bc7-a214e15f33bc_1000.jpg!m_fill,w_280,h_210,f_jpg?from=ke.com
20240906,东城,劲松,101126014736,潘家园武圣西里 满五唯一 近地铁 业主诚意出售,230万,40802元/平,顶层 (共6层) 2室1厅 | 56.37平米 | 西南,https://ke-image.ljcdn.com/110000-inspection/e00f886f-02d7-4ee1-ba6e-19be9aac9098_1000.jpg!m_fill,w_280,h_210,f_jpg?from=ke.com
20240906,东城,劲松,101126009222,劲松二区 低楼层 两个卧室朝南一个卧室、厨房和卫,450万,57545元/平,底层 (共6层) | 1981年 | 3室1厅 | 78.2平米 | 南 北,https://ke-image.ljcdn.com/110000-inspection/54a228bf-03a6-4f8c-95c1-261f3ddbb38d_1000.jpg!m_fill,w_280,h_210,f_jpg?from=ke.com
20240906,东城,劲松,101126007001,双井商圈 三地铁 精装修 拎包入住房主自荐,470万,62592元/平,中楼层 (共6层) 3室1厅 | 75.09平米 | 南 北,https://ke-image.ljcdn.com/110000-inspection/4429d9f9-dbc2-4dd1-a19f-6f2f691165e7_1000.jpg!m_fill,w_280,h_210,f_jpg?from=ke.com
20240906,东城,劲松,101125994126,垂杨柳北里 3室1厅 东,385万,46855元/平,中楼层 (共18层) | 1988年 | 3室1厅 | 82.17平米 | 东,https://ke-image.ljcdn.com/110000-inspection/4f9a8222-af89-4c39-8257-8b0302946af0_1000.jpg!m_fill,w_280,h_210,f_jpg?from=ke.com
20240906,东城,劲松,101125968991,电梯房！南北通透实用面积59出行方便配套齐全,320万,62136元/平,中楼层 (共6层) 2室1厅 | 51.5平米 | 南 北,https://ke-image.ljcdn.com/110000-inspection/b4689c17-795a-42d3-92e6-d44bb467b5e4_1000.jpg!m_fill,w_280,h_210,f_jpg?from=ke.com
20240906,东城,劲松,101125967556,武圣西里 近地铁 中间楼层 视野好 精装修拎包入住房主自荐,209万,50976元/平,中楼层 (共6层) 1室1厅 | 41平米 | 东,https://ke-image.ljcdn.com/110000-inspection/448cbae5-29dc-438f-9df5-adf0becf1bc6_1000.jpg!m_fill,w_280,h_210,f_jpg?from=ke.com
20240906,东城,劲松,101125955380,农光里 2室1厅 南 北,495万,56507元/平,低楼层 (共6层) 2室1厅 | 87.6平米 | 南 北,https://ke-image.ljcdn.com/110000-inspection/2aba562d-01c8-4fd4-9593-0766076564e4_1000.jpg!m_fill,w_280,h_210,f_jpg?from=ke.com
20240906,东城,劲松,101125949001,垂杨柳中里小户型两居室业主诚意出售低楼层,230万,57500元/平,底层 (共4层) 2室1厅 | 40平米 | 北,https://ke-image.ljcdn.com/110000-inspection/pc1_9c4uXlrTe.jpg!m_fill,w_280,h_210,f_jpg?from=ke.com
20240906,东城,劲松,101125927761,劲松农光里 满五年 楼龄新 近地铁 业主诚意出售,476万,53932元/平,低楼层 (共6层) 2室2厅 | 88.26平米 | 东 西,https://ke-image.ljcdn.com/110000-inspection/37adeb3d-3cfd-4e4b-a097-715e7a642981_1000.jpg!m_fill,w_280,h_210,f_jpg?from=ke.com
20240906,东城,劲松,101125913254,采光充足 视野开阔 满五唯一 下楼地铁,379万,45619元/平,低楼层 (共18层) | 1993年 | 2室1厅 | 83.08平米 | 东北,https://ke-image.ljcdn.com/110000-inspection/8c9fe617-3ae7-42ea-8f7d-537e0f8ae488_1000.jpg!m_fill,w_280,h_210,f_jpg?from=ke.com
20240906,东城,劲松,101125907731,武圣东里全南两居明厨明卫两居室,285万,51640元/平,低楼层 (共6层) | 1985年 | 2室1厅 | 55.19平米 | 南,https://ke-image.ljcdn.com/110000-inspection/5178857a-ae54-4437-bff3-5a97b11ed5e2_1000.jpg!m_fill,w_280,h_210,f_jpg?from=ke.com
20240906,东城,劲松,101125904935,光明桥、户型方正东西向两居公积金可贷款时间长,275万,44774元/平,中楼层 (共12层) | 1984年 | 2室1厅 | 61.42平米 | 东 西,https://ke-image.ljcdn.com/110000-inspection/115e1f5c-b20d-46c7-855d-c6686531fdbc_1000.jpg!m_fill,w_280,h_210,f_jpg?from=ke.com
20240906,东城,劲松,101125894645,武圣东里 2室1厅 北 南,288万,50580元/平,中楼层 (共6层) 2室1厅 | 56.94平米 | 北 南,https://ke-image.ljcdn.com/110000-inspection/68d610b9-f4c0-47c6-b308-5fdb9ce46c86_1000.jpg!m_fill,w_280,h_210,f_jpg?from=ke.com
20240906,东城,劲松,101125892505,满五唯一 双地铁 电梯直达 中楼层 楼道干净,318万,52123元/平,中楼层 (共18层) 2室1厅 | 61.01平米 | 西南 北,https://ke-image.ljcdn.com/110000-inspection/bdba5f40-fbee-41dd-9443-605b7336be7e_1000.jpg!m_fill,w_280,h_210,f_jpg?from=ke.com
20240906,东城,劲松,101125886519,此房是满五年唯一的电梯房、钢混结构南向无遮挡。,216万,57158元/平,高楼层 (共12层) 1室1厅 | 37.79平米 | 南 北,https://ke-image.ljcdn.com/110000-inspection/b82fe5bd-b038-4e82-bab5-49e44f9f22bd_1000.jpg!m_fill,w_280,h_210,f_jpg?from=ke.com
20240906,东城,劲松,101125865571,农光里中社区全南一居楼龄新组合贷近地铁10号线,289万,66027元/平,中楼层 (共24层) 1室1厅 | 43.77平米 | 南,https://ke-image.ljcdn.com/110000-inspection/e8abbb20-6160-4b82-a6fd-fe7666119c60_1000.jpg!m_fill,w_280,h_210,f_jpg?from=ke.com
20240906,东城,劲松,101125859732,农光东里 满五年 精装修 看房方便,285万,46737元/平,高楼层 (共6层) 2室1厅 | 60.98平米 | 东 西,https://ke-image.ljcdn.com/110000-inspection/pc1_3PNPJhdcd.jpg!m_fill,w_280,h_210,f_jpg?from=ke.com
20240906,东城,劲松,101125837564,劲松一区 2室1厅 南,315万,52747元/平,低楼层 (共12层) 2室1厅 | 59.72平米 | 南,https://ke-image.ljcdn.com/110000-inspection/94b38d1b-1748-4c5b-835d-43bbff111146_1000.jpg!m_fill,w_280,h_210,f_jpg?from=ke.com
20240906,东城,劲松,101125836919,东二环电梯房东南向满五唯一商品房劲松地铁视野好,328万,53456元/平,高楼层 (共18层) 2室2厅 | 61.36平米 | 东南,https://ke-image.ljcdn.com/110000-inspection/1b530d29-9a4a-4776-86b9-97e86d90a363_1000.jpg!m_fill,w_280,h_210,f_jpg?from=ke.com
20240906,东城,劲松,101125834884,劲松南路东南向中间层两居室采光好装修好,390万,62361元/平,中楼层 (共18层) | 1993年 | 2室1厅 | 62.54平米 | 东南,https://ke-image.ljcdn.com/110000-inspection/977ef9af-0c1f-4d0d-ba3d-7b9162f9c7a2_1000.jpg!m_fill,w_280,h_210,f_jpg?from=ke.com
20240906,东城,劲松,101125831123,劲松九区 4室1厅 东 西,439万,51059元/平,底层 (共12层) | 1988年 | 4室1厅 | 85.98平米 | 东 西,https://ke-image.ljcdn.com/110000-inspection/pc1_dKfXTbJmy_1.jpg!m_fill,w_280,h_210,f_jpg?from=ke.com
20240906,东城,劲松,101125823869,近地铁中间楼层南北通透精装修满五唯一,256万,52267元/平,中楼层 (共6层) | 1995年 | 1室1厅 | 48.98平米 | 南 北,https://ke-image.ljcdn.com/110000-inspection/7946aea3-c3f3-4790-8c85-a4e8afdee7e6_1000.jpg!m_fill,w_280,h_210,f_jpg?from=ke.com
20240906,东城,劲松,101125791158,楼层好电梯直达南向两居户型方正双阳台近地铁,343万,58166元/平,中楼层 (共16层) | 1986年 | 2室1厅 | 58.97平米 | 南,https://ke-image.ljcdn.com/110000-inspection/eb0cdb1b-cfa3-45e6-a03f-d6687b1fc8e8_1000.jpg!m_fill,w_280,h_210,f_jpg?from=ke.com
20240906,东城,劲松,101125786568,农光南路 工大教师家属院  南北通透3居  带电梯,520万,59327元/平,高楼层 (共6层) 3室1厅 | 87.65平米 | 南 北,https://ke-image.ljcdn.com/110000-inspection/594d8248-4138-40a9-946b-f6c07174047b_1000.jpg!m_fill,w_280,h_210,f_jpg?from=ke.com
20240906,东城,劲松,101125781215,都城心屿 2室2厅 东 西,830万,64951元/平,中楼层 (共24层) | 2008年 | 2室2厅 | 127.79平米 | 东 西,https://ke-image.ljcdn.com/110000-inspection/b5af25fd-ae9e-4ee1-b0b5-8712621190ca_1000.jpg!m_fill,w_280,h_210,f_jpg?from=ke.com
20240906,东城,劲松,101125772220,劲松四区 电梯房 两居 满五年唯一,260万,50991元/平,中楼层 (共12层) | 1979年 | 2室1厅 | 50.99平米 | 南 北,https://ke-image.ljcdn.com/110000-inspection/c5009c35-a7b9-4622-b3dd-ba66503ae99f_1000.jpg!m_fill,w_280,h_210,f_jpg?from=ke.com
20240906,东城,劲松,101125766681,劲松社区南向两居明厨明卫楼层好老少皆宜。,298万,57319元/平,低楼层 (共6层) 2室1厅 | 51.99平米 | 南,https://ke-image.ljcdn.com/110000-inspection/pc1_GdaEWQtoc_1.jpg!m_fill,w_280,h_210,f_jpg?from=ke.com
20240906,东城,劲松,101125746000,光明桥  二环边  都城心屿商品房采光好一居室,299万,59920元/平,低楼层 (共24层) | 2008年 | 1室1厅 | 49.9平米 | 西,https://ke-image.ljcdn.com/110000-inspection/1920cd8e-9511-4b41-9877-d24ace3baa0c_1000.jpg!m_fill,w_280,h_210,f_jpg?from=ke.com
20240906,东城,劲松,101125714567,农光里南向采光好精一居室近地铁,286万,64883元/平,中楼层 (共12层) 1室1厅 | 44.08平米 | 南 北,https://ke-image.ljcdn.com/110000-inspection/pc1_4y7Rd9xvW_1.jpg!m_fill,w_280,h_210,f_jpg?from=ke.com
20240906,东城,劲松,101125665734,劲松九区 1室1厅 东,213万,48865元/平,中楼层 (共12层) | 1988年 | 1室1厅 | 43.59平米 | 东,https://ke-image.ljcdn.com/110000-inspection/836d3d15-511d-453b-b67a-87218fdd73f4_1000.jpg!m_fill,w_280,h_210,f_jpg?from=ke.com
20240906,东城,劲松,101125642661,此房满五年唯一全南向2居楼层好视野宽阔采光,325万,55085元/平,高楼层 (共16层) 2室1厅 | 59平米 | 南,https://ke-image.ljcdn.com/110000-inspection/25254712-d865-466a-a3ac-6e9ac4cd6cfc_1000.jpg!m_fill,w_280,h_210,f_jpg?from=ke.com
20240906,东城,劲松,101125607543,劲松二区 南北通透两居 钢混结构 可公积金22年,275万,55000元/平,底层 (共12层) | 1979年 | 2室1厅 | 50平米 | 南 北,https://ke-image.ljcdn.com/110000-inspection/9e3c6ca5-c37a-4f02-98fa-7a116d65c80e_1000.jpg!m_fill,w_280,h_210,f_jpg?from=ke.com
20240906,东城,劲松,101125589072,农光南里 地铁口  满五唯一 电梯 朝南,220万,48299元/平,低楼层 (共16层) | 1983年 | 1室1厅 | 45.55平米 | 南,https://ke-image.ljcdn.com/110000-inspection/787834e4-5ad3-4e61-bced-8bfb9b31736c_1000.jpg!m_fill,w_280,h_210,f_jpg?from=ke.com
20240906,东城,劲松,101125545343,农光里 3室1厅 南 北,499万,63141元/平,中楼层 (共12层) | 1997年 | 3室1厅 | 79.03平米 | 南 北,https://ke-image.ljcdn.com/110000-inspection/pc1_UkyBbiRw7.jpg!m_fill,w_280,h_210,f_jpg?from=ke.com
20240906,东城,劲松,101125528945,广泉小区 明厨明卫 30万硬装 双劲地铁口600米,680万,91521元/平,低楼层 (共18层) | 1998年 | 2室1厅 | 74.3平米 | 东南,https://ke-image.ljcdn.com/110000-inspection/48caba25-06ba-4980-8eae-4b643e61c770_1000.jpg!m_fill,w_280,h_210,f_jpg?from=ke.com
20240906,东城,劲松,101125500222,劲松三区 2室1厅 南 北,259万,44640元/平,高楼层 (共6层) 2室1厅 | 58.02平米 | 南 北,https://ke-image.ljcdn.com/110000-inspection/f9479d38-0730-4178-a0d6-393fff7dced0_1000.jpg!m_fill,w_280,h_210,f_jpg?from=ke.com
20240906,东城,劲松,101125500061,劲松三区近地铁电梯两居满五年唯一,255万,48023元/平,中楼层 (共12层) | 1980年 | 2室1厅 | 53.1平米 | 南 北,https://ke-image.ljcdn.com/110000-inspection/71ce269b-20d0-49e3-a50f-0d479ff66b5c_1000.jpg!m_fill,w_280,h_210,f_jpg?from=ke.com
20240906,东城,劲松,101125485510,劲松八区 1室1厅 南,215万,48511元/平,中楼层 (共16层) 1室1厅 | 44.32平米 | 南,https://ke-image.ljcdn.com/110000-inspection/70d84e8b-c289-4b3a-b605-b71d51264b10_1000.jpg!m_fill,w_280,h_210,f_jpg?from=ke.com
20240906,东城,劲松,101125481497,双井板块位置好楼层好楼龄新地铁150m。,455万,57852元/平,中楼层 (共24层) 2室1厅 | 78.65平米 | 东北,https://ke-image.ljcdn.com/110000-inspection/0aba3daf-e306-400c-bc0a-ad28ecd250f7_1000.jpg!m_fill,w_280,h_210,f_jpg?from=ke.com
20240906,东城,劲松,101125464313,农光东里 近地铁 明厨明卫 满五商品房,280万,44116元/平,顶层 (共6层) | 1994年 | 2室1厅 | 63.47平米 | 东 西,https://ke-image.ljcdn.com/110000-inspection/88dcd900-da7e-4acd-b2ad-15f51ab2bd84_1000.jpg!m_fill,w_280,h_210,f_jpg?from=ke.com
20240906,东城,劲松,101125463394,乐澜宝邸高楼层好视野不临街南向大三居,1080万,72944元/平,中楼层 (共28层) | 2003年 | 3室2厅 | 148.06平米 | 南,https://ke-image.ljcdn.com/110000-inspection/abd47bf4-72bc-4bea-bb67-5cbecda94ba0_1000.jpg!m_fill,w_280,h_210,f_jpg?from=ke.com
20240906,东城,劲松,101125407862,农光里 满五年 中间楼层 南向  采光棒 地铁1居,240万,60837元/平,中楼层 (共6层) | 1995年 | 1室1厅 | 39.45平米 | 南,https://ke-image.ljcdn.com/110000-inspection/beb964f4-3a75-4828-8ff9-f228f9b49ca1_1000.jpg!m_fill,w_280,h_210,f_jpg?from=ke.com
20240906,东城,劲松,101125394786,农光里 电梯房 南向一居 中间楼层 业主诚意出售,278万,52070元/平,中楼层 (共13层) 1室1厅 | 53.39平米 | 南,https://ke-image.ljcdn.com/110000-inspection/a54d75e3-8490-4937-a95c-73736458db4b_1000.jpg!m_fill,w_280,h_210,f_jpg?from=ke.com
20240906,东城,劲松,101125382963,光明桥  二环边   2008年的次新房格局方正,549万,71822元/平,高楼层 (共24层) | 2008年 | 2室1厅 | 76.44平米 | 东北,https://ke-image.ljcdn.com/110000-inspection/066456bf-7bed-4b65-b31a-6f17831e8853_1000.jpg!m_fill,w_280,h_210,f_jpg?from=ke.com
20240906,东城,劲松,101125373457,农光里 2室1厅 东 西,245万,47454元/平,中楼层 (共6层) | 1976年 | 2室1厅 | 51.63平米 | 东 西,https://ke-image.ljcdn.com/110000-inspection/a30af9a8-9418-4713-8806-441e847aaba1_1000.jpg!m_fill,w_280,h_210,f_jpg?from=ke.com
20240906,东城,劲松,101125340507,广和东里 1室1厅 南,208万,58117元/平,低楼层 (共6层) 1室1厅 | 35.79平米 | 南,https://ke-image.ljcdn.com/110000-inspection/53094688-e1cb-4df4-9dae-e091d24c9ac9_1000.jpg!m_fill,w_280,h_210,f_jpg?from=ke.com
20240906,东城,劲松,101125306495,农光南里  满五唯一  双南 精装一年,290万,59782元/平,低楼层 (共16层) | 1987年 | 2室1厅 | 48.51平米 | 南,https://ke-image.ljcdn.com/110000-inspection/b123a257-1c43-4bf7-922a-9b5110966711_1000.jpg!m_fill,w_280,h_210,f_jpg?from=ke.com
20240906,东城,劲松,101125303362,满五年南北通透  中间楼层 正规两居室 随时能看,298万,54350元/平,中楼层 (共6层) | 1995年 | 2室1厅 | 54.83平米 | 北 南,https://ke-image.ljcdn.com/110000-inspection/73d5a2ef-0d2c-434f-bcbb-be733856f8f7_1000.jpg!m_fill,w_280,h_210,f_jpg?from=ke.com
20240906,东城,劲松,101125272910,二环边近地铁精装修诚意出售,408万,54026元/平,中楼层 (共16层) 3室1厅 | 75.52平米 | 东 北,https://ke-image.ljcdn.com/110000-inspection/bd270412-abc4-476f-8200-5f3f43039ac6_1000.jpg!m_fill,w_280,h_210,f_jpg?from=ke.com
20240906,东城,劲松,101125259939,东南两居精装修拎包入住独门独院停车方便。,312万,47883元/平,底层 (共18层) 2室1厅 | 65.16平米 | 东南,https://ke-image.ljcdn.com/110000-inspection/c51d2c68-3b3c-48d8-ba2b-e6d22b712d14_1000.jpg!m_fill,w_280,h_210,f_jpg?from=ke.com
20240906,东城,劲松,101125249997,农光里 满五唯一  大客厅 精装 西南向 大2居,439万,52194元/平,中楼层 (共23层) | 1996年 | 2室1厅 | 84.11平米 | 西南,https://ke-image.ljcdn.com/110000-inspection/3158a4ea-59ea-462c-a8aa-83c92258c3a0_1000.jpg!m_fill,w_280,h_210,f_jpg?from=ke.com
20240906,东城,劲松,101125243007,垂杨柳西里房子单价低面积大户型方正楼层好,359万,51257元/平,中楼层 (共5层) 2室1厅 | 70.04平米 | 南 北,https://ke-image.ljcdn.com/110000-inspection/05606f19-c9d6-4c41-8c2b-4b5fc5101ef3_1000.jpg!m_fill,w_280,h_210,f_jpg?from=ke.com
20240906,东城,劲松,101125236893,广渠门外大街双南卧室户型方正地铁方便,350万,58111元/平,低楼层 (共12层) | 1986年 | 2室1厅 | 60.23平米 | 南,https://ke-image.ljcdn.com/110000-inspection/e67908bf-23f7-474a-b275-8927bc779782_1000.jpg!m_fill,w_280,h_210,f_jpg?from=ke.com
20240906,东城,劲松,101125228864,劲松八区户型方正 满五年唯一住房 钢混结构诚心出售,303万,50993元/平,中楼层 (共6层) 2室1厅 | 59.42平米 | 东 西,https://ke-image.ljcdn.com/110000-inspection/0666d305-5298-44d9-9c44-33fd14fbd8b8_1000.jpg!m_fill,w_280,h_210,f_jpg?from=ke.com
20240906,东城,劲松,101125224808,广渠门外大街双南两居满五年唯一地铁方便,366万,60808元/平,低楼层 (共12层) | 1983年 | 2室1厅 | 60.19平米 | 南,https://ke-image.ljcdn.com/110000-inspection/pc1_waiDztTaW_1.jpg!m_fill,w_280,h_210,f_jpg?from=ke.com
20240906,东城,劲松,101125224745,农光里近地铁交通方便业主精心装修全南向大窗户,365万,71262元/平,中楼层 (共5层) 2室1厅 | 51.22平米 | 南,https://ke-image.ljcdn.com/110000-inspection/pc1_DMfdyanhy.jpg!m_fill,w_280,h_210,f_jpg?from=ke.com
20240906,东城,劲松,101125207669,劲松南路 2室1厅 西南,318万,49953元/平,顶层 (共18层) | 1993年 | 2室1厅 | 63.66平米 | 西南,https://ke-image.ljcdn.com/110000-inspection/324831e4-3f7d-4ade-ac15-6358497c32da_1000.jpg!m_fill,w_280,h_210,f_jpg?from=ke.com
20240906,东城,劲松,101125191553,劲松五区双南卧室采光好环境优美,268万,49220元/平,顶层 (共6层) 2室1厅 | 54.45平米 | 南,https://ke-image.ljcdn.com/110000-inspection/149c6c0d-7e98-484a-a51f-b70f772506a0_1000.jpg!m_fill,w_280,h_210,f_jpg?from=ke.com
20240906,东城,劲松,101125184739,农光里 精装修 一居室 明厨明卫 诚意出售,285万,76470元/平,底层 (共5层) 1室1厅 | 37.27平米 | 南,https://ke-image.ljcdn.com/110000-inspection/pc1_zCFM6caez_1.jpg!m_fill,w_280,h_210,f_jpg?from=ke.com
20240906,东城,劲松,101125170210,广渠门外大街 3室1厅 西北,403万,53364元/平,低楼层 (共16层) 3室1厅 | 75.52平米 | 西北,https://ke-image.ljcdn.com/110000-inspection/53fad843-d6d5-44ff-be6d-0e05e8bddeb8_1000.jpg!m_fill,w_280,h_210,f_jpg?from=ke.com
20240906,东城,劲松,101125130426,劲松四区电梯直达南北通透采光好业主换房诚信出,310万,60904元/平,中楼层 (共12层) 2室1厅 | 50.9平米 | 南 北,https://ke-image.ljcdn.com/110000-inspection/5001c7a4-9ff9-4ad8-b73a-be5126f739ce_1000.jpg!m_fill,w_280,h_210,f_jpg?from=ke.com
20240906,东城,劲松,101125098527,劲松九区 社科院家属院 户型方正 交通便利诚心出售,370万,49886元/平,中楼层 (共16层) 3室1厅 | 74.17平米 | 西北,https://ke-image.ljcdn.com/110000-inspection/13ac4930-3d99-485e-93f2-6cbbf7c0ed25_1000.jpg!m_fill,w_280,h_210,f_jpg?from=ke.com
20240906,东城,劲松,101125088765,农光南路 精装3居 北工大地铁站 出行方便,451万,47766元/平,顶层 (共18层) | 1999年 | 3室1厅 | 94.42平米 | 东南 北,https://ke-image.ljcdn.com/110000-inspection/215dabc0-2957-4196-82c0-99cabf577b8d_1000.jpg!m_fill,w_280,h_210,f_jpg?from=ke.com
20240906,东城,劲松,101125082718,三环内 劲松地铁口 电梯直达两居 采光充足,310万,52023元/平,中楼层 (共12层) | 1979年 | 2室1厅 | 59.59平米 | 南 北,https://ke-image.ljcdn.com/110000-inspection/762d45fd-a2c8-4174-8fe6-107f631e52a3_1000.jpg!m_fill,w_280,h_210,f_jpg?from=ke.com
20240906,东城,劲松,101125078361,光明桥  劲松八区   东向两居室  满五唯一房主自荐,259万,43589元/平,顶层 (共6层) 2室1厅 | 59.42平米 | 东 西,https://ke-image.ljcdn.com/110000-inspection/1551f0f4-3b2e-4d3b-aef9-0741ac6c1860_1000.jpg!m_fill,w_280,h_210,f_jpg?from=ke.com
20240906,东城,劲松,101125072991,劲松三区新上 东西两居室   业主诚意卖,249万,46937元/平,顶层 (共12层) | 1980年 | 2室1厅 | 53.05平米 | 西 东,https://ke-image.ljcdn.com/110000-inspection/d2a6dace-63f2-4521-80a6-27232d35551b_1000.jpg!m_fill,w_280,h_210,f_jpg?from=ke.com
20240906,东城,劲松,101125063464,农光里13年的一居 临近地铁 低楼层,270万,55971元/平,低楼层 (共6层) | 2013年 | 1室1厅 | 48.24平米 | 南,https://ke-image.ljcdn.com/110000-inspection/74bc1ac9-5320-4a29-ba17-57e86fc1d102_1000.jpg!m_fill,w_280,h_210,f_jpg?from=ke.com
20240906,东城,劲松,101125033753,劲松一区 1室1厅 西,186万,51682元/平,底层 (共12层) 1室1厅 | 35.99平米 | 西,https://ke-image.ljcdn.com/110000-inspection/b4fbcccb-8954-4928-9661-e102a6091f27_1000.jpg!m_fill,w_280,h_210,f_jpg?from=ke.com
20240906,东城,劲松,101124964381,农光里 改造楼  南北通透两居 明厨明卫 高楼层,298万,43979元/平,顶层 (共6层) 2室1厅 | 67.76平米 | 南 北,https://ke-image.ljcdn.com/110000-inspection/b0b22d2f-5854-4f7d-b9ee-edc8aa458b05_1000.jpg!m_fill,w_280,h_210,f_jpg?from=ke.com
20240906,东城,劲松,101124953777,劲松南路近地铁优质两居朝向好交通方便,479万,67285元/平,低楼层 (共18层) | 1997年 | 2室1厅 | 71.19平米 | 西南,https://ke-image.ljcdn.com/110000-inspection/968bf9b2-f3c4-4e94-90db-1dac9e834c75_1000.jpg!m_fill,w_280,h_210,f_jpg?from=ke.com
20240906,东城,劲松,101124951615,农光里近地 明厨明卫 改造楼 有车位无遮挡出入方便,365万,67145元/平,底层 (共6层) | 1980年 | 2室1厅 | 54.36平米 | 南,https://ke-image.ljcdn.com/110000-inspection/pc1_R3MXAAvAW.jpg!m_fill,w_280,h_210,f_jpg?from=ke.com
20240906,东城,劲松,101124948798,劲松八区 3室1厅 南 北,298万,48917元/平,顶层 (共6层) | 1981年 | 3室1厅 | 60.92平米 | 南 北,https://ke-image.ljcdn.com/110000-inspection/pc1_72tPOUEiY_1.jpg!m_fill,w_280,h_210,f_jpg?from=ke.com
20240906,东城,劲松,101124945381,劲松一区满五近地铁 通透好 明厨明卫,398万,52751元/平,中楼层 (共6层) 3室1厅 | 75.45平米 | 南 北,https://ke-image.ljcdn.com/110000-inspection/bbf557a9-b185-4002-8e89-9ff666c0ca7e_1000.jpg!m_fill,w_280,h_210,f_jpg?from=ke.com
20240906,东城,劲松,101124913887,广渠门外大街南北通透钢混结构,375万,55180元/平,低楼层 (共12层) | 1983年 | 3室1厅 | 67.96平米 | 南 北,https://ke-image.ljcdn.com/110000-inspection/pc1_EbGPOQAbM.jpg!m_fill,w_280,h_210,f_jpg?from=ke.com
20240906,东城,劲松,101124905377,广和东里 2室1厅 南,280万,56293元/平,中楼层 (共6层) | 1979年 | 2室1厅 | 49.74平米 | 南,https://ke-image.ljcdn.com/110000-inspection/3311a0b9-f4b5-43ff-ba58-762d265266b2_1000.jpg!m_fill,w_280,h_210,f_jpg?from=ke.com
20240906,东城,劲松,101124855271,垂杨柳南里 2室1厅 南 北,275万,45380元/平,高楼层 (共6层) | 1978年 | 2室1厅 | 60.6平米 | 南 北,https://ke-image.ljcdn.com/110000-inspection/01ad5b42-d62f-466c-a125-a5cd8b6b653f_1000.jpg!m_fill,w_280,h_210,f_jpg?from=ke.com
20240906,东城,劲松,101124840504,劲松 平乐园双地铁 户型通透 带电梯,415万,52519元/平,中楼层 (共18层) 3室1厅 | 79.02平米 | 东南,https://ke-image.ljcdn.com/110000-inspection/e864887d-06b0-4d0b-95f6-e7bf83ff938a_1000.jpg!m_fill,w_280,h_210,f_jpg?from=ke.com
20240906,东城,劲松,101124835456,农光里 电梯房 南向一居 中间楼层看房方便,280万,61525元/平,中楼层 (共12层) 1室1厅 | 45.51平米 | 南,https://ke-image.ljcdn.com/110000-inspection/58a24149-bad6-4934-8175-2bd1258e1451_1000.jpg!m_fill,w_280,h_210,f_jpg?from=ke.com
20240906,东城,劲松,101124807516,优士阁 2室1厅 西,295万,37356元/平,高楼层 (共30层) 2室1厅 | 78.97平米 | 西,https://ke-image.ljcdn.com/110000-inspection/pc1_iAgzx2Fht.jpg!m_fill,w_280,h_210,f_jpg?from=ke.com
20240906,东城,劲松,101124740409,农光里 2室1厅 东 西,395万,55533元/平,底层 (共6层) 2室1厅 | 71.13平米 | 东 西,https://ke-image.ljcdn.com/110000-inspection/35c8d076-7b74-4586-9c57-10fd9dcdac7c_1000.jpg!m_fill,w_280,h_210,f_jpg?from=ke.com
20240906,东城,劲松,101124711408,总监推荐 劲松地铁口眼镜双南户型 满五唯一,275万,49928元/平,中楼层 (共6层) | 1983年 | 2室1厅 | 55.08平米 | 南,https://ke-image.ljcdn.com/110000-inspection/e1d4956c-c842-40db-a6f9-bfa7f32ee5fa_1000.jpg!m_fill,w_280,h_210,f_jpg?from=ke.com
20240906,东城,劲松,101124706526,农光东里 电梯一居明厨明卫 在售就这套,238万,59830元/平,中楼层 (共18层) 1室1厅 | 39.78平米 | 东南,https://ke-image.ljcdn.com/110000-inspection/8a60697e-d656-40d4-9993-d8666c904307_1000.jpg!m_fill,w_280,h_210,f_jpg?from=ke.com
20240906,东城,劲松,101124680500,农光东里 2室1厅 东南 北,430万,49494元/平,中楼层 (共18层) 2室1厅 | 86.88平米 | 东南 北,https://ke-image.ljcdn.com/110000-inspection/b0eaed9d-8b54-4467-9bfe-b3fb0082ae3a_1000.jpg!m_fill,w_280,h_210,f_jpg?from=ke.com
20240906,东城,劲松,101124648436,农光南里南向带厅大两居 满五唯 地铁口 电梯直达房主自荐,399万,53507元/平,高楼层 (共17层) 2室1厅 | 74.57平米 | 南,https://ke-image.ljcdn.com/110000-inspection/pc1_U4JEJ77By.jpg!m_fill,w_280,h_210,f_jpg?from=ke.com
20240906,东城,劲松,101124624421,农光东里1998年商品房 独院管理 精装修拎包入住,328万,52397元/平,底层 (共18层) | 1999年 | 1室1厅 | 62.6平米 | 南,https://ke-image.ljcdn.com/110000-inspection/753949e2-128b-4007-b4f1-55512c992230_1000.jpg!m_fill,w_280,h_210,f_jpg?from=ke.com
20240906,东城,劲松,101124621470,农光里 地铁口 面积大 精装修拎包入住业主诚意出售,410万,49351元/平,高楼层 (共18层) | 1993年 | 2室1厅 | 83.08平米 | 东南 北,https://ke-image.ljcdn.com/110000-inspection/pc1_iMWId3lyZ.jpg!m_fill,w_280,h_210,f_jpg?from=ke.com
20240906,东城,劲松,101124587084,劲松三区  钢混结构 看房随时,319万,53895元/平,中楼层 (共12层) | 1980年 | 2室1厅 | 59.19平米 | 东 西,https://ke-image.ljcdn.com/110000-inspection/d093d84e-09b9-43c9-91af-853b198cb9ed_1000.jpg!m_fill,w_280,h_210,f_jpg?from=ke.com
20240906,东城,劲松,101124532416,武圣东里南北通透明厨明卫精装修三居室 距离地铁近,405万,50676元/平,顶层 (共6层) 3室1厅 | 79.92平米 | 南 北,https://ke-image.ljcdn.com/110000-inspection/pc1_ujm94JlXe.jpg!m_fill,w_280,h_210,f_jpg?from=ke.com
20240906,东城,劲松,101124490470,广和里七巷 2室1厅 南 北,280万,49322元/平,顶层 (共6层) | 1986年 | 2室1厅 | 56.77平米 | 南 北,https://ke-image.ljcdn.com/110000-inspection/cfe749fb-ba3a-497f-a95c-ae0c96defe62_1000.jpg!m_fill,w_280,h_210,f_jpg?from=ke.com
20240906,东城,劲松,101124478666,总监推荐 双井地铁站  朝南两居 电梯直达,314万,53795元/平,顶层 (共16层) 2室1厅 | 58.37平米 | 南,https://ke-image.ljcdn.com/110000-inspection/d30fc146-3873-4fd6-ba1d-9859df42c0ac_1000.jpg!m_fill,w_280,h_210,f_jpg?from=ke.com
20240906,东城,劲松,101124478224,农光东里 满五年 电梯房 双南两居 近地铁,395万,60186元/平,低楼层 (共12层) 2室1厅 | 65.63平米 | 南,https://ke-image.ljcdn.com/110000-inspection/pc1_gkew65CKf.jpg!m_fill,w_280,h_210,f_jpg?from=ke.com
20240906,东城,劲松,101124467373,劲松五区 3室1厅 东 南 北,439万,60303元/平,底层 (共6层) 3室1厅 | 72.8平米 | 东 南 北,https://ke-image.ljcdn.com/110000-inspection/pc1_0HnGt0sLf.jpg!m_fill,w_280,h_210,f_jpg?from=ke.com
20240906,东城,劲松,101124439012,农光里精心装修地铁300米电梯直达不临街1997年,295万,58232元/平,高楼层 (共12层) | 1997年 | 1室1厅 | 50.66平米 | 南,https://ke-image.ljcdn.com/110000-inspection/7093a7b8-ce81-4372-939a-62592b118e1b_1000.jpg!m_fill,w_280,h_210,f_jpg?from=ke.com
20240906,东城,劲松,101124409310,此房为两室两厅周边配套齐全附带车位楼道卫生好房主自荐,436万,57039元/平,低楼层 (共18层) 2室2厅 | 76.44平米 | 东南,https://ke-image.ljcdn.com/110000-inspection/pc1_qAd13Z8QB.jpg!m_fill,w_280,h_210,f_jpg?from=ke.com
20240906,东城,劲松,101124360678,垂杨柳北里 2室1厅 南 北,310万,64369元/平,顶层 (共5层) | 1977年 | 2室1厅 | 48.16平米 | 南 北,https://ke-image.ljcdn.com/110000-inspection/546dba29-487a-4b53-a8e4-643a768a299f_1000.jpg!m_fill,w_280,h_210,f_jpg?from=ke.com
20240906,东城,劲松,101124338406,垂杨柳南里 南北通透两居 中间层 采光好 不临街,317万,56658元/平,中楼层 (共5层) 2室1厅 | 55.95平米 | 南 北,https://ke-image.ljcdn.com/110000-inspection/eca2ebe7-1371-451b-bdcc-700ce84e22b2_1000.jpg!m_fill,w_280,h_210,f_jpg?from=ke.com
20240906,东城,劲松,101124323955,农光里中社区满五唯一南向一居近地铁楼龄新,289万,56128元/平,中楼层 (共24层) 1室1厅 | 51.49平米 | 南,https://ke-image.ljcdn.com/110000-inspection/9c555f9a-03b7-44f3-80c2-a58a91b32b4f_1000.jpg!m_fill,w_280,h_210,f_jpg?from=ke.com
20240906,东城,劲松,101124308562,劲松九区 交通便利 满五年唯一住房 精装修房主自荐,255万,57537元/平,顶层 (共16层) | 1986年 | 1室1厅 | 44.32平米 | 南,https://ke-image.ljcdn.com/110000-inspection/764b69fd-7f5b-43e3-b63c-33a1fa935128_1000.jpg!m_fill,w_280,h_210,f_jpg?from=ke.com
20240906,东城,劲松,101124282747,农光南里 有电梯 地铁边 高楼层 全南向一居室,219万,49336元/平,顶层 (共16层) 1室1厅 | 44.39平米 | 南,https://ke-image.ljcdn.com/110000-inspection/5ec5813d-cc4d-42f3-a2e1-2047e7d12e5d_1000.jpg!m_fill,w_280,h_210,f_jpg?from=ke.com
20240906,东城,劲松,101124270577,总监推荐 全朝东 互相方正 自如装修,248万,49373元/平,底层 (共6层) 2室1厅 | 50.23平米 | 东,https://ke-image.ljcdn.com/110000-inspection/18d5fe13-d2a0-4803-bafd-cdb7798ab21a_1000.jpg!m_fill,w_280,h_210,f_jpg?from=ke.com
20240906,东城,劲松,101124261693,劲松南路1995年电梯直达无遮挡有客厅二居室诚售,318万,50285元/平,中楼层 (共18层) 2室1厅 | 63.24平米 | 南,https://ke-image.ljcdn.com/110000-inspection/pc1_fluhldJiH.jpg!m_fill,w_280,h_210,f_jpg?from=ke.com
20240906,东城,劲松,101124256277,二环外劲松光明桥东西两居随时看房视野采光好,315万,54106元/平,顶层 (共12层) | 1988年 | 2室1厅 | 58.22平米 | 西 东,https://ke-image.ljcdn.com/110000-inspection/da4f70a5-3389-44f0-a6cf-168b1dcf49af_1000.jpg!m_fill,w_280,h_210,f_jpg?from=ke.com
20240906,东城,劲松,101124193168,农光里 南北通透 有客厅 免费固定车位 近地铁房主自荐,349万,55966元/平,高楼层 (共6层) | 1983年 | 2室1厅 | 62.36平米 | 南 北,https://ke-image.ljcdn.com/110000-inspection/pc1_K2Kt71Wpw.jpg!m_fill,w_280,h_210,f_jpg?from=ke.com
20240906,东城,劲松,101124183441,劲松南路满五年近地铁把边窗户带客厅91年,239万,53325元/平,高楼层 (共6层) 1室1厅 | 44.82平米 | 南 西 北,https://ke-image.ljcdn.com/110000-inspection/674f2a90-93a7-4f14-833f-bbc9b9d4c1f7_1000.jpg!m_fill,w_280,h_210,f_jpg?from=ke.com
20240906,东城,劲松,101124124749,广渠门外大街 3室1厅 南 北,390万,57387元/平,低楼层 (共12层) | 1983年 | 3室1厅 | 67.96平米 | 南 北,https://ke-image.ljcdn.com/110000-inspection/9049f8f4-0614-4c7a-8d12-6007a87952ea_1000.jpg!m_fill,w_280,h_210,f_jpg?from=ke.com
20240906,东城,劲松,101124106525,农光东里 1室1厅 东 西,215万,56729元/平,底层 (共6层) | 1992年 | 1室1厅 | 37.9平米 | 东 西,https://ke-image.ljcdn.com/110000-inspection/pc1_SM8nowniy.jpg!m_fill,w_280,h_210,f_jpg?from=ke.com
20240906,东城,劲松,101124105797,劲松八区 田字格方正户型 视野采光好 三居室房主自荐,398万,49763元/平,顶层 (共6层) | 1979年 | 3室1厅 | 79.98平米 | 南 北,https://ke-image.ljcdn.com/110000-inspection/4d0d2c60-7831-41c8-9013-e08696257577_1000.jpg!m_fill,w_280,h_210,f_jpg?from=ke.com
20240906,东城,劲松,101124102443,垂杨柳南里小三居南北通透满五唯一,280万,49141元/平,高楼层 (共6层) | 1972年 | 3室1厅 | 56.98平米 | 东 南 北,https://ke-image.ljcdn.com/110000-inspection/c70cb6fc-0d3c-41c5-b4d8-e17442ae7b41_1000.jpg!m_fill,w_280,h_210,f_jpg?from=ke.com
20240906,东城,劲松,101124090052,建业苑 南向大两居 楼龄新 近地铁 满五唯一,510万,50716元/平,高楼层 (共17层) | 2000年 | 2室1厅 | 100.56平米 | 南,https://ke-image.ljcdn.com/110000-inspection/e758e32c-252f-4400-ae04-e51e0dac163b_1000.jpg!m_fill,w_280,h_210,f_jpg?from=ke.com
20240906,东城,劲松,101124062670,广渠门外大街 2室1厅 南,420万,74601元/平,底层 (共16层) 2室1厅 | 56.3平米 | 南,https://ke-image.ljcdn.com/110000-inspection/a3d7cdcf-1da0-4a88-b2a4-972671728887_1000.jpg!m_fill,w_280,h_210,f_jpg?from=ke.com
20240906,东城,劲松,101124050247,农光东里满五唯一精装南向明厨明卫阳光1居,218万,58056元/平,顶层 (共6层) | 1989年 | 1室1厅 | 37.55平米 | 南,https://ke-image.ljcdn.com/110000-inspection/0956c2e8-c117-48a3-b51f-4560761a8289_1000.jpg!m_fill,w_280,h_210,f_jpg?from=ke.com
20240906,东城,劲松,101124037996,农光东里双南客厅带明窗两居视野采光好不临街,435万,61905元/平,低楼层 (共18层) | 1994年 | 2室1厅 | 70.27平米 | 东南,https://ke-image.ljcdn.com/110000-inspection/3ef4a655-581d-4d87-943b-1f62f4617142_1000.jpg!m_fill,w_280,h_210,f_jpg?from=ke.com
20240906,东城,劲松,101124032033,10号线劲松站 农光里 精装南向一居,285万,58642元/平,低楼层 (共6层) 1室1厅 | 48.6平米 | 南,https://ke-image.ljcdn.com/110000-inspection/pc1_OrKeCuZ58.jpg!m_fill,w_280,h_210,f_jpg?from=ke.com
20240906,东城,劲松,101124022997,满五唯一 楼层好视野宽阔采光充足 优质三居近地铁房主自荐,549万,61881元/平,高楼层 (共12层) 3室1厅 | 88.72平米 | 南,https://ke-image.ljcdn.com/110000-inspection/002340fa-085d-4a6e-bbd4-c2d41e0814af_1000.jpg!m_fill,w_280,h_210,f_jpg?from=ke.com
20240906,东城,劲松,101124008559,劲松  农光东里  满五唯一 半地下三居室 近地铁,249万,32208元/平,地下室 (共6层) | 1996年 | 3室0厅 | 77.31平米 | 南 北,https://ke-image.ljcdn.com/110000-inspection/c49721e8-e400-4922-abb4-85c31ad10915_1000.jpg!m_fill,w_280,h_210,f_jpg?from=ke.com
20240906,东城,劲松,101124008440,广渠门外大街满五年唯一近地铁钢混结构南向两居室,355万,58941元/平,高楼层 (共12层) | 1986年 | 2室1厅 | 60.23平米 | 南,https://ke-image.ljcdn.com/110000-inspection/96f4626f-e6a3-46b4-be01-18e96b6c5c72_1000.jpg!m_fill,w_280,h_210,f_jpg?from=ke.com
20240906,东城,劲松,101123976668,农光里 双南向 采光好 近地铁小两居,285万,51743元/平,高楼层 (共6层) 2室1厅 | 55.08平米 | 南,https://ke-image.ljcdn.com/110000-inspection/ac95693e-ea5c-4246-a595-4fd1ef65f1e0_1000.jpg!m_fill,w_280,h_210,f_jpg?from=ke.com
20240906,东城,劲松,101123971735,百米双井地铁 电梯直达 全天采光 中高楼层 随时看房,480万,66741元/平,中楼层 (共24层) 2室1厅 | 71.92平米 | 南,https://ke-image.ljcdn.com/110000-inspection/6e576152-7e72-46f0-a5c4-b99354d1cfac_1000.jpg!m_fill,w_280,h_210,f_jpg?from=ke.com
20240906,东城,劲松,101123951958,优士阁高层房源户型好视野佳,378万,38897元/平,高楼层 (共30层) | 2004年 | 2室1厅 | 97.18平米 | 东南,https://ke-image.ljcdn.com/110000-inspection/ca53fd64-fcf7-4ab6-83d2-0cb80d02b3bd_1000.jpg!m_fill,w_280,h_210,f_jpg?from=ke.com
20240906,东城,劲松,101123943134,武圣东里 满五唯一双阳台 正南2居室 视野开阔,318万,51868元/平,中楼层 (共6层) 2室1厅 | 61.31平米 | 南 北,https://ke-image.ljcdn.com/110000-inspection/e90a5548-2305-49bc-8da8-85a1f9d63def_1000.jpg!m_fill,w_280,h_210,f_jpg?from=ke.com
20240906,东城,劲松,101123931285,劲松四区 2室1厅 东 南,338万,55005元/平,底层 (共12层) | 1979年 | 2室1厅 | 61.45平米 | 东 南,https://ke-image.ljcdn.com/110000-inspection/cdf709b1-3b5a-49fc-83dc-239ea3e15b49_1000.jpg!m_fill,w_280,h_210,f_jpg?from=ke.com
20240906,东城,劲松,101123928281,下楼地铁10号线 户型方正 视野好 楼新 钢混明厨明卫,299万,46357元/平,中楼层 (共12层) 2室1厅 | 64.5平米 | 东北,https://ke-image.ljcdn.com/110000-inspection/pc1_DZN6DkdlT.jpg!m_fill,w_280,h_210,f_jpg?from=ke.com
20240906,东城,劲松,101123925205,光明桥 龙潭湖 有电梯 精装修两居室  满五唯一,300万,48845元/平,中楼层 (共12层) | 1984年 | 2室1厅 | 61.42平米 | 东 南 西,https://ke-image.ljcdn.com/110000-inspection/ae576613-34cb-4566-bc66-a56b3c511684_1000.jpg!m_fill,w_280,h_210,f_jpg?from=ke.com
20240906,东城,劲松,101123904981,朝南向一居室独院管理环境好不临街采光无遮挡,362万,57828元/平,高楼层 (共18层) | 1998年 | 1室1厅 | 62.6平米 | 南,https://ke-image.ljcdn.com/110000-inspection/pc1_ImpOCCCvW.jpg!m_fill,w_280,h_210,f_jpg?from=ke.com
20240906,东城,劲松,101123899013,农光南路 1998年建设 电梯直达 全明格局 南向房主自荐,265万,44583元/平,低楼层 (共18层) 1室1厅 | 59.44平米 | 南,https://ke-image.ljcdn.com/110000-inspection/df1dcb8c-327a-41f1-b19e-2942e562d058_1000.jpg!m_fill,w_280,h_210,f_jpg?from=ke.com
20240906,东城,劲松,101123885819,农光里 南北通透大客厅带窗户 两居室 近地铁满五唯一,350万,54954元/平,顶层 (共6层) 2室1厅 | 63.69平米 | 南 北,https://ke-image.ljcdn.com/110000-inspection/75ca6735-1565-4739-ad50-0019ec79a02a_1000.jpg!m_fill,w_280,h_210,f_jpg?from=ke.com
20240906,东城,劲松,101123864482,下楼地铁10号线 户型方正 视野好 楼新 钢混明厨明卫,334万,51783元/平,高楼层 (共12层) 2室1厅 | 64.5平米 | 北,https://ke-image.ljcdn.com/110000-inspection/pc1_RcY7vNiL2_1.jpg!m_fill,w_280,h_210,f_jpg?from=ke.com
20240906,东城,劲松,101123855330,劲松二区 满五唯一 电梯直达 近地铁 高楼层房主自荐,316万,48267元/平,中楼层 (共16层) 2室1厅 | 65.47平米 | 东 北,https://ke-image.ljcdn.com/110000-inspection/e39d96b1-188e-43e0-9da6-31e23d1febd5_1000.jpg!m_fill,w_280,h_210,f_jpg?from=ke.com
20240906,东城,劲松,101123822360,中间层  采光好  精装修 近地铁 主体管道全部换成新的,329万,62240元/平,中楼层 (共5层) 2室1厅 | 52.86平米 | 南,https://ke-image.ljcdn.com/110000-inspection/pc1_KgG6F9Sgy_1.jpg!m_fill,w_280,h_210,f_jpg?from=ke.com
20240906,东城,劲松,101123811249,双井地铁50米 全天采光 拎包入住 精致装修 电梯直达,575万,60687元/平,中楼层 (共24层) 3室1厅 | 94.75平米 | 东南,https://ke-image.ljcdn.com/110000-inspection/40cd6147-4f33-4856-828e-01594a195c0e_1000.jpg!m_fill,w_280,h_210,f_jpg?from=ke.com
20240906,东城,劲松,101123804079,劲松三区 3室1厅 南 西 北,278万,46142元/平,顶层 (共5层) 3室1厅 | 60.25平米 | 南 西 北,https://ke-image.ljcdn.com/110000-inspection/d90002cc-d632-4485-8dc7-121133f2205e_1000.jpg!m_fill,w_280,h_210,f_jpg?from=ke.com
20240906,东城,劲松,101123792518,南北通透格局方正无浪费视野开阔采光好,495万,62635元/平,顶层 (共12层) | 1997年 | 3室1厅 | 79.03平米 | 南 北,https://ke-image.ljcdn.com/110000-inspection/pc1_k3vzhg4iL.jpg!m_fill,w_280,h_210,f_jpg?from=ke.com
20240906,东城,劲松,101123712570,农光东里 满五唯一 楼层高 采光好房主自荐,240万,41849元/平,顶层 (共6层) 2室1厅 | 57.35平米 | 东,https://ke-image.ljcdn.com/110000-inspection/cf598743-4cd1-44a2-a66e-f533055096f1_1000.jpg!m_fill,w_280,h_210,f_jpg?from=ke.com
20240906,东城,劲松,101123692901,劲松路 南北通透 交通便利 诚心出售,308万,54188元/平,中楼层 (共6层) | 1979年 | 3室1厅 | 56.84平米 | 南 北,https://ke-image.ljcdn.com/110000-inspection/b3201dfb-4dd5-4d07-bb20-33ecb89611a9_1000.jpg!m_fill,w_280,h_210,f_jpg?from=ke.com
20240906,东城,劲松,101123675897,农光里  满五唯一改造过的小区全南精装向 采光好,386万,61407元/平,中楼层 (共5层) 2室1厅 | 62.86平米 | 南,https://ke-image.ljcdn.com/110000-inspection/090db0bc-e793-48d7-93a7-4872d4a5ce36_1000.jpg!m_fill,w_280,h_210,f_jpg?from=ke.com
20240906,东城,劲松,101123662686,劲松北工大农光南路南北通透三居室独院管理,378万,51774元/平,中楼层 (共4层) 3室1厅 | 73.01平米 | 南 北,https://ke-image.ljcdn.com/110000-inspection/pc1_jxPYayAx5.jpg!m_fill,w_280,h_210,f_jpg?from=ke.com
20240906,东城,劲松,101123657800,东南向两居室电梯直达满五年采光好看房方便,380万,55556元/平,中楼层 (共17层) | 1990年 | 2室1厅 | 68.4平米 | 东南,https://ke-image.ljcdn.com/110000-inspection/8ebf5b32-941b-4adc-bbce-3e7892ae1963_1000.jpg!m_fill,w_280,h_210,f_jpg?from=ke.com
20240906,东城,劲松,101123652433,武圣东里2居西南向一层近地铁无遮挡,355万,68204元/平,底层 (共6层) 2室1厅 | 52.05平米 | 西南,https://ke-image.ljcdn.com/110000-inspection/pc1_r33KuOLxL.jpg!m_fill,w_280,h_210,f_jpg?from=ke.com
20240906,东城,劲松,101123650766,二环外劲松光明桥边上户型方正电梯直达,385万,54844元/平,中楼层 (共16层) 3室1厅 | 70.2平米 | 东 北,https://ke-image.ljcdn.com/110000-inspection/85158d72-94ea-47fa-9c0e-c7759ed7262f_1000.jpg!m_fill,w_280,h_210,f_jpg?from=ke.com
20240906,东城,劲松,101123635680,满五年唯一精装修大客厅楼龄新近地铁,309万,45442元/平,低楼层 (共17层) | 2001年 | 1室1厅 | 68平米 | 北,https://ke-image.ljcdn.com/110000-inspection/pc1_puU4naU0A.jpg!m_fill,w_280,h_210,f_jpg?from=ke.com
20240906,东城,劲松,101123626558,农光里  采光充足 视野开阔 下楼地铁,400万,48147元/平,中楼层 (共18层) | 1993年 | 2室1厅 | 83.08平米 | 西南 北,https://ke-image.ljcdn.com/110000-inspection/8e8bea42-6e72-493a-a8c4-0d0864442735_1000.jpg!m_fill,w_280,h_210,f_jpg?from=ke.com
20240906,东城,劲松,101123578043,位置优越电梯房不临街安静宜居精装修房龄新,315万,50272元/平,低楼层 (共18层) 2室1厅 | 62.66平米 | 东南,https://ke-image.ljcdn.com/110000-inspection/cab91a9e-8cc8-4110-9f6f-7fa704bb7991_1000.jpg!m_fill,w_280,h_210,f_jpg?from=ke.com
20240906,东城,劲松,101123544527,武圣东里 2室1厅 南 北,455万,57808元/平,顶层 (共4层) 2室1厅 | 78.71平米 | 南 北,https://ke-image.ljcdn.com/110000-inspection/pc1_EsvevpwNC.jpg!m_fill,w_280,h_210,f_jpg?from=ke.com
20240906,东城,劲松,101123541939,劲松三区南北两居到地铁站近环境安静,249万,46352元/平,顶层 (共6层) | 1979年 | 2室1厅 | 53.72平米 | 南 北,https://ke-image.ljcdn.com/110000-inspection/pc1_X9GuUnWhE.jpg!m_fill,w_280,h_210,f_jpg?from=ke.com
20240906,东城,劲松,101123465925,劲松八区光明桥东龙潭湖边上精装修大客厅,420万,54419元/平,中楼层 (共16层) 3室1厅 | 77.18平米 | 西 北,https://ke-image.ljcdn.com/110000-inspection/6c9f5942-4254-4231-bf65-633a6d3d03f6_1000.jpg!m_fill,w_280,h_210,f_jpg?from=ke.com
20240906,东城,劲松,101123465497,农光南路小区 明厨明卫 全南向大客厅,228万,46484元/平,顶层 (共6层) | 1993年 | 1室1厅 | 49.05平米 | 南 北,https://ke-image.ljcdn.com/110000-inspection/pc1_pRjFezyBj.jpg!m_fill,w_280,h_210,f_jpg?from=ke.com
20240906,东城,劲松,101123457923,劲松 平乐园双地铁 户型通透没有遮挡楼龄新带电梯,405万,52462元/平,低楼层 (共18层) 3室1厅 | 77.2平米 | 东南,https://ke-image.ljcdn.com/110000-inspection/5e61724e-9dab-4da7-aa63-3c8b18aa96b3_1000.jpg!m_fill,w_280,h_210,f_jpg?from=ke.com
20240906,东城,劲松,101123455347,农光东里东西通透满五年唯一低楼层,310万,52286元/平,低楼层 (共6层) 2室1厅 | 59.29平米 | 东 西,https://ke-image.ljcdn.com/110000-inspection/pc1_Ue7nDUbux.jpg!m_fill,w_280,h_210,f_jpg?from=ke.com
20240906,东城,劲松,101123448947,劲松一区全南一居地铁口200米不临街精装修,209万,55146元/平,顶层 (共5层) 1室1厅 | 37.9平米 | 南,https://ke-image.ljcdn.com/110000-inspection/pc1_MZ5RZXqAh.jpg!m_fill,w_280,h_210,f_jpg?from=ke.com
20240906,东城,劲松,101123429497,农光东里南北向2居急售提前联系,260万,49280元/平,底层 (共6层) 2室1厅 | 52.76平米 | 北 南,https://ke-image.ljcdn.com/110000-inspection/pc1_o218R1Ned.jpg!m_fill,w_280,h_210,f_jpg?from=ke.com
20240906,东城,劲松,101123424085,优士阁西南两居户型方正 满五唯一采光视野好,398万,35359元/平,低楼层 (共30层) 2室1厅 | 112.56平米 | 南 西,https://ke-image.ljcdn.com/110000-inspection/7ba7863f-87f4-400b-8386-3cba99bc4c80_1000.jpg!m_fill,w_280,h_210,f_jpg?from=ke.com
20240906,东城,劲松,101123413330,农光里中社区 婚房精装修 大客厅 高楼层 电梯2居室,458万,55943元/平,中楼层 (共23层) | 1996年 | 2室1厅 | 81.87平米 | 西,https://ke-image.ljcdn.com/110000-inspection/pc1_JI92oRRtc.jpg!m_fill,w_280,h_210,f_jpg?from=ke.com
20240906,东城,劲松,101123357574,劲松广和南里二条南北两居采光好,309万,48252元/平,高楼层 (共6层) | 1986年 | 2室1厅 | 64.04平米 | 南 北,https://ke-image.ljcdn.com/110000-inspection/pc1_3NEI3392m.jpg!m_fill,w_280,h_210,f_jpg?from=ke.com
20240906,东城,劲松,101123318575,二环光明桥劲松南向两居钢混户型方正适合老人,302万,57944元/平,底层 (共6层) | 1979年 | 2室1厅 | 52.12平米 | 南,https://ke-image.ljcdn.com/110000-inspection/f8488f6e-44f4-409a-b6c9-dffcc9d98544_1000.jpg!m_fill,w_280,h_210,f_jpg?from=ke.com
20240906,东城,劲松,101123317529,农光南路 2室1厅 南 北,355万,57212元/平,中楼层 (共4层) 2室1厅 | 62.05平米 | 南 北,https://ke-image.ljcdn.com/110000-inspection/pc1_LUVlgfETl.jpg!m_fill,w_280,h_210,f_jpg?from=ke.com
20240906,东城,劲松,101123315855,劲松九区 交通便利 满五年唯一住房 楼层好,213万,48865元/平,高楼层 (共12层) | 1988年 | 1室1厅 | 43.59平米 | 东,https://ke-image.ljcdn.com/110000-inspection/4a94a666-6f37-4112-83cf-4714bd157bc6_1000.jpg!m_fill,w_280,h_210,f_jpg?from=ke.com
20240906,东城,劲松,101123313059,农光里社区 十号线东南角 满五唯一 中高楼层 两梯8户,440万,52962元/平,中楼层 (共18层) | 1993年 | 2室1厅 | 83.08平米 | 西北,https://ke-image.ljcdn.com/110000-inspection/1b9bdef0-e544-4478-8f98-4cd5d8626643_1000.jpg!m_fill,w_280,h_210,f_jpg?from=ke.com
20240906,东城,劲松,101123308401,垂杨柳西里  低楼层 大三居 户型方正 双井,489万,48749元/平,中楼层 (共5层) 3室1厅 | 100.31平米 | 东 西北,https://ke-image.ljcdn.com/110000-inspection/pc1_XTv3gigJb_1.jpg!m_fill,w_280,h_210,f_jpg?from=ke.com
20240906,东城,劲松,101123300586,劲松一区 南北通透 实用三居 满五年唯一 购房成本低,275万,43568元/平,顶层 (共5层) 3室1厅 | 63.12平米 | 南 北,https://ke-image.ljcdn.com/110000-inspection/20cba76c-c3ca-434b-aef8-e925adcc3c48_1000.jpg!m_fill,w_280,h_210,f_jpg?from=ke.com
20240906,东城,劲松,101123296813,劲松五区 南北通透 诚心出售 采光充足 交通便利房主自荐,270万,45997元/平,顶层 (共6层) 2室1厅 | 58.7平米 | 南 北,https://ke-image.ljcdn.com/110000-inspection/70d36c0f-6a73-4d16-ab3d-df7b59b9f002_1000.jpg!m_fill,w_280,h_210,f_jpg?from=ke.com
20240906,东城,劲松,101123285665,农光南路 南北通透 大客厅 一层,259万,49875元/平,底层 (共4层) 2室1厅 | 51.93平米 | 南 北,https://ke-image.ljcdn.com/110000-inspection/pc1_M0gmx1dhj.jpg!m_fill,w_280,h_210,f_jpg?from=ke.com
20240906,东城,劲松,101123243837,劲松二区 高楼层 双卧朝南 格局方正 采光和通风好,339万,53202元/平,顶层 (共12层) | 1979年 | 2室1厅 | 63.72平米 | 南 北,https://ke-image.ljcdn.com/110000-inspection/88c1c59d-4d86-489b-ae0b-132af11d6d8a_1000.jpg!m_fill,w_280,h_210,f_jpg?from=ke.com
20240906,东城,劲松,101123165258,劲松九区西南采光中间楼层电梯直达钢混结构房主自荐,365万,55879元/平,中楼层 (共16层) 2室1厅 | 65.32平米 | 西南,https://ke-image.ljcdn.com/110000-inspection/cce01fff-ffd5-4e4e-9584-a9d7886a306a_1000.jpg!m_fill,w_280,h_210,f_jpg?from=ke.com
20240906,东城,劲松,101123129530,劲松二区精装修近地铁满五唯一,275万,52232元/平,中楼层 (共6层) | 1980年 | 2室1厅 | 52.65平米 | 南,https://ke-image.ljcdn.com/110000-inspection/cb8f56fd-267e-46a6-8f82-d1aa2cf9da01_1000.jpg!m_fill,w_280,h_210,f_jpg?from=ke.com
20240906,东城,劲松,101123127930,10号线 劲松农光里中社区  窗外都是矮楼 值得一看,350万,53747元/平,高楼层 (共24层) | 1996年 | 2室1厅 | 65.12平米 | 东 南,https://ke-image.ljcdn.com/110000-inspection/803e07af-01e7-41c8-9e27-a5affef1af74_1000.jpg!m_fill,w_280,h_210,f_jpg?from=ke.com
20240906,东城,劲松,101123078579,劲松八区 交通便利 楼层好 诚心出售,418万,54160元/平,中楼层 (共16层) 3室1厅 | 77.18平米 | 西北,https://ke-image.ljcdn.com/110000-inspection/0d8ca00b-4cf2-41c6-9915-05d899c8dea9_1000.jpg!m_fill,w_280,h_210,f_jpg?from=ke.com
20240906,东城,劲松,101123072087,建业苑全南向精装修满二年近地铁,688万,58554元/平,中楼层 (共17层) 2室2厅 | 117.5平米 | 南,https://ke-image.ljcdn.com/110000-inspection/cf52f2a9-8d2c-4087-becd-62609ea7faf1_1000.jpg!m_fill,w_280,h_210,f_jpg?from=ke.com
20240906,东城,劲松,101123065762,武圣西里 满五年 南北通透 明厨明卫 全明户型 中间层,308万,48735元/平,中楼层 (共5层) | 1980年 | 2室1厅 | 63.2平米 | 南 北,https://ke-image.ljcdn.com/110000-inspection/pc1_TvpuIb4bb.jpg!m_fill,w_280,h_210,f_jpg?from=ke.com
20240906,东城,劲松,101123031324,低楼层 精装修 满五年唯一 交通便利配套齐全房主自荐,285万,52294元/平,低楼层 (共6层) | 1983年 | 2室1厅 | 54.5平米 | 东 西,https://ke-image.ljcdn.com/110000-inspection/pc1_pGtr0dxtr.jpg!m_fill,w_280,h_210,f_jpg?from=ke.com
20240906,东城,劲松,101123010341,农光南里 二层东西向 只有契税,370万,51077元/平,低楼层 (共6层) 2室1厅 | 72.44平米 | 东 西,https://ke-image.ljcdn.com/110000-inspection/4d3b62c2-e804-494f-bc3a-cdbb79664515_1000.jpg!m_fill,w_280,h_210,f_jpg?from=ke.com
20240906,东城,劲松,101122999271,武圣东里双南2居近地铁有电梯急售随时看,298万,45552元/平,低楼层 (共17层) 2室1厅 | 65.42平米 | 南,https://ke-image.ljcdn.com/110000-inspection/pc1_mu48oiyco.jpg!m_fill,w_280,h_210,f_jpg?from=ke.com
20240906,东城,劲松,101122997194,双井2004年小区中间楼层有钥匙710双地铁口,209万,42662元/平,中楼层 (共30层) | 2004年 | 1室1厅 | 48.99平米 | 西南,https://ke-image.ljcdn.com/110000-inspection/pc1_CE2uFdE7l.jpg!m_fill,w_280,h_210,f_jpg?from=ke.com
20240906,东城,劲松,101122954363,广和东里非顶层不临街南北通透明厨明卫三居室,310万,49760元/平,高楼层 (共6层) 3室1厅 | 62.3平米 | 南 西 北,https://ke-image.ljcdn.com/110000-inspection/pc1_Z5YkegcM2.jpg!m_fill,w_280,h_210,f_jpg?from=ke.com
20240906,东城,劲松,101122951721,垂杨柳北里 中间层 南北双阳台 两个卧室都带有西窗,473万,56050元/平,中楼层 (共4层) 2室1厅 | 84.39平米 | 南 西 北,https://ke-image.ljcdn.com/110000-inspection/f1818f92-9ceb-42d5-9ca5-c3a54143b015_1000.jpg!m_fill,w_280,h_210,f_jpg?from=ke.com
20240906,东城,劲松,101122882683,劲松嘉园   户型好  采光视野佳  业主诚意出售房主自荐,699万,62821元/平,高楼层 (共14层) 2室1厅 | 111.27平米 | 南 东,https://ke-image.ljcdn.com/110000-inspection/7a810ab0-75c4-4620-aa4b-e2bb2dc13b5a_1000.jpg!m_fill,w_280,h_210,f_jpg?from=ke.com
20240906,东城,劲松,101122827156,满五年 南向户型方正高楼层采光好视野开阔一居室,203万,47166元/平,顶层 (共16层) 1室1厅 | 43.04平米 | 南 北,https://ke-image.ljcdn.com/110000-inspection/pc1_OQH2u8XDo.jpg!m_fill,w_280,h_210,f_jpg?from=ke.com
20240906,东城,劲松,101122807921,劲松三区双南两居室低楼层房源优质,285万,54442元/平,低楼层 (共6层) | 1980年 | 2室1厅 | 52.35平米 | 南,https://ke-image.ljcdn.com/110000-inspection/pc1_iciHPTTQt.jpg!m_fill,w_280,h_210,f_jpg?from=ke.com
20240906,东城,劲松,101122780102,劲松一区劲松地铁满五唯一商品房电梯直达南北通透,270万,55227元/平,中楼层 (共12层) 2室1厅 | 48.89平米 | 南 北,https://ke-image.ljcdn.com/110000-inspection/370990ad-2006-4a16-a3d4-7bb237f528f0_1000.jpg!m_fill,w_280,h_210,f_jpg?from=ke.com
20240906,东城,劲松,101122717209,劲松三区两南一北三居室    采光好  看房有钥匙,309万,46734元/平,顶层 (共6层) | 1980年 | 3室1厅 | 66.12平米 | 南 北,https://ke-image.ljcdn.com/110000-inspection/12a87aef-c25d-4d93-96dc-c6b4ee55285b_1000.jpg!m_fill,w_280,h_210,f_jpg?from=ke.com
20240906,东城,劲松,101122669727,此房满五唯一房龄95年南北通透步行地铁口300米,359万,55359元/平,低楼层 (共6层) 2室1厅 | 64.85平米 | 南 北,https://ke-image.ljcdn.com/110000-inspection/64bdbafa-4721-4b30-a3e9-6bc106371953_1000.jpg!m_fill,w_280,h_210,f_jpg?from=ke.com
20240906,东城,劲松,101122608403,劲松三区 南北两室一厅 钢混结构 满五唯一 近地铁,285万,46554元/平,顶层 (共6层) 2室1厅 | 61.22平米 | 南 北,https://ke-image.ljcdn.com/110000-inspection/a8157f80-d7ff-4409-b279-aa2e5fa3c53c_1000.jpg!m_fill,w_280,h_210,f_jpg?from=ke.com
20240906,东城,劲松,101122607393,东三环乐澜宝邸满五年中间层户型方正观小区花园,1130万,76321元/平,中楼层 (共28层) | 2003年 | 3室1厅 | 148.06平米 | 南,https://ke-image.ljcdn.com/110000-inspection/pc1_moHd2AwsE.jpg!m_fill,w_280,h_210,f_jpg?from=ke.com
20240906,东城,劲松,101122535652,农光里一区南北向明厨明卫近地铁急售,200万,50026元/平,顶层 (共5层) 1室1厅 | 39.98平米 | 南 北,https://ke-image.ljcdn.com/110000-inspection/93ca9d40-0cde-45a5-b6b5-cb4a4bf15f96_1000.jpg!m_fill,w_280,h_210,f_jpg?from=ke.com
20240906,东城,劲松,101122451355,劲松 平乐园 满五唯一 精装修 配套齐全,250万,57419元/平,高楼层 (共6层) 1室1厅 | 43.54平米 | 南 东,https://ke-image.ljcdn.com/110000-inspection/6cf8ff35-24ef-4eac-a23b-daf9b421fe57_1000.jpg!m_fill,w_280,h_210,f_jpg?from=ke.com
20240906,东城,劲松,101122428945,劲松三区 2室1厅 南,307万,58644元/平,中楼层 (共6层) | 1979年 | 2室1厅 | 52.35平米 | 南,https://ke-image.ljcdn.com/110000-inspection/7e79e667-3808-40db-848c-ce65894d5497_1000.jpg!m_fill,w_280,h_210,f_jpg?from=ke.com
20240906,东城,劲松,101122414603,劲松农光里南北通透两居室1991年钢混结构看房方便,355万,61345元/平,高楼层 (共12层) 2室0厅 | 57.87平米 | 南 北,https://ke-image.ljcdn.com/110000-inspection/pc1_LRsBb1EQB.jpg!m_fill,w_280,h_210,f_jpg?from=ke.com
20240906,东城,劲松,101122410504,农光南里东北向近地铁户型方正视野开阔带电梯两居室,315万,49787元/平,高楼层 (共16层) 2室1厅 | 63.27平米 | 东北,https://ke-image.ljcdn.com/110000-inspection/pc1_eV3Pp6IRH.jpg!m_fill,w_280,h_210,f_jpg?from=ke.com
20240906,东城,劲松,101122409990,劲松板块聚焦房源2005年满五唯一双地铁！房主自荐,419万,54800元/平,高楼层 (共18层) | 2005年 | 2室1厅 | 76.46平米 | 西南,https://ke-image.ljcdn.com/110000-inspection/a7aaf32b-2f1c-4a3c-bf14-2c6f7f8da4b4_1000.jpg!m_fill,w_280,h_210,f_jpg?from=ke.com
20240906,东城,劲松,101122378646,建面36.5实用33优质一居室 劲松地铁武圣西里房主自荐,192万,52603元/平,底层 (共6层) | 1986年 | 1室1厅 | 36.5平米 | 东,https://ke-image.ljcdn.com/110000-inspection/3758601f-2b13-463d-baa7-ff6ff0b1daea_1000.jpg!m_fill,w_280,h_210,f_jpg?from=ke.com
20240906,东城,劲松,101122310223,满五唯一商品房采光好视野好配套齐全,240万,57444元/平,顶层 (共6层) 1室1厅 | 41.78平米 | 南,https://ke-image.ljcdn.com/110000-inspection/pc1_8x38tLMKH_1.jpg!m_fill,w_280,h_210,f_jpg?from=ke.com
20240906,东城,劲松,101122290842,武圣东里  两间卧室朝南  明厨明卫南北通透.,320万,50625元/平,中楼层 (共6层) 2室1厅 | 63.21平米 | 南 北,https://ke-image.ljcdn.com/110000-inspection/pc1_gl9p06BpC.jpg!m_fill,w_280,h_210,f_jpg?from=ke.com
20240906,东城,劲松,101122243470,武圣西里南向一居室自如装修满五唯一二层出入方便房主自荐,199万,55049元/平,低楼层 (共6层) 1室1厅 | 36.15平米 | 南,https://ke-image.ljcdn.com/110000-inspection/pc1_531597j6h_1.jpg!m_fill,w_280,h_210,f_jpg?from=ke.com
20240906,东城,劲松,101122158279,劲松五区朝南一居采光好物业管理好满五年,248万,56467元/平,顶层 (共16层) | 1984年 | 1室1厅 | 43.92平米 | 南,https://ke-image.ljcdn.com/110000-inspection/pc1_xLEhY8acu.jpg!m_fill,w_280,h_210,f_jpg?from=ke.com
20240906,东城,劲松,101122101272,劲松 农光里 推荐好房 满五唯一 电梯直达近地铁,535万,61466元/平,中楼层 (共13层) 3室1厅 | 87.04平米 | 南,https://ke-image.ljcdn.com/110000-inspection/pc1_pMbxS3Eyw.jpg!m_fill,w_280,h_210,f_jpg?from=ke.com
20240906,东城,劲松,101122097863,10号劲松、14号平乐园双地铁纯商品房楼单独管理,780万,65985元/平,低楼层 (共18层) | 1998年 | 3室1厅 | 118.21平米 | 南 东,https://ke-image.ljcdn.com/110000-inspection/pc1_UZkD0lURN.jpg!m_fill,w_280,h_210,f_jpg?from=ke.com
20240906,东城,劲松,101122022386,房子满五年唯一每个功能间都有窗全明格局,321万,56425元/平,底层 (共6层) | 1985年 | 2室1厅 | 56.89平米 | 东 南 北,https://ke-image.ljcdn.com/110000-inspection/pc1_AW72XvrQe.jpg!m_fill,w_280,h_210,f_jpg?from=ke.com
20240906,东城,劲松,101121985901,武圣东里  满五年 电梯房 全明户型2居 看房有钥匙,260万,47971元/平,中楼层 (共6层) | 1985年 | 2室1厅 | 54.2平米 | 西 北,https://ke-image.ljcdn.com/110000-inspection/pc1_k88Kk9HQV.jpg!m_fill,w_280,h_210,f_jpg?from=ke.com
20240906,东城,劲松,101121942494,劲松四区 南北通透 满五唯一 采光充足 10号地铁,266万,44941元/平,高楼层 (共6层) 3室1厅 | 59.19平米 | 南 西 北,https://ke-image.ljcdn.com/110000-inspection/74a52cf7-9984-4098-a423-3792c5bbed7b_1000.jpg!m_fill,w_280,h_210,f_jpg?from=ke.com
20240906,东城,劲松,101121866305,劲松五区南向三居室满五年唯一不临街,585万,67850元/平,中楼层 (共6层) 3室1厅 | 86.22平米 | 南 北,https://ke-image.ljcdn.com/110000-inspection/f832aa2c-921a-45f5-ac1a-4886cf72b3c2_1000.jpg!m_fill,w_280,h_210,f_jpg?from=ke.com
20240906,东城,劲松,101121715325,农光里中社区 98年楼 南向 北侧有窗可通透,289万,56150元/平,低楼层 (共24层) 1室1厅 | 51.47平米 | 南,https://ke-image.ljcdn.com/110000-inspection/pc1_JhVkc4K72.jpg!m_fill,w_280,h_210,f_jpg?from=ke.com
20240906,东城,劲松,101121686885,经理力荐 农光里 南北向通透两居室 全明户型,388万,59583元/平,高楼层 (共24层) | 1998年 | 2室1厅 | 65.12平米 | 南,https://ke-image.ljcdn.com/110000-inspection/pc1_lMz1lS1Nu.jpg!m_fill,w_280,h_210,f_jpg?from=ke.com
20240906,东城,劲松,101121682714,农光南里户型方正全南向带电梯一居室,247万,56022元/平,高楼层 (共16层) | 1983年 | 1室1厅 | 44.09平米 | 南,https://ke-image.ljcdn.com/110000-inspection/pc1_00Nbrm0T7.jpg!m_fill,w_280,h_210,f_jpg?from=ke.com
20240906,东城,劲松,101121619667,农光里 低楼层 地铁口 出行便利 带娃方便,270万,44482元/平,底层 (共12层) 2室1厅 | 60.7平米 | 西 北,https://ke-image.ljcdn.com/110000-inspection/837d9b6c-399b-4f42-a054-efac83acb705_1000.jpg!m_fill,w_280,h_210,f_jpg?from=ke.com
20240906,东城,劲松,101121619199,店长推荐农光东里98年钢混两室两厅采光好无遮挡,460万,58302元/平,低楼层 (共18层) 2室2厅 | 78.9平米 | 西南,https://ke-image.ljcdn.com/110000-inspection/pc1_XAYJY5DkP.jpg!m_fill,w_280,h_210,f_jpg?from=ke.com
20240906,东城,劲松,101121512926,优士阁2004年商品房钢混结构近地铁,400万,37542元/平,高楼层 (共30层) | 2004年 | 2室1厅 | 106.55平米 | 西南,https://ke-image.ljcdn.com/110000-inspection/pc1_hcZEiCyB9.jpg!m_fill,w_280,h_210,f_jpg?from=ke.com
20240906,东城,劲松,101121461200,农光里 双南向 加固楼 地铁150米 采光好,277万,52403元/平,顶层 (共5层) 2室1厅 | 52.86平米 | 南,https://ke-image.ljcdn.com/110000-inspection/pc1_OD8WqYbGb.jpg!m_fill,w_280,h_210,f_jpg?from=ke.com
20240906,东城,劲松,101121395018,农光里 2室1厅 东 西,410万,51321元/平,高楼层 (共12层) 2室1厅 | 79.89平米 | 东 西,https://ke-image.ljcdn.com/110000-inspection/pc1_sESeLU4YT.jpg!m_fill,w_280,h_210,f_jpg?from=ke.com
20240906,东城,劲松,101121286263,农光东里 南北通透满五年唯一精装2居急售,290万,50139元/平,高楼层 (共6层) 2室1厅 | 57.84平米 | 南 北,https://ke-image.ljcdn.com/110000-inspection/pc1_PmMmzQ5J6.jpg!m_fill,w_280,h_210,f_jpg?from=ke.com
20240906,东城,劲松,101121267634,经理推荐 劲松地铁站 南北通透 三居 次顶层 不临街,359万,49450元/平,高楼层 (共6层) | 1979年 | 3室1厅 | 72.6平米 | 南 北,https://ke-image.ljcdn.com/110000-inspection/0bacc171-366e-4f9e-b489-b1b0b9bcd043_1000.jpg!m_fill,w_280,h_210,f_jpg?from=ke.com
20240906,东城,劲松,101121203723,劲松五区诚意出售中间楼层无遮挡满五年朝南一居室,219万,53862元/平,中楼层 (共6层) | 1980年 | 1室1厅 | 40.66平米 | 南,https://ke-image.ljcdn.com/110000-inspection/pc1_Gd5QzF12G.jpg!m_fill,w_280,h_210,f_jpg?from=ke.com
20240906,东城,劲松,101121149887,武圣东里精装修两居南北通透全明格局看房方便,364万,55522元/平,底层 (共6层) 2室1厅 | 65.56平米 | 南 北,https://ke-image.ljcdn.com/110000-inspection/e20d83dd-d9e0-4c3d-ba87-194f6223f398_1000.jpg!m_fill,w_280,h_210,f_jpg?from=ke.com
20240906,东城,劲松,101121124537,广渠门外大街一层南北通透近地铁,358万,64938元/平,底层 (共5层) | 1986年 | 2室1厅 | 55.13平米 | 南 北,https://ke-image.ljcdn.com/110000-inspection/cf44dc60-2f48-4a59-9226-f9c4eeef96a4_1000.jpg!m_fill,w_280,h_210,f_jpg?from=ke.com
20240906,东城,劲松,101121117468,满五唯一南北通透明厨明卫不是顶层不临街,289万,49108元/平,高楼层 (共6层) 2室1厅 | 58.85平米 | 南 北,https://ke-image.ljcdn.com/110000-inspection/53192313-bf07-4c0a-9e1d-05797b072e62_1000.jpg!m_fill,w_280,h_210,f_jpg?from=ke.com
20240906,东城,劲松,101121065812,武圣东里 正规双南向2居室 明厨明卫 采光视野好！房主自荐,288万,49819元/平,高楼层 (共6层) | 1982年 | 2室1厅 | 57.81平米 | 南,https://ke-image.ljcdn.com/110000-inspection/8f903954-6caf-4bfd-af24-308b43101196_1000.jpg!m_fill,w_280,h_210,f_jpg?from=ke.com
20240906,东城,劲松,101121042535,农光南里 满五唯一 电梯直达 采光好 近地铁房主自荐,419万,57643元/平,中楼层 (共16层) | 1983年 | 3室1厅 | 72.69平米 | 东北,https://ke-image.ljcdn.com/110000-inspection/ac849728-0a05-4e1a-9080-0a90dd60c39f_1000.jpg!m_fill,w_280,h_210,f_jpg?from=ke.com
20240906,东城,劲松,101121020611,武圣西里 大阳台精装一居室 满五年唯一房主自荐,218万,60305元/平,底层 (共6层) | 1983年 | 1室1厅 | 36.15平米 | 东,https://ke-image.ljcdn.com/110000-inspection/pc1_0m0qpJcZ4.jpg!m_fill,w_280,h_210,f_jpg?from=ke.com
20240906,东城,劲松,101120938359,农光东里 精装修电梯直达小区中间不临街双地铁,400万,47974元/平,高楼层 (共18层) | 1994年 | 3室1厅 | 83.38平米 | 西南 北,https://ke-image.ljcdn.com/110000-inspection/a8928e15-efa9-4198-86ab-ae5eda9f09de_1000.jpg!m_fill,w_280,h_210,f_jpg?from=ke.com
20240906,东城,劲松,101120938139,农光南里满五年唯一商品房东北朝向客厅居住舒服房主自荐,350万,55319元/平,中楼层 (共16层) | 1983年 | 2室1厅 | 63.27平米 | 东 北,https://ke-image.ljcdn.com/110000-inspection/pc1_jG67nuk0x.jpg!m_fill,w_280,h_210,f_jpg?from=ke.com
20240906,东城,劲松,101120868576,店长推荐 满五年 1998年楼电梯房  价格可谈,428万,49264元/平,顶层 (共18层) | 1998年 | 2室1厅 | 86.88平米 | 西南,https://ke-image.ljcdn.com/110000-inspection/c5669b8b-09b6-4e2f-b601-d404d10f4b37_1000.jpg!m_fill,w_280,h_210,f_jpg?from=ke.com
20240906,东城,劲松,101120787339,店长推荐 南北一居 楼龄新 诚意卖,259万,54619元/平,高楼层 (共6层) 1室1厅 | 47.42平米 | 南 北,https://ke-image.ljcdn.com/110000-inspection/pc1_rFglEE6Jh.jpg!m_fill,w_280,h_210,f_jpg?from=ke.com
20240906,东城,劲松,101120607096,劲松九区房子满五年家庭唯一住房 采光充足 交通便利房主自荐,450万,58709元/平,低楼层 (共16层) | 1985年 | 3室1厅 | 76.65平米 | 西北,https://ke-image.ljcdn.com/110000-inspection/f6bf2008-0a5b-4a69-bade-19c6b6809300_1000.jpg!m_fill,w_280,h_210,f_jpg?from=ke.com
20240906,东城,劲松,101120481846,垂杨柳北里 精装修 高楼层 采光好 视野好 近地铁房主自荐,275万,58177元/平,中楼层 (共18层) | 1988年 | 1室1厅 | 47.27平米 | 东,https://ke-image.ljcdn.com/110000-inspection/c7554667-bcb8-4611-a05a-49d577848c5a_1000.jpg!m_fill,w_280,h_210,f_jpg?from=ke.com
20240906,东城,劲松,101120406302,武圣东里  精装修    南北    满五唯一  北工大宿舍楼房主自荐,310万,50563元/平,顶层 (共6层) | 1983年 | 2室1厅 | 61.31平米 | 南 北,https://ke-image.ljcdn.com/110000-inspection/pc1_DgCB6chwl.jpg!m_fill,w_280,h_210,f_jpg?from=ke.com
20240906,东城,劲松,101120364962,地铁10号线 农光南里双阳台 满五唯一 电梯直达钢混楼,290万,49906元/平,低楼层 (共17层) | 1990年 | 2室1厅 | 58.11平米 | 西 北,https://ke-image.ljcdn.com/110000-inspection/pc1_dGYKW2FCU.jpg!m_fill,w_280,h_210,f_jpg?from=ke.com
20240906,东城,劲松,101120051934,武圣西里 90年近地铁满五年住房 院落干净整洁,270万,46099元/平,顶层 (共6层) 2室1厅 | 58.57平米 | 西北,https://ke-image.ljcdn.com/110000-inspection/8c5fea49-c0ad-4f86-816c-377ab70ff0a8_1000.jpg!m_fill,w_280,h_210,f_jpg?from=ke.com
20240906,东城,劲松,101119967256,潘家园建业苑 两居室 正南向 低楼层 大客厅,429万,39627元/平,底层 (共17层) 2室1厅 | 108.26平米 | 南,https://ke-image.ljcdn.com/110000-inspection/4a1d92ad-5d4a-42c7-b42f-ed3ef20adece_1000.jpg!m_fill,w_280,h_210,f_jpg?from=ke.com
20240906,东城,劲松,101119814349,劲松农光东里价格低三居室高楼层视野好,420万,50433元/平,高楼层 (共18层) | 1994年 | 3室1厅 | 83.28平米 | 南 北,https://ke-image.ljcdn.com/110000-inspection/pc1_OlbytSKP0.jpg!m_fill,w_280,h_210,f_jpg?from=ke.com
20240906,东城,劲松,101119781528,武圣东里 全南 精装修 改造小区 不临街 满五唯一房主自荐,285万,67138元/平,底层 (共6层) 1室1厅 | 42.45平米 | 南,https://ke-image.ljcdn.com/110000-inspection/68820411-610f-45e9-9361-02af2e4ef9bc_1000.jpg!m_fill,w_280,h_210,f_jpg?from=ke.com
20240906,东城,劲松,101119469977,房子做过继承实际满五年不唯一房改房有钥匙随时看,386万,61899元/平,低楼层 (共6层) 2室1厅 | 62.36平米 | 南 北,https://ke-image.ljcdn.com/110000-inspection/8952b995-c021-436f-9a79-cd39def44142_1000.jpg!m_fill,w_280,h_210,f_jpg?from=ke.com
20240906,东城,劲松,101119461930,三环内 劲松二区 板楼两居 采光充足 近地铁 配套全,249万,47294元/平,高楼层 (共6层) | 1980年 | 2室1厅 | 52.65平米 | 南,https://ke-image.ljcdn.com/110000-inspection/5a1768ce-ab51-4677-833d-57bfa6d694c1_1000.jpg!m_fill,w_280,h_210,f_jpg?from=ke.com
20240906,东城,劲松,101119352385,农光里 3室1厅 南 西南,456万,56450元/平,中楼层 (共24层) 3室1厅 | 80.78平米 | 南 西南,https://ke-image.ljcdn.com/110000-inspection/pc1_VFPHyFkaJ.jpg!m_fill,w_280,h_210,f_jpg?from=ke.com
20240906,东城,劲松,101119048578,房子是满五唯一客厅可放沙发电视明厨明卫两居室。,299万,47020元/平,高楼层 (共6层) 2室1厅 | 63.59平米 | 南 北,https://ke-image.ljcdn.com/110000-inspection/pc1_GjkHXWp5n.jpg!m_fill,w_280,h_210,f_jpg?from=ke.com
20240906,东城,劲松,101119012122,三环边塔楼南向一居室采光好无遮挡,245万,54469元/平,中楼层 (共16层) | 1987年 | 1室1厅 | 44.98平米 | 南,https://ke-image.ljcdn.com/110000-inspection/pc1_UVeHSq9eb.jpg!m_fill,w_280,h_210,f_jpg?from=ke.com
20240906,东城,劲松,101118936984,广渠门外大街 满五 带电梯钢混 近地铁 采光好,335万,56388元/平,底层 (共16层) | 1984年 | 3室1厅 | 59.41平米 | 东 北,https://ke-image.ljcdn.com/110000-inspection/pc1_MiNHZ3qjV.jpg!m_fill,w_280,h_210,f_jpg?from=ke.com
20240906,东城,劲松,101118821633,14号线北工大 99年电梯钢混楼 南北精装修两居  满五年,335万,50866元/平,中楼层 (共14层) 2室1厅 | 65.86平米 | 南 北,https://ke-image.ljcdn.com/110000-inspection/pc1_04UH57aeJ.jpg!m_fill,w_280,h_210,f_jpg?from=ke.com
20240906,东城,劲松,101118542901,优士阁2004年商品房钢混结构近地铁,297万,41967元/平,高楼层 (共30层) | 2004年 | 1室1厅 | 70.77平米 | 西,https://ke-image.ljcdn.com/110000-inspection/6c15a31c-62ef-4edd-b699-6f4185e32626_1000.jpg!m_fill,w_280,h_210,f_jpg?from=ke.com
20240906,东城,劲松,101118362181,建业苑(松榆北路7号院)房子满五年唯一地铁潘家园站,405万,54465元/平,中楼层 (共6层) 2室1厅 | 74.36平米 | 东 西,https://ke-image.ljcdn.com/110000-inspection/pc1_1RHyFztAr.jpg!m_fill,w_280,h_210,f_jpg?from=ke.com
20240906,东城,劲松,101117902866,劲松3区地铁近+户型好双阳台+视野好楼层好光线好,415万,56463元/平,高楼层 (共16层) 3室1厅 | 73.5平米 | 东北,https://ke-image.ljcdn.com/110000-inspection/pc1_Z7LaYprof.jpg!m_fill,w_280,h_210,f_jpg?from=ke.com
20240906,东城,劲松,101117274045,劲松八区  满五唯一 中间楼层  三居室,339万,55042元/平,中楼层 (共6层) | 1981年 | 3室1厅 | 61.59平米 | 南 北,https://ke-image.ljcdn.com/110000-inspection/pc1_6UJyF7Wlz_1.jpg!m_fill,w_280,h_210,f_jpg?from=ke.com
20240906,东城,劲松,101114512588,此房满2年业主北京名下一套房楼龄新交通便利,499万,37841元/平,高楼层 (共30层) | 2004年 | 3室1厅 | 131.87平米 | 西,https://ke-image.ljcdn.com/110000-inspection/pc1_2tOsgOmAY_1.jpg!m_fill,w_280,h_210,f_jpg?from=ke.com
20240906,东城,劲松,101126431961,农光里 南北双阳台 1994年 精装修 满五年,265万,54071元/平,中楼层 (共6层) 1室1厅 | 49.01平米 | 南 北,https://ke-image.ljcdn.com/110000-inspection/pc1_6WTLEymYc.jpg!m_fill,w_280,h_210,f_jpg?from=ke.com
20240906,东城,劲松,101126421939,劲松南路 1室1厅 南新上,256万,61717元/平,高楼层 (共6层) 1室1厅 | 41.48平米 | 南,https://ke-image.ljcdn.com/110000-inspection/9e967d3f-2167-49c3-b36d-f948b9bf4b4b_1000.jpg!m_fill,w_280,h_210,f_jpg?from=ke.com
20240906,东城,劲松,101126419476,二环边劲松五区近地铁诚意出售新上,263万,55780元/平,低楼层 (共16层) 1室1厅 | 47.15平米 | 南,https://ke-image.ljcdn.com/110000-inspection/9652880f-974a-4b85-ae1d-92897d169e9a_1000.jpg!m_fill,w_280,h_210,f_jpg?from=ke.com
20240906,东城,劲松,101126379239,满五唯一 高楼层 视野好 采光好 近地铁 明厨明卫新上,220万,58573元/平,顶层 (共6层) | 1985年 | 1室1厅 | 37.56平米 | 南,https://ke-image.ljcdn.com/110000-inspection/pc1_P4zxl0QoP.jpg!m_fill,w_280,h_210,f_jpg?from=ke.com
20240906,东城,劲松,101126373269,劲松五区 1室1厅 南新上,215万,52969元/平,中楼层 (共6层) 1室1厅 | 40.59平米 | 南,https://ke-image.ljcdn.com/110000-inspection/c7530112-9452-471d-8f80-666afd8e0cde_1000.jpg!m_fill,w_280,h_210,f_jpg?from=ke.com
20240906,东城,劲松,101126357541,农光南路满五唯一 电梯直达东南两居 视野开阔采光好新上,308万,55227元/平,高楼层 (共16层) | 1980年 | 2室1厅 | 55.77平米 | 东南,https://ke-image.ljcdn.com/110000-inspection/pc1_S6h1M4hfm.jpg!m_fill,w_280,h_210,f_jpg?from=ke.com
20240906,东城,劲松,101126353825,乐澜宝邸 4室1厅 南 北新上,1200万,69829元/平,低楼层 (共28层) | 2003年 | 4室1厅 | 171.85平米 | 南 北,https://ke-image.ljcdn.com/110000-inspection/pc1_TIZoeNJBP.jpg!m_fill,w_280,h_210,f_jpg?from=ke.com
20240906,东城,劲松,101126350397,乐澜宝邸 南北双通透 后排安静观花园新上,1249万,68805元/平,高楼层 (共14层) 4室2厅 | 181.53平米 | 南 北,https://ke-image.ljcdn.com/110000-inspection/10293f52-eb0e-4176-a6db-c43651395db6_1000.jpg!m_fill,w_280,h_210,f_jpg?from=ke.com
20240906,东城,劲松,101126278520,楼龄新（2000）交通便利带电梯有客厅诚意新上,270万,58850元/平,低楼层 (共13层) | 2002年 | 1室1厅 | 45.88平米 | 南,https://ke-image.ljcdn.com/110000-inspection/a7fc8e0c-819e-4b79-af91-7fb32b684d96_1000.jpg!m_fill,w_280,h_210,f_jpg?from=ke.com
20240906,东城,劲松,101126250938,华腾北塘商务中心 1室0厅 南,490万,24257元/平,高楼层 (共24层) | 2003年 | 1室0厅 | 202.01平米 | 南,https://ke-image.ljcdn.com/110000-inspection/4b035499-dbda-431d-a073-f0d81adcfcf8_1000.jpg!m_fill,w_280,h_210,f_jpg?from=ke.com
20240906,东城,劲松,101126246207,农光里政府改造楼轻奢风格精装拎包住大阳台赏月优享,400万,56323元/平,中楼层 (共5层) | 1980年 | 2室1厅 | 71.02平米 | 南 北,https://ke-image.ljcdn.com/110000-inspection/02047765-c405-4be5-8b4b-2d1722cb9c52_1000.jpg!m_fill,w_280,h_210,f_jpg?from=ke.com
20240906,东城,劲松,101126215768,垂杨柳南里南北通透一层两居室,389万,67290元/平,底层 (共6层) 2室2厅 | 57.81平米 | 南 北,https://ke-image.ljcdn.com/110000-inspection/dc2cfc42-c52c-43b5-b39c-97c03f3ce4b3_1000.jpg!m_fill,w_280,h_210,f_jpg?from=ke.com
20240906,东城,劲松,101126215149,东三环南路58号院 富顿中心一居室,252万,53402元/平,中楼层 (共16层) | 2004年 | 1室0厅 | 47.19平米 | 北,https://ke-image.ljcdn.com/110000-inspection/086e440f-db48-4e54-879b-c0785d92c306_1000.jpg!m_fill,w_280,h_210,f_jpg?from=ke.com
20240906,东城,劲松,101126183685,武圣东里 2室1厅 西北,299万,55167元/平,中楼层 (共6层) 2室1厅 | 54.2平米 | 西北,https://ke-image.ljcdn.com/110000-inspection/pc1_3VsdvGqXs.jpg!m_fill,w_280,h_210,f_jpg?from=ke.com
20240906,东城,劲松,101126130592,本房是全南两居室低楼层适合各种客户看房方便,296万,53750元/平,低楼层 (共6层) | 1978年 | 2室1厅 | 55.07平米 | 南,https://ke-image.ljcdn.com/110000-inspection/622feb55-e557-415e-8e59-930e359e280d_1000.jpg!m_fill,w_280,h_210,f_jpg?from=ke.com
20240906,东城,劲松,101126128380,劲松三区 2室0厅 南 西南,352万,53988元/平,中楼层 (共16层) 2室0厅 | 65.2平米 | 南 西南,https://ke-image.ljcdn.com/110000-inspection/1dbee4d9-09ea-49e7-9a5c-7b71dbfab340_1000.jpg!m_fill,w_280,h_210,f_jpg?from=ke.com
20240906,东城,劲松,101126098411,劲松三区 近地铁 电梯房 精装修,293万,49619元/平,低楼层 (共12层) | 1980年 | 2室1厅 | 59.05平米 | 南,https://ke-image.ljcdn.com/110000-inspection/b2c2394a-374f-403d-ad29-7fda006098e9_1000.jpg!m_fill,w_280,h_210,f_jpg?from=ke.com
20240906,东城,劲松,101126079939,农光南路 2室1厅 南 北,288万,44342元/平,顶层 (共6层) | 1993年 | 2室1厅 | 64.95平米 | 南 北,https://ke-image.ljcdn.com/110000-inspection/bc8662ef-de54-4138-abf7-0f7b1b0c3877_1000.jpg!m_fill,w_280,h_210,f_jpg?from=ke.com
20240906,东城,劲松,101126069278,劲松地铁站 中低楼视野开阔。满五唯一价格低,242万,52032元/平,低楼层 (共23层) | 2003年 | 1室0厅 | 46.51平米 | 北,https://ke-image.ljcdn.com/110000-inspection/39ad18ea-00c0-4f65-8121-efaf58622b49_1000.jpg!m_fill,w_280,h_210,f_jpg?from=ke.com
20240906,东城,劲松,101126064633,劲松南路 东南向 双卧室朝南 客厅和厨房朝东 精装,488万,68549元/平,低楼层 (共18层) | 1997年 | 2室1厅 | 71.19平米 | 东 南,https://ke-image.ljcdn.com/110000-inspection/pc1_YBze6cZO9.jpg!m_fill,w_280,h_210,f_jpg?from=ke.com
20240906,东城,劲松,101126001374,低楼层近地铁满五年精装修可拎包入住。,315万,53636元/平,中楼层 (共4层) 2室0厅 | 58.73平米 | 东 西,https://ke-image.ljcdn.com/110000-inspection/d16a59ab-c6e2-4a99-8543-0b7d8eb08ca1_1000.jpg!m_fill,w_280,h_210,f_jpg?from=ke.com
20240906,东城,劲松,101125954743,劲松一区 布局合理南北通透近地铁3居满五年唯一,295万,46737元/平,顶层 (共6层) 3室1厅 | 63.12平米 | 南 北,https://ke-image.ljcdn.com/110000-inspection/dbb49b14-f3ac-4a8a-88d8-f34091942a57_1000.jpg!m_fill,w_280,h_210,f_jpg?from=ke.com
20240906,东城,劲松,101125951289,农光里中社区 全南户型 大客厅 明厅一居 采光好,293万,66987元/平,中楼层 (共24层) | 1997年 | 1室1厅 | 43.74平米 | 南,https://ke-image.ljcdn.com/110000-inspection/pc1_CzNQOWf6X.jpg!m_fill,w_280,h_210,f_jpg?from=ke.com
20240906,东城,劲松,101125888589,劲松潘家园紫东苑东南向精装两居视野好。满五唯一,670万,59961元/平,中楼层 (共22层) 2室2厅 | 111.74平米 | 东南,https://ke-image.ljcdn.com/110000-inspection/0345c94c-780e-4d5b-9887-c162c00b7dd6_1000.jpg!m_fill,w_280,h_210,f_jpg?from=ke.com
20240906,东城,劲松,101125864261,满五年明厨明卫大客厅电梯直达独栋独院管理,280万,52406元/平,低楼层 (共18层) 1室1厅 | 53.43平米 | 南,https://ke-image.ljcdn.com/110000-inspection/pc1_lTJLApq8N.jpg!m_fill,w_280,h_210,f_jpg?from=ke.com
20240906,东城,劲松,101125850563,潘家园武圣西里 户型方正南北通透 精装两居室,289万,50437元/平,高楼层 (共6层) 2室1厅 | 57.3平米 | 南 北,https://ke-image.ljcdn.com/110000-inspection/a041eff2-2511-4cc9-bd49-ccb293fddfdd_1000.jpg!m_fill,w_280,h_210,f_jpg?from=ke.com
20240906,东城,劲松,101125837045,东三环富顿中心东南向开间采光好 位置优越,335万,48856元/平,中楼层 (共23层) | 2003年 | 1室0厅 | 68.57平米 | 东南,https://ke-image.ljcdn.com/110000-inspection/a38064b2-3efb-4791-abd9-77005ec47e90_1000.jpg!m_fill,w_280,h_210,f_jpg?from=ke.com
20240906,东城,劲松,101125833231,潘家园地铁口 南向两居室 满五年 采光好,280万,45566元/平,顶层 (共6层) 2室1厅 | 61.45平米 | 南,https://ke-image.ljcdn.com/110000-inspection/302741a1-a12b-430d-a88d-9bb1c18a7b7c_1000.jpg!m_fill,w_280,h_210,f_jpg?from=ke.com
20240906,东城,劲松,101125759769,劲松嘉园 3室1厅 东 南 西,998万,57602元/平,中楼层 (共24层) 3室1厅 | 173.26平米 | 东 南 西,https://ke-image.ljcdn.com/110000-inspection/1af4fd95-1485-4257-9a60-b63cef408d7b_1000.jpg!m_fill,w_280,h_210,f_jpg?from=ke.com
20240906,东城,劲松,101125754541,农光里 2000年建成 近地铁 南北通透 满五唯一房主自荐,340万,55968元/平,高楼层 (共6层) 2室1厅 | 60.75平米 | 南 北,https://ke-image.ljcdn.com/110000-inspection/0ee3490e-8822-4982-9099-8962b3fec549_1000.jpg!m_fill,w_280,h_210,f_jpg?from=ke.com
20240906,东城,劲松,101125728080,乐澜宝邸 2室2厅 南,1180万,57143元/平,高楼层 (共13层) 2室2厅 | 206.5平米 | 南,https://ke-image.ljcdn.com/110000-inspection/25352649-70ca-407f-84c9-838c934ebe55_1000.jpg!m_fill,w_280,h_210,f_jpg?from=ke.com
20240906,东城,劲松,101125714437,满五年唯一商品房中间楼层不临街近地铁,213万,55153元/平,中楼层 (共6层) 1室1厅 | 38.62平米 | 南,https://ke-image.ljcdn.com/110000-inspection/ce90d832-0054-44ea-8719-f2d3d92879f4_1000.jpg!m_fill,w_280,h_210,f_jpg?from=ke.com
20240906,东城,劲松,101125704000,武圣东里 南北通透 明厨明卫 前后双阳台 视野开阔房主自荐,335万,51373元/平,底层 (共6层) 2室1厅 | 65.21平米 | 南 北,https://ke-image.ljcdn.com/110000-inspection/pc1_wt7GzFmka.jpg!m_fill,w_280,h_210,f_jpg?from=ke.com
20240906,东城,劲松,101125691759,二环边光明桥 广和南里南北两居中层电梯直达 随时看,375万,60563元/平,中楼层 (共15层) 2室1厅 | 61.92平米 | 南 北,https://ke-image.ljcdn.com/110000-inspection/5d188a8c-2973-47a7-ba47-dbc3d72480e7_1000.jpg!m_fill,w_280,h_210,f_jpg?from=ke.com
20240906,东城,劲松,101125668825,武圣东里南北向两居精装近地铁近公园急售随时看,315万,57830元/平,低楼层 (共6层) 2室1厅 | 54.47平米 | 南 北,https://ke-image.ljcdn.com/110000-inspection/pc1_mKZQdXR4Y_2.jpg!m_fill,w_280,h_210,f_jpg?from=ke.com
20240906,东城,劲松,101125634401,南北通透 明厨明卫 满五唯一 采光视野好房主自荐,479万,42263元/平,顶层 (共6层) | 1995年 | 3室2厅 | 113.34平米 | 南 北 东,https://ke-image.ljcdn.com/110000-inspection/40764960-3858-4601-b0b7-b3e4ccd64b23_1000.jpg!m_fill,w_280,h_210,f_jpg?from=ke.com
20240906,东城,劲松,101125578768,优士阁B座大两居广渠门外大街8号,348万,35748元/平,高楼层 (共30层) | 2004年 | 2室1厅 | 97.35平米 | 西,https://ke-image.ljcdn.com/110000-inspection/87c4e037-5c03-4fd2-aee9-e6ab86329120_1000.jpg!m_fill,w_280,h_210,f_jpg?from=ke.com
20240906,东城,劲松,101125570164,满五唯一下楼地铁中间楼层南北通透精装修,258万,52675元/平,中楼层 (共6层) 1室1厅 | 48.98平米 | 南 北,https://ke-image.ljcdn.com/110000-inspection/11ab83d9-2894-4fd5-a582-af4defe33124_1000.jpg!m_fill,w_280,h_210,f_jpg?from=ke.com
20240906,东城,劲松,101125453925,劲松四区双南卧室电梯直达满五年唯一装修好,285万,56048元/平,中楼层 (共12层) 2室1厅 | 50.85平米 | 南 北,https://ke-image.ljcdn.com/110000-inspection/pc1_vPZfbFef2.jpg!m_fill,w_280,h_210,f_jpg?from=ke.com
20240906,东城,劲松,101125450043,垂杨柳中里 2室1厅 南,342万,57105元/平,中楼层 (共6层) 2室1厅 | 59.89平米 | 南,https://ke-image.ljcdn.com/110000-inspection/17dc0715-ca05-4def-831c-07181d7c02f6_1000.jpg!m_fill,w_280,h_210,f_jpg?from=ke.com
20240906,东城,劲松,101125414557,农光东里 1室1厅 南房主自荐,260万,61379元/平,中楼层 (共6层) 1室1厅 | 42.36平米 | 南,https://ke-image.ljcdn.com/110000-inspection/pc1_8T3GKdpAI.jpg!m_fill,w_280,h_210,f_jpg?from=ke.com
20240906,东城,劲松,101125361268,劲松10号线 双南向采光好加固楼 户型方正全天阳光,340万,66046元/平,中楼层 (共5层) 2室1厅 | 51.48平米 | 南,https://ke-image.ljcdn.com/110000-inspection/2b4f1881-dde8-41f8-92cb-6fdfe4bc83bf_1000.jpg!m_fill,w_280,h_210,f_jpg?from=ke.com
20240906,东城,劲松,101125310460,富顿中心 中间楼层 南向一居室 业主诚意出售,260万,61905元/平,中楼层 (共16层) 1室1厅 | 42平米 | 南,https://ke-image.ljcdn.com/110000-inspection/pc1_ZvQhbyOYX.jpg!m_fill,w_280,h_210,f_jpg?from=ke.com
20240906,东城,劲松,101125309933,富顿 高层东南向 满五年 家庭一套房 看房方便,329万,47981元/平,中楼层 (共23层) | 2003年 | 2室1厅 | 68.57平米 | 东南,https://ke-image.ljcdn.com/110000-inspection/027650c9-81bf-4b8e-b74d-39813cf5b3b3_1000.jpg!m_fill,w_280,h_210,f_jpg?from=ke.com
20240906,东城,劲松,101125303465,优士阁满五唯一两居室业主诚意出售,310万,39256元/平,中楼层 (共30层) | 2004年 | 2室2厅 | 78.97平米 | 西,https://ke-image.ljcdn.com/110000-inspection/pc1_JpydsMwJW_1.jpg!m_fill,w_280,h_210,f_jpg?from=ke.com
20240906,东城,劲松,101125301697,紫东苑大客厅两居双卫商品房 电梯直达 近地铁,666万,56967元/平,中楼层 (共22层) 2室2厅 | 116.91平米 | 东,https://ke-image.ljcdn.com/110000-inspection/4dda1ddc-5c8b-4837-8b24-44b1fec3a392_1000.jpg!m_fill,w_280,h_210,f_jpg?from=ke.com
20240906,东城,劲松,101125283741,双井板块满五年近地铁诚意出售,460万,52578元/平,底层 (共24层) | 1998年 | 3室1厅 | 87.49平米 | 东,https://ke-image.ljcdn.com/110000-inspection/pc1_SJnPsFuKD.jpg!m_fill,w_280,h_210,f_jpg?from=ke.com
20240906,东城,劲松,101125249225,劲松潘家园 紫东苑小区 精装修 大两居 诚意出售,630万,49611元/平,中楼层 (共22层) 2室2厅 | 126.99平米 | 西,https://ke-image.ljcdn.com/110000-inspection/6ed797b1-8b4b-436f-8c19-1423f97c0051_1000.jpg!m_fill,w_280,h_210,f_jpg?from=ke.com
20240906,东城,劲松,101125226553,富顿中心70年大产权楼龄新民水民电看小区花园,249万,48200元/平,低楼层 (共16层) | 2004年 | 1室0厅 | 51.66平米 | 北,https://ke-image.ljcdn.com/110000-inspection/11c066b4-80ab-4d16-a45a-93a7fcaf5ae8_1000.jpg!m_fill,w_280,h_210,f_jpg?from=ke.com
20240906,东城,劲松,101125226337,劲松地铁站 楼层高视野开阔。满五唯一总价少,252万,51650元/平,中楼层 (共23层) | 2003年 | 1室0厅 | 48.79平米 | 东,https://ke-image.ljcdn.com/110000-inspection/753561c6-6164-471b-93cf-3736627cccc3_1000.jpg!m_fill,w_280,h_210,f_jpg?from=ke.com
20240906,东城,劲松,101125171661,农光里 3室1厅 南 北,548万,57096元/平,低楼层 (共13层) | 2002年 | 3室1厅 | 95.98平米 | 南 北,https://ke-image.ljcdn.com/110000-inspection/pc1_dYuSqFIxN_1.jpg!m_fill,w_280,h_210,f_jpg?from=ke.com
20240906,东城,劲松,101125164840,农光里 1室1厅 东南,257万,60230元/平,中楼层 (共6层) | 1983年 | 1室1厅 | 42.67平米 | 东南,https://ke-image.ljcdn.com/110000-inspection/pc1_f79yrz2A4.jpg!m_fill,w_280,h_210,f_jpg?from=ke.com
20240906,东城,劲松,101125122020,广和东里南北通透明厨明卫小两居好房出售,267万,52027元/平,顶层 (共6层) | 1988年 | 2室1厅 | 51.32平米 | 南 北,https://ke-image.ljcdn.com/110000-inspection/pc1_4Uq66whGz.jpg!m_fill,w_280,h_210,f_jpg?from=ke.com
20240906,东城,劲松,101125118879,劲松四区电梯直达钢混结构满五唯一,294万,53729元/平,高楼层 (共12层) 2室1厅 | 54.72平米 | 南,https://ke-image.ljcdn.com/110000-inspection/56b92044-c721-4fa0-8930-f5bdb4d52d45_1000.jpg!m_fill,w_280,h_210,f_jpg?from=ke.com
20240906,东城,劲松,101125098802,二环外边近广渠门环境干净电梯直达诚意卖,339万,54722元/平,中楼层 (共16层) 2室1厅 | 61.95平米 | 东北,https://ke-image.ljcdn.com/110000-inspection/f79c30ae-6c09-4012-80f7-4a76f3bdacec_1000.jpg!m_fill,w_280,h_210,f_jpg?from=ke.com
20240906,东城,劲松,101125073162,武圣东里精装大两居南北通透大客厅。,379万,54604元/平,高楼层 (共6层) 2室1厅 | 69.41平米 | 南 北,https://ke-image.ljcdn.com/110000-inspection/887e5f10-1917-4ebc-a4ed-08d8f2d76a84_1000.jpg!m_fill,w_280,h_210,f_jpg?from=ke.com
20240906,东城,劲松,101124989453,劲松二区 1室1厅 南,248万,61815元/平,高楼层 (共6层) 1室1厅 | 40.12平米 | 南,https://ke-image.ljcdn.com/110000-inspection/pc1_ZNgp7PSb0.jpg!m_fill,w_280,h_210,f_jpg?from=ke.com
20240906,东城,劲松,101124989045,劲松国贸商圈 农光东里 中间楼层 精装修诚意售,405万,63810元/平,低楼层 (共6层) | 1994年 | 2室1厅 | 63.47平米 | 南 北,https://ke-image.ljcdn.com/110000-inspection/pc1_pDDurXM7d.jpg!m_fill,w_280,h_210,f_jpg?from=ke.com
20240906,东城,劲松,101124929338,垂杨柳中里大客厅满五年看房方便,452万,57897元/平,中楼层 (共6层) 3室1厅 | 78.07平米 | 东 西,https://ke-image.ljcdn.com/110000-inspection/pc1_Xu9a6Bp1S.jpg!m_fill,w_280,h_210,f_jpg?from=ke.com
20240906,东城,劲松,101124915958,华腾北塘商务中心 高楼层 采光好 视野开阔,249万,25489元/平,高楼层 (共24层) | 2003年 | 2室1厅 | 97.69平米 | 西,https://ke-image.ljcdn.com/110000-inspection/d97bb5e4-401e-4db4-b76f-5d386833c1bf_1000.jpg!m_fill,w_280,h_210,f_jpg?from=ke.com
20240906,东城,劲松,101124906380,建业苑 满五年 东西通透 楼龄新 近地铁,498万,42254元/平,顶层 (共6层) | 1996年 | 3室2厅 | 117.86平米 | 西 东,https://ke-image.ljcdn.com/110000-inspection/4307374b-f73b-4221-93a0-2083ff268aa3_1000.jpg!m_fill,w_280,h_210,f_jpg?from=ke.com
20240906,东城,劲松,101124824582,建业苑 双南两居 满五年唯一 商品房 近地铁,555万,51266元/平,低楼层 (共17层) 2室1厅 | 108.26平米 | 南,https://ke-image.ljcdn.com/110000-inspection/pc1_VtoOsDnnv.jpg!m_fill,w_280,h_210,f_jpg?from=ke.com
20240906,东城,劲松,101124822745,潘家园 劲松 南北两居 1997年建成  近地铁,405万,49409元/平,底层 (共7层) 2室1厅 | 81.97平米 | 南 北,https://ke-image.ljcdn.com/110000-inspection/1f171c5d-4779-4ebc-8339-809444e0fab4_1000.jpg!m_fill,w_280,h_210,f_jpg?from=ke.com
20240906,东城,劲松,101124777241,乐澜宝邸南向一居室中间楼层采光好,666万,63941元/平,中楼层 (共13层) 1室0厅 | 104.16平米 | 南,https://ke-image.ljcdn.com/110000-inspection/pc1_iEBajjLOs.jpg!m_fill,w_280,h_210,f_jpg?from=ke.com
20240906,东城,劲松,101124771784,武圣西里两居室适合首套购房楼层低适合老人居住,219万,49875元/平,底层 (共5层) 2室1厅 | 43.91平米 | 东,https://ke-image.ljcdn.com/110000-inspection/pc1_R5LTcfFpp.jpg!m_fill,w_280,h_210,f_jpg?from=ke.com
20240906,东城,劲松,101124744434,劲松四区电梯直达精装修满五唯一,330万,59729元/平,中楼层 (共12层) | 1979年 | 2室1厅 | 55.25平米 | 南,https://ke-image.ljcdn.com/110000-inspection/pc1_ovVmZMMtJ.jpg!m_fill,w_280,h_210,f_jpg?from=ke.com
20240906,东城,劲松,101124731308,建业苑(松榆北路7号院) 2室1厅 西,565万,58050元/平,中楼层 (共19层) | 2001年 | 2室1厅 | 97.33平米 | 西,https://ke-image.ljcdn.com/110000-inspection/a69dc251-8998-4ba1-9048-2926f7fba364_1000.jpg!m_fill,w_280,h_210,f_jpg?from=ke.com
20240906,东城,劲松,101124686208,2004年商品房住宅性质目前办公的多双井地铁,430万,38393元/平,中楼层 (共30层) 2室1厅 | 112平米 | 东南,https://ke-image.ljcdn.com/110000-inspection/pc1_oz9CY6Xud.jpg!m_fill,w_280,h_210,f_jpg?from=ke.com
20240906,东城,劲松,101124603906,紫东苑 正南 满五唯一 双卫 无遮挡,678万,59757元/平,中楼层 (共22层) 2室2厅 | 113.46平米 | 南,https://ke-image.ljcdn.com/110000-inspection/998fd6eb-1954-498c-8da7-eb2747f3df1b_1000.jpg!m_fill,w_280,h_210,f_jpg?from=ke.com
20240906,东城,劲松,101124583952,华腾北塘商务中心高层北向一居室,295万,30900元/平,高楼层 (共24层) | 2003年 | 1室1厅 | 95.47平米 | 北,https://ke-image.ljcdn.com/110000-inspection/pc1_jWPJ9KX1X.jpg!m_fill,w_280,h_210,f_jpg?from=ke.com
20240906,东城,劲松,101124561722,劲松四区满五唯一全明格局近超市公交站,310万,51283元/平,中楼层 (共6层) 2室1厅 | 60.45平米 | 南 北,https://ke-image.ljcdn.com/110000-inspection/8c7e4019-4478-4395-91aa-fd38c79c6638_1000.jpg!m_fill,w_280,h_210,f_jpg?from=ke.com
20240906,东城,劲松,101124560281,劲松五区低楼层不临街满五年唯一朝南两居室,290万,56366元/平,底层 (共6层) 2室1厅 | 51.45平米 | 南,https://ke-image.ljcdn.com/110000-inspection/pc1_6A1ttTeRA.jpg!m_fill,w_280,h_210,f_jpg?from=ke.com
20240906,东城,劲松,101124513969,抗震加固 改造近地铁 明厨明卫 可以67,390万,77366元/平,底层 (共6层) 2室1厅 | 50.41平米 | 南,https://ke-image.ljcdn.com/110000-inspection/pc1_cJvAqquLa.jpg!m_fill,w_280,h_210,f_jpg?from=ke.com
20240906,东城,劲松,101124471891,农光里渤海家园 单独院落管理 满五年唯一 随时可看,598万,58002元/平,高楼层 (共22层) 2室1厅 | 103.1平米 | 南 西,https://ke-image.ljcdn.com/110000-inspection/9b43ee53-c37a-4817-a738-4f10f0e55f54_1000.jpg!m_fill,w_280,h_210,f_jpg?from=ke.com
20240906,东城,劲松,101124457538,乐澜宝邸复式三居室南北通透采光充足看房有钥匙,1239万,63653元/平,底层 (共14层) | 2003年 | 3室2厅 | 194.65平米 | 南 北,https://ke-image.ljcdn.com/110000-inspection/pc1_jLeHFVzBh.jpg!m_fill,w_280,h_210,f_jpg?from=ke.com
20240906,东城,劲松,101124413145,房子是满五年 南北通透的 前面没有遮挡,390万,47136元/平,高楼层 (共6层) 3室1厅 | 82.74平米 | 南 北,https://ke-image.ljcdn.com/110000-inspection/pc1_RoSQa75Se_1.jpg!m_fill,w_280,h_210,f_jpg?from=ke.com
20240906,东城,劲松,101124411671,南北通透视野采光好诚意出售,249万,40894元/平,顶层 (共6层) 3室1厅 | 60.89平米 | 南 北,https://ke-image.ljcdn.com/110000-inspection/pc1_6B4dIh4et.jpg!m_fill,w_280,h_210,f_jpg?from=ke.com
20240906,东城,劲松,101124405736,优士阁小区 2004年的小区 70年产权商品房,355万,33775元/平,低楼层 (共30层) | 2004年 | 2室1厅 | 105.11平米 | 南,https://ke-image.ljcdn.com/110000-inspection/fcd0e6f2-6fc6-4529-8811-af9cbf7e3632_1000.jpg!m_fill,w_280,h_210,f_jpg?from=ke.com
20240906,东城,劲松,101124405716,优士阁 2004年小区 70年产权商品房,355万,34702元/平,低楼层 (共30层) | 2004年 | 2室1厅 | 102.3平米 | 东南,https://ke-image.ljcdn.com/110000-inspection/pc1_MHudZgASg.jpg!m_fill,w_280,h_210,f_jpg?from=ke.com
20240906,东城,劲松,101124390190,劲松嘉园精装修拎包入住业主诚售房主自荐,899万,53243元/平,中楼层 (共14层) 3室2厅 | 168.85平米 | 东北,https://ke-image.ljcdn.com/110000-inspection/d82ea411-3e3c-4cb3-a40a-bc6f55c8874d_1000.jpg!m_fill,w_280,h_210,f_jpg?from=ke.com
20240906,东城,劲松,101124339484,农光南里三居室单价低看房方便,377万,49580元/平,低楼层 (共16层) | 1983年 | 3室1厅 | 76.04平米 | 西北,https://ke-image.ljcdn.com/110000-inspection/pc1_qkFCEoCgl_1.jpg!m_fill,w_280,h_210,f_jpg?from=ke.com
20240906,东城,劲松,101124331233,二环外光明桥08年商品房视野开阔阳光充足,350万,64174元/平,顶层 (共24层) | 2008年 | 1室1厅 | 54.54平米 | 西,https://ke-image.ljcdn.com/110000-inspection/pc1_DNeZqX051.jpg!m_fill,w_280,h_210,f_jpg?from=ke.com
20240906,东城,劲松,101124172622,富顿70年产权商品房  精装修  中间楼层采光好,262万,53700元/平,中楼层 (共23层) | 2003年 | 1室0厅 | 48.79平米 | 西,https://ke-image.ljcdn.com/110000-inspection/pc1_1Y5g0RZYk.jpg!m_fill,w_280,h_210,f_jpg?from=ke.com
20240906,东城,劲松,101124172593,富顿中心精装修房源 70年产权 民水民电 地铁方便,290万,56137元/平,中楼层 (共16层) | 2004年 | 1室0厅 | 51.66平米 | 北,https://ke-image.ljcdn.com/110000-inspection/pc1_B9Tvt2m8Y.jpg!m_fill,w_280,h_210,f_jpg?from=ke.com
20240906,东城,劲松,101124118940,乐澜宝邸 后排观花园 南北朝向 自住装修保养的不错,1138万,63083元/平,低楼层 (共15层) 3室2厅 | 180.4平米 | 南 北,https://ke-image.ljcdn.com/110000-inspection/pc1_wRmbjLNBm.jpg!m_fill,w_280,h_210,f_jpg?from=ke.com
20240906,东城,劲松,101124056850,劲松南路 近地铁 电梯房 高楼层 视野好,779万,57415元/平,高楼层 (共18层) 3室1厅 | 135.68平米 | 南 西,https://ke-image.ljcdn.com/110000-inspection/pc1_kvYC5tBgx.jpg!m_fill,w_280,h_210,f_jpg?from=ke.com
20240906,东城,劲松,101124056250,垂杨柳北里 高楼层 电梯直达 采光好 双井,269万,56908元/平,高楼层 (共18层) | 1988年 | 1室1厅 | 47.27平米 | 东南,https://ke-image.ljcdn.com/110000-inspection/pc1_wMwHUsJkF_1.jpg!m_fill,w_280,h_210,f_jpg?from=ke.com
20240906,东城,劲松,101124056243,劲松南路 电梯直达中楼层 18平方正客厅 满五年唯一,329万,50546元/平,中楼层 (共18层) | 1993年 | 2室1厅 | 65.09平米 | 西南,https://ke-image.ljcdn.com/110000-inspection/0942d39c-1735-4cbb-84ce-9697c71b6ef1_1000.jpg!m_fill,w_280,h_210,f_jpg?from=ke.com
20240906,东城,劲松,101124015498,农光里 2010年 板楼南北两居 近地铁,360万,58959元/平,底层 (共6层) | 2021年 | 2室2厅 | 61.06平米 | 南 北,https://ke-image.ljcdn.com/110000-inspection/pc1_AEscQfk4y.jpg!m_fill,w_280,h_210,f_jpg?from=ke.com
20240906,东城,劲松,101123983708,十号、十四号线双地铁双阳台南北通透户型全明格局,365万,56441元/平,高楼层 (共6层) | 1984年 | 2室1厅 | 64.67平米 | 南 北,https://ke-image.ljcdn.com/110000-inspection/pc1_cvnCzToY4.jpg!m_fill,w_280,h_210,f_jpg?from=ke.com
20240906,东城,劲松,101123924654,劲松二区92年钢混电梯直达两居室,446万,59995元/平,中楼层 (共15层) 2室1厅 | 74.34平米 | 南,https://ke-image.ljcdn.com/110000-inspection/pc1_fzF4cZd9F.jpg!m_fill,w_280,h_210,f_jpg?from=ke.com
20240906,东城,劲松,101123896481,富顿中心西向开间 70年产权 民水民电 精装修,276万,56569元/平,低楼层 (共23层) | 2003年 | 1室0厅 | 48.79平米 | 西,https://ke-image.ljcdn.com/110000-inspection/pc1_VlMveQeqt.jpg!m_fill,w_280,h_210,f_jpg?from=ke.com
20240906,东城,劲松,101123787031,劲松五区 满五年唯一住房 交通便利 采光充足,306万,55046元/平,高楼层 (共6层) | 1981年 | 3室1厅 | 55.59平米 | 南 北,https://ke-image.ljcdn.com/110000-inspection/pc1_Z4sHH9ehD.jpg!m_fill,w_280,h_210,f_jpg?from=ke.com
20240906,东城,劲松,101123715754,劲松九区光明桥东双东两居户型方正,318万,51750元/平,高楼层 (共12层) | 1988年 | 2室1厅 | 61.45平米 | 东,https://ke-image.ljcdn.com/110000-inspection/8fb7f514-3f90-4133-abb0-c3c4d0c06044_1000.jpg!m_fill,w_280,h_210,f_jpg?from=ke.com
20240906,东城,劲松,101123668465,劲松二区  明厨明卫 满五年唯一 格局方正 无浪费面积,325万,59831元/平,中楼层 (共6层) 2室1厅 | 54.32平米 | 南,https://ke-image.ljcdn.com/110000-inspection/pc1_tELK8f0EC.jpg!m_fill,w_280,h_210,f_jpg?from=ke.com
20240906,东城,劲松,101123621265,北工大地铁 2005年电梯直达 满五唯一 大客厅 独门独院,523万,55972元/平,中楼层 (共18层) | 2005年 | 3室1厅 | 93.44平米 | 东 南 北,https://ke-image.ljcdn.com/110000-inspection/pc1_10SiC4Hu5.jpg!m_fill,w_280,h_210,f_jpg?from=ke.com
20240906,东城,劲松,101123529277,建业苑有电梯满五年唯一2001年商品房,513万,51015元/平,顶层 (共17层) | 2001年 | 2室1厅 | 100.56平米 | 南,https://ke-image.ljcdn.com/110000-inspection/pc1_7JjcENrYb.jpg!m_fill,w_280,h_210,f_jpg?from=ke.com
20240906,东城,劲松,101123479525,紫东苑 3室1厅 西 北,750万,50889元/平,中楼层 (共22层) 3室1厅 | 147.38平米 | 西 北,https://ke-image.ljcdn.com/110000-inspection/ef856dc8-169c-489e-a534-5d1468232c48_1000.jpg!m_fill,w_280,h_210,f_jpg?from=ke.com
20240906,东城,劲松,101123429109,农光里 政府改造南北两居近地铁,373万,53385元/平,中楼层 (共5层) | 1979年 | 2室1厅 | 69.87平米 | 南 北,https://ke-image.ljcdn.com/110000-inspection/9aba1914-9bdc-4300-8608-0fb1d1494993_1000.jpg!m_fill,w_280,h_210,f_jpg?from=ke.com
20240906,东城,劲松,101123364306,劲松地铁农光东里  正南一居 精装修 带固定车位房主自荐,212万,51860元/平,高楼层 (共6层) 1室1厅 | 40.88平米 | 南,https://ke-image.ljcdn.com/110000-inspection/55c385f7-95dc-4ef4-9bda-9f687078675f_1000.jpg!m_fill,w_280,h_210,f_jpg?from=ke.com
20240906,东城,劲松,101123349931,乐澜宝邸大复式 精装修 南向采光好 满五唯一,1260万,61026元/平,低楼层 (共13层) 3室2厅 | 206.47平米 | 南,https://ke-image.ljcdn.com/110000-inspection/64f9d6ea-7f4b-4f34-b107-adaf0e3c5be1_1000.jpg!m_fill,w_280,h_210,f_jpg?from=ke.com
20240906,东城,劲松,101123343595,农光里中社区 社科院东南向一室一厅 单独管理 楼龄新,315万,51054元/平,中楼层 (共20层) | 2003年 | 1室1厅 | 61.7平米 | 东南,https://ke-image.ljcdn.com/110000-inspection/79c57542-82e7-40fc-9623-b0c192085c29_1000.jpg!m_fill,w_280,h_210,f_jpg?from=ke.com
20240906,东城,劲松,101123268469,富顿中心地铁口 70年产权  高层采光视野好 精装修,265万,68247元/平,高楼层 (共23层) | 2003年 | 1室0厅 | 38.83平米 | 南,https://ke-image.ljcdn.com/110000-inspection/pc1_rUeW7HHJq.jpg!m_fill,w_280,h_210,f_jpg?from=ke.com
20240906,东城,劲松,101123257296,富顿 10号线劲松站 西南向 交通方便,369万,52980元/平,低楼层 (共23层) | 2003年 | 1室0厅 | 69.65平米 | 西南,https://ke-image.ljcdn.com/110000-inspection/pc1_iLBwqRkWV.jpg!m_fill,w_280,h_210,f_jpg?from=ke.com
20240906,东城,劲松,101123254702,都城心屿2008年商品房精装修,315万,63127元/平,低楼层 (共24层) | 2008年 | 1室0厅 | 49.9平米 | 西,https://ke-image.ljcdn.com/110000-inspection/pc1_EuYaJ8ce5.jpg!m_fill,w_280,h_210,f_jpg?from=ke.com
20240906,东城,劲松,101123226358,劲松地铁站 北向一居看小区花园 相当于满五唯一,245万,51918元/平,低楼层 (共16层) | 2004年 | 1室1厅 | 47.19平米 | 北,https://ke-image.ljcdn.com/110000-inspection/pc1_Vi2EgvjTo.jpg!m_fill,w_280,h_210,f_jpg?from=ke.com
20240906,东城,劲松,101123194893,潘家园建业苑南北通透精装修中间层两居出售满五唯一,479万,57222元/平,中楼层 (共7层) 2室2厅 | 83.71平米 | 南 北,https://ke-image.ljcdn.com/110000-inspection/622812c9-c708-4840-992d-7cc2be647a77_1000.jpg!m_fill,w_280,h_210,f_jpg?from=ke.com
20240906,东城,劲松,101123179423,农光东里   南北通透   有钥匙  2层,288万,49793元/平,低楼层 (共6层) 2室1厅 | 57.84平米 | 南 北,https://ke-image.ljcdn.com/110000-inspection/dbb645ff-2f50-4673-8e69-079e991a9d01_1000.jpg!m_fill,w_280,h_210,f_jpg?from=ke.com
20240906,东城,劲松,101123153248,农光东里 劲松平乐园双地铁带电梯钢混,500万,55249元/平,低楼层 (共14层) 2室1厅 | 90.5平米 | 东 西,https://ke-image.ljcdn.com/110000-inspection/pc1_ALUdLsAwM.jpg!m_fill,w_280,h_210,f_jpg?from=ke.com
20240906,东城,劲松,101123153050,劲松地铁优质两居南北通透满五唯一。,315万,56829元/平,中楼层 (共6层) | 1991年 | 2室1厅 | 55.43平米 | 南 北,https://ke-image.ljcdn.com/110000-inspection/pc1_IN9nVuD0T.jpg!m_fill,w_280,h_210,f_jpg?from=ke.com
20240906,东城,劲松,101123131719,满五唯一中高楼层视野开阔双地铁线出行方便,348万,57351元/平,中楼层 (共18层) | 1998年 | 1室1厅 | 60.68平米 | 南,https://ke-image.ljcdn.com/110000-inspection/07575f51-6274-48f9-907c-e2b38e97d707_1000.jpg!m_fill,w_280,h_210,f_jpg?from=ke.com
20240906,东城,劲松,101123107611,垂杨柳中里 两室一厅 东西通透 看房方便,299万,52100元/平,高楼层 (共6层) 2室1厅 | 57.39平米 | 东 西,https://ke-image.ljcdn.com/110000-inspection/pc1_Jsb2PdC3d.jpg!m_fill,w_280,h_210,f_jpg?from=ke.com
20240906,东城,劲松,101123059753,垂杨柳南里 板楼中间层 全南向明厨明卫两居,258万,52080元/平,中楼层 (共6层) | 1977年 | 2室1厅 | 49.54平米 | 南,https://ke-image.ljcdn.com/110000-inspection/3e28506c-3bc0-4f0a-93fa-9f36f866624a_1000.jpg!m_fill,w_280,h_210,f_jpg?from=ke.com
20240906,东城,劲松,101122997011,农光东里 1室1厅 南房主自荐,339万,54154元/平,顶层 (共18层) | 1999年 | 1室1厅 | 62.6平米 | 南,https://ke-image.ljcdn.com/110000-inspection/pc1_dEdlYFRpd.jpg!m_fill,w_280,h_210,f_jpg?from=ke.com
20240906,东城,劲松,101122967361,劲松八区高楼层 采光好 视野好 配套齐全,244万,53995元/平,中楼层 (共16层) 1室1厅 | 45.19平米 | 南,https://ke-image.ljcdn.com/110000-inspection/245aee83-70df-46da-bac2-6dfafe6694bd_1000.jpg!m_fill,w_280,h_210,f_jpg?from=ke.com
20240906,东城,劲松,101122949747,潘家园地铁 面积大 使用空间充足 满五唯一房主自荐,398万,39352元/平,高楼层 (共7层) 3室2厅 | 101.14平米 | 南 北,https://ke-image.ljcdn.com/110000-inspection/pc1_oP6DJBA4a.jpg!m_fill,w_280,h_210,f_jpg?from=ke.com
20240906,东城,劲松,101122787287,乐澜宝邸南北通透户型方正大客厅配套齐全,1160万,69741元/平,低楼层 (共28层) | 2003年 | 4室1厅 | 166.33平米 | 北 南,https://ke-image.ljcdn.com/110000-inspection/pc1_uKoe9Yjt2_1.jpg!m_fill,w_280,h_210,f_jpg?from=ke.com
20240906,东城,劲松,101122783440,华腾北塘商务中心东三环劲松地铁十号线,535万,26484元/平,高楼层 (共24层) | 2003年 | 3室1厅 | 202.01平米 | 东南,https://ke-image.ljcdn.com/110000-inspection/042117aa-13f0-4dca-aff7-06ca98d0690f_1000.jpg!m_fill,w_280,h_210,f_jpg?from=ke.com
20240906,东城,劲松,101122779595,农光里    大客厅    2010年楼龄新   有钥匙  采光好,330万,52282元/平,高楼层 (共6层) | 2021年 | 2室1厅 | 63.12平米 | 东 西,https://ke-image.ljcdn.com/110000-inspection/c46cb570-5727-4099-a511-fa1e0fdc8272_1000.jpg!m_fill,w_280,h_210,f_jpg?from=ke.com
20240906,东城,劲松,101122758003,精装 满五唯一 南北通透 近地铁,305万,53802元/平,中楼层 (共6层) | 1980年 | 2室1厅 | 56.69平米 | 南 北,https://ke-image.ljcdn.com/110000-inspection/pc1_gsfURD6lC.jpg!m_fill,w_280,h_210,f_jpg?from=ke.com
20240906,东城,劲松,101122633822,劲松潘家园 农光南里南向大两居 产权清晰 户型方正,366万,44456元/平,底层 (共17层) | 1990年 | 2室1厅 | 82.33平米 | 南,https://ke-image.ljcdn.com/110000-inspection/pc1_qRgk8pZcR.jpg!m_fill,w_280,h_210,f_jpg?from=ke.com
20240906,东城,劲松,101122423363,优士阁一居满五唯一房龄新近地铁可注册,200万,40825元/平,中楼层 (共30层) | 2004年 | 1室0厅 | 48.99平米 | 西,https://ke-image.ljcdn.com/110000-inspection/pc1_4cxo7Oy3y.jpg!m_fill,w_280,h_210,f_jpg?from=ke.com
20240906,东城,劲松,101122399233,建业苑南北通透大客厅户型方正三居室,495万,55376元/平,中楼层 (共7层) 3室1厅 | 89.39平米 | 南 北,https://ke-image.ljcdn.com/110000-inspection/2dd47c86-6741-4725-a113-0f79e02d70ad_1000.jpg!m_fill,w_280,h_210,f_jpg?from=ke.com
20240906,东城,劲松,101122254802,满五年唯一商品房费用少次顶层业主诚意出售！,318万,55498元/平,高楼层 (共6层) | 1986年 | 2室1厅 | 57.3平米 | 南 北,https://ke-image.ljcdn.com/110000-inspection/pc1_hzMd4G8pE.jpg!m_fill,w_280,h_210,f_jpg?from=ke.com
20240906,东城,劲松,101122188813,劲松三区 南北两居 近地铁 落地阳台直观花园美景,279万,58308元/平,底层 (共6层) | 1980年 | 2室1厅 | 47.85平米 | 南 北,https://ke-image.ljcdn.com/110000-inspection/pc1_20a0DpLF3.jpg!m_fill,w_280,h_210,f_jpg?from=ke.com
20240906,东城,劲松,101122110189,高楼层视野采光好大三居不临街独院管理好商品房楼栋,600万,50758元/平,中楼层 (共18层) | 1998年 | 3室1厅 | 118.21平米 | 东南 南,https://ke-image.ljcdn.com/110000-inspection/pc1_JDBfZTUaO.jpg!m_fill,w_280,h_210,f_jpg?from=ke.com
20240906,东城,劲松,101122034231,富顿中心 北向一居 高楼层 可看国贸夜景房主自荐,247万,53360元/平,中楼层 (共23层) | 2003年 | 1室1厅 | 46.29平米 | 北,https://ke-image.ljcdn.com/110000-inspection/d28fdbe9-3e1a-43a9-8ffe-bf653365e664_1000.jpg!m_fill,w_280,h_210,f_jpg?from=ke.com
20240906,东城,劲松,101122011788,农光东里 1室1厅 南,315万,62525元/平,中楼层 (共18层) | 1994年 | 1室1厅 | 50.38平米 | 南,https://ke-image.ljcdn.com/110000-inspection/pc1_GtyUoBZrc.jpg!m_fill,w_280,h_210,f_jpg?from=ke.com
20240906,东城,劲松,101121930888,建业苑两居室 高楼层 无遮挡 采光充足  满五唯一,566万,56868元/平,高楼层 (共19层) | 2001年 | 2室2厅 | 99.53平米 | 西,https://ke-image.ljcdn.com/110000-inspection/pc1_BbzI2CotT.jpg!m_fill,w_280,h_210,f_jpg?from=ke.com
20240906,东城,劲松,101121817796,低楼层精装修南向两居室满五年唯一交通便利,303万,57991元/平,底层 (共6层) | 1982年 | 2室1厅 | 52.25平米 | 南,https://ke-image.ljcdn.com/110000-inspection/pc1_swXC5kpRI.jpg!m_fill,w_280,h_210,f_jpg?from=ke.com
20240906,东城,劲松,101121761615,10号线劲松地铁 农光里 中楼层 全天阳光 满五唯一,315万,59256元/平,中楼层 (共6层) | 1983年 | 2室1厅 | 53.16平米 | 南,https://ke-image.ljcdn.com/110000-inspection/pc1_0MuCDFBse.jpg!m_fill,w_280,h_210,f_jpg?from=ke.com
20240906,东城,劲松,101121489849,双卧室朝南没有遮挡视野、光线好满五唯一,269万,48839元/平,高楼层 (共6层) 2室1厅 | 55.08平米 | 南,https://ke-image.ljcdn.com/110000-inspection/pc1_YsZfpPqkq.jpg!m_fill,w_280,h_210,f_jpg?from=ke.com
20240906,东城,劲松,101121429999,二环边 劲松二区 电梯直达一居室 1992年楼龄较新,339万,58824元/平,高楼层 (共15层) | 1992年 | 1室1厅 | 57.63平米 | 南,https://ke-image.ljcdn.com/110000-inspection/e951cad9-e62c-4a39-b9d6-ae369cd2ac62_1000.jpg!m_fill,w_280,h_210,f_jpg?from=ke.com
20240906,东城,劲松,101121367479,劲松地铁口70年富顿开间高楼层精装修近地铁房主自荐,300万,64503元/平,中楼层 (共23层) | 2003年 | 1室0厅 | 46.51平米 | 北,https://ke-image.ljcdn.com/110000-inspection/pc1_2WJGypNoy.jpg!m_fill,w_280,h_210,f_jpg?from=ke.com
20240906,东城,劲松,101121365195,华腾北塘商务中心东三环劲松地铁十号线,300万,30710元/平,高楼层 (共24层) | 2003年 | 1室0厅 | 97.69平米 | 西,https://ke-image.ljcdn.com/110000-inspection/af85ce40-7799-4141-81a6-605f9f5bea3f_1000.jpg!m_fill,w_280,h_210,f_jpg?from=ke.com
20240906,东城,劲松,101121201599,南北两居  明厨明卫  地铁10号线200米看房方便,305万,52209元/平,中楼层 (共5层) 3室1厅 | 58.42平米 | 东 西 南,https://ke-image.ljcdn.com/110000-inspection/pc1_l0dJlqlfb.jpg!m_fill,w_280,h_210,f_jpg?from=ke.com
20240906,东城,劲松,101121200829,农光里 政府改造板楼 南向两居带电梯,360万,70286元/平,顶层 (共5层) 2室1厅 | 51.22平米 | 南,https://ke-image.ljcdn.com/110000-inspection/22917c53-0cb3-461e-9bd3-b9b9c0c04e44_1000.jpg!m_fill,w_280,h_210,f_jpg?from=ke.com
20240906,东城,劲松,101121128139,武圣东里南北通透大客厅产权清晰位置好户型好,360万,51866元/平,顶层 (共6层) | 1984年 | 3室1厅 | 69.41平米 | 南 北,https://ke-image.ljcdn.com/110000-inspection/58a6d6ad-28a2-486b-beac-28b49f41a007_1000.jpg!m_fill,w_280,h_210,f_jpg?from=ke.com
20240906,东城,劲松,101121080111,农光南里 东三环 商品房 满五年唯一 南向 无遮挡,228万,51713元/平,中楼层 (共16层) | 1983年 | 1室1厅 | 44.09平米 | 南,https://ke-image.ljcdn.com/110000-inspection/pc1_KgsY6nKIC.jpg!m_fill,w_280,h_210,f_jpg?from=ke.com
20240906,东城,劲松,101121017027,广渠门外大街中间层无遮挡视野采光好,360万,64436元/平,中楼层 (共5层) | 1986年 | 2室1厅 | 55.87平米 | 南,https://ke-image.ljcdn.com/110000-inspection/8d55735b-2ebf-419b-a784-295f9712811b_1000.jpg!m_fill,w_280,h_210,f_jpg?from=ke.com
20240906,东城,劲松,101120991579,武圣东里  满五唯一 南北中间层 带电梯  精装修房主自荐,258万,51808元/平,中楼层 (共6层) 2室1厅 | 49.8平米 | 东北,https://ke-image.ljcdn.com/110000-inspection/pc1_ShdXU8Q60.jpg!m_fill,w_280,h_210,f_jpg?from=ke.com
20240906,东城,劲松,101120976928,龙辉大厦70年住宅 楼龄新采光好距离地铁近,650万,42498元/平,中楼层 (共16层) | 2003年 | 2室1厅 | 152.95平米 | 东,https://ke-image.ljcdn.com/110000-inspection/pc1_s3tmqzPNw.jpg!m_fill,w_280,h_210,f_jpg?from=ke.com
20240906,东城,劲松,101120938453,农光里+钢混+电梯+两居室+满五唯一+近地铁+全明格局,360万,55814元/平,低楼层 (共12层) | 1991年 | 2室1厅 | 64.5平米 | 西 北,https://ke-image.ljcdn.com/110000-inspection/pc1_hQsqQQR7U_1.jpg!m_fill,w_280,h_210,f_jpg?from=ke.com
20240906,东城,劲松,101120911298,劲松北工大 农光南路西南两居 大客厅 有电梯 楼龄新,320万,53307元/平,中楼层 (共18层) 2室1厅 | 60.03平米 | 西南,https://ke-image.ljcdn.com/110000-inspection/ad38ea68-b66a-4080-8798-6e87dd5cce8d_1000.jpg!m_fill,w_280,h_210,f_jpg?from=ke.com
20240906,东城,劲松,101120883982,房子诚心出售 南北通透 视野好,269万,46597元/平,顶层 (共6层) | 1986年 | 2室1厅 | 57.73平米 | 南 北,https://ke-image.ljcdn.com/110000-inspection/pc1_6msgVIPdm.jpg!m_fill,w_280,h_210,f_jpg?from=ke.com
20240906,东城,劲松,101120829749,劲松平乐园农光东里小区中间楼层南向一居室,245万,59932元/平,中楼层 (共6层) | 1983年 | 1室1厅 | 40.88平米 | 南,https://ke-image.ljcdn.com/110000-inspection/pc1_wXHhYZ0N6.jpg!m_fill,w_280,h_210,f_jpg?from=ke.com
20240906,东城,劲松,101120793672,双井地铁 精装修1居室2层不用等电梯,289万,39704元/平,低楼层 (共30层) | 2004年 | 1室1厅 | 72.79平米 | 东,https://ke-image.ljcdn.com/110000-inspection/pc1_doRUOolma.jpg!m_fill,w_280,h_210,f_jpg?from=ke.com
20240906,东城,劲松,101120279981,劲松八区 低楼层 全明格局 南北三居室,470万,58495元/平,低楼层 (共6层) 3室1厅 | 80.35平米 | 南 北,https://ke-image.ljcdn.com/110000-inspection/pc1_KDSZ1Dtht.jpg!m_fill,w_280,h_210,f_jpg?from=ke.com
20240906,东城,劲松,101120234539,劲松国贸商圈 农光里全南三居室 有电梯没有遮挡,583万,60742元/平,低楼层 (共13层) | 2002年 | 3室1厅 | 95.98平米 | 南,https://ke-image.ljcdn.com/110000-inspection/pc1_a2Y8XzBQX_1.jpg!m_fill,w_280,h_210,f_jpg?from=ke.com
20240906,东城,劲松,101119790411,劲松农光东里 格局方正 近地铁 无遮挡 南北通透,555万,55545元/平,顶层 (共6层) 3室1厅 | 99.92平米 | 南 北,https://ke-image.ljcdn.com/110000-inspection/pc1_LcJbzgHrk.jpg!m_fill,w_280,h_210,f_jpg?from=ke.com
20240906,东城,劲松,101118609673,农光里三环近地铁东向两居采光充足无遮挡,329万,52156元/平,低楼层 (共6层) | 1983年 | 2室1厅 | 63.08平米 | 东,https://ke-image.ljcdn.com/110000-inspection/pc1_sOm2NJDP8.jpg!m_fill,w_280,h_210,f_jpg?from=ke.com
20240906,东城,劲松,101118363535,都城心屿 交通便利 诚心出售 诚心出售,990万,71974元/平,中楼层 (共24层) | 2008年 | 3室1厅 | 137.55平米 | 南 北,https://ke-image.ljcdn.com/110000-inspection/test-25bc52b2-8fa6-4ed2-bcae-2add975ab206.png!m_fill,w_280,h_210,f_jpg?from=ke.com
20240906,东城,劲松,101118037813,潘家园建业苑 五居室 东西通透 单价低 近地铁,907万,51755元/平,高楼层 (共7层) 5室2厅 | 175.25平米 | 东 西,https://ke-image.ljcdn.com/110000-inspection/pc1_vP75uOMhc.jpg!m_fill,w_280,h_210,f_jpg?from=ke.com
20240906,东城,劲松,101117938754,富顿 70年产权 10号地铁 看房方便 诚意出售 随时预约,450万,57093元/平,中楼层 (共23层) | 2003年 | 1室1厅 | 78.82平米 | 南 东南,https://ke-image.ljcdn.com/110000-inspection/44a82ab5-615f-4fb8-b0dd-abeb08a4917e_1000.jpg!m_fill,w_280,h_210,f_jpg?from=ke.com
20240906,东城,劲松,101117935747,房本满五年降低购房成本采光无遮挡不临街,255万,56882元/平,中楼层 (共6层) | 1991年 | 1室1厅 | 44.83平米 | 东 西,https://ke-image.ljcdn.com/110000-inspection/pc1_TeTIFDUKj_1.jpg!m_fill,w_280,h_210,f_jpg?from=ke.com
20240906,东城,劲松,101126418612,都城心屿 2室1厅 西南新上,549万,65040元/平,中楼层 (共24层) | 2008年 | 2室1厅 | 84.41平米 | 西南,https://s1.ljcdn.com/pegasus/redskull/images/common/default_house_list.png?_v=20240826145726
20240906,东城,劲松,101126414404,乐澜宝邸 2室1厅 东新上,888万,68795元/平,低楼层 (共28层) | 2003年 | 2室1厅 | 129.08平米 | 东,https://s1.ljcdn.com/pegasus/redskull/images/common/default_house_list.png?_v=20240826145726
20240906,东城,劲松,101126411477,武圣东里 3室1厅 南 北新上,500万,59781元/平,低楼层 (共17层) 3室1厅 | 83.64平米 | 南 北,https://s1.ljcdn.com/pegasus/redskull/images/common/default_house_list.png?_v=20240826145726
20240906,东城,劲松,101126393406,潘家园建业苑 满五年四居 明厨明卫 东西通透新上,585万,52505元/平,中楼层 (共7层) | 1996年 | 4室1厅 | 111.42平米 | 东 西 北,https://s1.ljcdn.com/pegasus/redskull/images/common/default_house_list.png?_v=20240826145726
20240906,东城,劲松,101126253793,农光东里 1室1厅 南,250万,59595元/平,中楼层 (共6层) | 1991年 | 1室1厅 | 41.95平米 | 南,https://s1.ljcdn.com/pegasus/redskull/images/common/default_house_list.png?_v=20240826145726
20240906,东城,劲松,101126216344,农光东里 1室1厅 南,209万,54484元/平,顶层 (共6层) 1室1厅 | 38.36平米 | 南,https://s1.ljcdn.com/pegasus/redskull/images/common/default_house_list.png?_v=20240826145726
20240906,东城,劲松,101126214518,农光里 1室1厅 南 北,295万,62382元/平,底层 (共6层) 1室1厅 | 47.29平米 | 南 北,https://s1.ljcdn.com/pegasus/redskull/images/common/default_house_list.png?_v=20240826145726
20240906,东城,劲松,101126212819,10号线劲松站农光里小区精装修近地铁两居诚意出售,298万,49094元/平,底层 (共12层) 2室1厅 | 60.7平米 | 北,https://s1.ljcdn.com/pegasus/redskull/images/common/default_house_list.png?_v=20240826145726
20240906,东城,劲松,101126125702,潘家园武圣东里 两居室 东南向 带电梯,350万,62234元/平,中楼层 (共18层) 2室1厅 | 56.24平米 | 东南,https://s1.ljcdn.com/pegasus/redskull/images/common/default_house_list.png?_v=20240826145726
20240906,东城,劲松,101126090140,农光里 2室1厅 东,325万,44242元/平,中楼层 (共12层) 2室1厅 | 73.46平米 | 东,https://s1.ljcdn.com/pegasus/redskull/images/common/default_house_list.png?_v=20240826145726
20240906,东城,劲松,101126029817,农光南路小区南向大一居电梯直达大客厅采光好,288万,48453元/平,低楼层 (共18层) 1室1厅 | 59.44平米 | 南,https://s1.ljcdn.com/pegasus/redskull/images/common/default_house_list.png?_v=20240826145726
20240906,东城,劲松,101125977718,农光东里 1室1厅 南,295万,58521元/平,高楼层 (共18层) 1室1厅 | 50.41平米 | 南,https://s1.ljcdn.com/pegasus/redskull/images/common/default_house_list.png?_v=20240826145726
20240906,东城,劲松,101125967549,潘家园 近地铁 带电梯 双南向 两居室 诚意出售,315万,52747元/平,低楼层 (共16层) | 1987年 | 2室1厅 | 59.72平米 | 南,https://s1.ljcdn.com/pegasus/redskull/images/common/default_house_list.png?_v=20240826145726
20240906,东城,劲松,101125665664,农光东里 2室1厅 南,330万,57272元/平,顶层 (共6层) | 1991年 | 2室1厅 | 57.62平米 | 南,https://s1.ljcdn.com/pegasus/redskull/images/common/default_house_list.png?_v=20240826145726
20240906,东城,劲松,101125634962,农光东里 1室1厅 南房主自荐,246万,56604元/平,低楼层 (共6层) 1室1厅 | 43.46平米 | 南,https://s1.ljcdn.com/pegasus/redskull/images/common/default_house_list.png?_v=20240826145726
20240906,东城,劲松,101125341414,双井地铁站 南北通透 三居 带电梯,379万,55736元/平,顶层 (共12层) | 1986年 | 3室1厅 | 68平米 | 南 北,https://s1.ljcdn.com/pegasus/redskull/images/common/default_house_list.png?_v=20240826145726
20240906,东城,劲松,101125316469,劲松一区低楼层三居室户型方正。,330万,52174元/平,中楼层 (共5层) 3室1厅 | 63.25平米 | 南 北,https://s1.ljcdn.com/pegasus/redskull/images/common/default_house_list.png?_v=20240826145726
20240906,东城,劲松,101125301705,农光里 2室1厅 南,354万,53939元/平,中楼层 (共5层) 2室1厅 | 65.63平米 | 南,https://s1.ljcdn.com/pegasus/redskull/images/common/default_house_list.png?_v=20240826145726
20240906,东城,劲松,101125223637,紫东苑满五唯一近地铁商品房社区,560万,45805元/平,中楼层 (共22层) 3室1厅 | 122.26平米 | 东北,https://s1.ljcdn.com/pegasus/redskull/images/common/default_house_list.png?_v=20240826145726
20240906,东城,劲松,101125096084,都城心屿 交通便利 精装修 诚心出售,613万,72622元/平,低楼层 (共24层) | 2008年 | 2室1厅 | 84.41平米 | 西南,https://s1.ljcdn.com/pegasus/redskull/images/common/default_house_list.png?_v=20240826145726
20240906,东城,劲松,101125022881,农光里 3室1厅 南 北,270万,46536元/平,顶层 (共6层) | 1979年 | 3室1厅 | 58.02平米 | 南 北,https://s1.ljcdn.com/pegasus/redskull/images/common/default_house_list.png?_v=20240826145726
20240906,东城,劲松,101124834914,潘家园建业苑南北向板楼中间层两居满五唯一,406万,52564元/平,低楼层 (共7层) | 1997年 | 2室1厅 | 77.24平米 | 南 北,https://s1.ljcdn.com/pegasus/redskull/images/common/default_house_list.png?_v=20240826145726
20240906,东城,劲松,101124595206,紫东苑 3室2厅 西北,780万,52979元/平,低楼层 (共17层) | 2004年 | 3室2厅 | 147.23平米 | 西北,https://s1.ljcdn.com/pegasus/redskull/images/common/default_house_list.png?_v=20240826145726
20240906,东城,劲松,101124413260,劲松南路 1室1厅 南,228万,54967元/平,低楼层 (共6层) 1室1厅 | 41.48平米 | 南,https://s1.ljcdn.com/pegasus/redskull/images/common/default_house_list.png?_v=20240826145726
20240906,东城,劲松,101124178568,乐澜宝邸 南北四居 劲松地铁口100米,1100万,65924元/平,低楼层 (共28层) | 2003年 | 4室2厅 | 166.86平米 | 南 北,https://s1.ljcdn.com/pegasus/redskull/images/common/default_house_list.png?_v=20240826145726
20240906,东城,劲松,101123760200,农光里 4室2厅 南 北,720万,43785元/平,顶层 (共6层) 4室2厅 | 164.44平米 | 南 北,https://s1.ljcdn.com/pegasus/redskull/images/common/default_house_list.png?_v=20240826145726
20240906,东城,劲松,101123491432,农光东里 3室1厅 东 南 西,570万,55308元/平,高楼层 (共14层) 3室1厅 | 103.06平米 | 东 南 西,https://s1.ljcdn.com/pegasus/redskull/images/common/default_house_list.png?_v=20240826145726
20240906,东城,劲松,101123373558,中间层 带电梯 采光好 产权清晰 诚意出售,299万,53527元/平,中楼层 (共6层) 2室1厅 | 55.86平米 | 南 北,https://s1.ljcdn.com/pegasus/redskull/images/common/default_house_list.png?_v=20240826145726
20240906,东城,劲松,101123290395,农光里中社区正规两居楼龄新近地铁管理好房主自荐,349万,56011元/平,中楼层 (共24层) | 1997年 | 2室1厅 | 62.31平米 | 东南,https://s1.ljcdn.com/pegasus/redskull/images/common/default_house_list.png?_v=20240826145726
20240906,东城,劲松,101123176956,南北通透没有遮挡视野、光线好满五唯一,260万,42616元/平,高楼层 (共6层) | 1980年 | 2室1厅 | 61.01平米 | 南 北,https://s1.ljcdn.com/pegasus/redskull/images/common/default_house_list.png?_v=20240826145726
20240906,东城,劲松,101120507325,华腾北塘商务中心东三环近地铁办公注册,230万,25590元/平,中楼层 (共24层) | 2003年 | 1室0厅 | 89.88平米 | 东,https://s1.ljcdn.com/pegasus/redskull/images/common/default_house_list.png?_v=20240826145726
20240906,东城,劲松,101118289333,楼层好带电梯近地铁交通便利配套齐全,500万,53938元/平,低楼层 (共14层) 2室1厅 | 92.7平米 | 东 西,https://s1.ljcdn.com/pegasus/redskull/images/common/default_house_list.png?_v=20240826145726
