20240924,怀柔,怀柔,101126629301,顶秀B区库上一层 满五唯一 不临街 精装修必看好房,220万,24767元/平,底层 (共5层) | 2015年 | 2室1厅 | 88.83平米 | 南 北,https://ke-image.ljcdn.com/110000-inspection/1cc4efd4-557c-4ab7-87fa-965e27ebedec_1000.jpg!m_fill,w_280,h_210,f_jpg?from=ke.com
20240924,怀柔,怀柔,101126502412,裕华园一区满五唯一电梯房。。必看好房,97万,14709元/平,底层 (共15层) | 2014年 | 2室1厅 | 65.95平米 | 南,https://ke-image.ljcdn.com/110000-inspection/235ec351-c245-43cb-876d-58fb249fd3f6_1000.jpg!m_fill,w_280,h_210,f_jpg?from=ke.com
20240924,怀柔,怀柔,101126484499,梦想家园西区电梯房好楼层满五唯一南北通透。必看好房,163万,18245元/平,高楼层 (共15层) | 2014年 | 2室1厅 | 89.34平米 | 南 北,https://ke-image.ljcdn.com/110000-inspection/6d3ef90f-6cd4-43e3-96dc-2fc8fc0d55f9_1000.jpg!m_fill,w_280,h_210,f_jpg?from=ke.com
20240924,怀柔,怀柔,101126404864,红螺家园客厅通阳台户型落地窗全明格局车位足必看好房,179万,19688元/平,中楼层 (共5层) 2室1厅 | 90.92平米 | 南 北,https://ke-image.ljcdn.com/110000-inspection/9a2e6794-aae3-4db4-8b65-72ef432ffa8d_1000.jpg!m_fill,w_280,h_210,f_jpg?from=ke.com
20240924,怀柔,怀柔,101126379947,客厅通阳台满五唯一三居室有带窗户储藏室必看好房,253万,28601元/平,底层 (共6层) 3室2厅 | 88.46平米 | 南 北,https://ke-image.ljcdn.com/110000-inspection/6bd81c43-c715-4017-95a1-386f3b97f960_1000.jpg!m_fill,w_280,h_210,f_jpg?from=ke.com
20240924,怀柔,怀柔,101126673644,泉河街道北园社区 满五唯一全明三居 随时可看必看好房,143万,19744元/平,高楼层 (共6层) 3室1厅 | 72.43平米 | 南 北,https://ke-image.ljcdn.com/110000-inspection/c1185985-afaa-4601-9ed1-89566493e663_1000.jpg!m_fill,w_280,h_210,f_jpg?from=ke.com
20240924,怀柔,怀柔,101126562292,老三居  楼层低  采光好  无任何遮挡必看好房,237万,24514元/平,低楼层 (共6层) 3室1厅 | 96.68平米 | 南 北,https://ke-image.ljcdn.com/110000-inspection/21e5bc0d-26a7-4c48-aca9-39cd20d1e312_1000.jpg!m_fill,w_280,h_210,f_jpg?from=ke.com
20240924,怀柔,怀柔,101126537305,湖光小区 低楼层 把边儿 客厅通阳台 精装修,180万,25039元/平,中楼层 (共5层) 2室1厅 | 71.89平米 | 南 北,https://ke-image.ljcdn.com/110000-inspection/52b752ff-3c7c-4f58-9151-76a694077706_1000.jpg!m_fill,w_280,h_210,f_jpg?from=ke.com
20240924,怀柔,怀柔,101126479135,青春路六院 电梯房 精装修 次顶层 采光好必看好房,188万,27973元/平,高楼层 (共9层) | 2015年 | 2室1厅 | 67.21平米 | 南 北,https://ke-image.ljcdn.com/110000-inspection/9eb33e98-cf6d-4b5f-b401-77e9d9ab4b8f_1000.jpg!m_fill,w_280,h_210,f_jpg?from=ke.com
20240924,怀柔,怀柔,101126446474,满五唯一 东园南区 交通便利 前后无遮挡必看好房,230万,24130元/平,底层 (共6层) 3室1厅 | 95.32平米 | 南 北,https://ke-image.ljcdn.com/110000-inspection/49ebc9c5-d93e-4617-91fd-997a56e245c2_1000.jpg!m_fill,w_280,h_210,f_jpg?from=ke.com
20240924,怀柔,怀柔,101126434071,育龙铭居2-1-1-1 65.94㎡,135万,20474元/平,中楼层 (共8层) | 2011年 | 2室1厅 | 65.94平米 | 南 北,https://ke-image.ljcdn.com/110000-inspection/4c2a0b3d-45b1-41be-8812-af26f9168061_1000.jpg!m_fill,w_280,h_210,f_jpg?from=ke.com
20240924,怀柔,怀柔,101126404990,怀柔科学城 柏泉庄园雁鸣园B区电梯房 南向采光好必看好房,130万,19285元/平,中楼层 (共9层) 2室2厅 | 67.41平米 | 南,https://ke-image.ljcdn.com/110000-inspection/aeea146d-0266-4bb1-b388-f6cf78843954_1000.jpg!m_fill,w_280,h_210,f_jpg?from=ke.com
20240924,怀柔,怀柔,101126382432,育龙馨居  环境优美  配套齐全必看好房,148万,17778元/平,中楼层 (共11层) | 2013年 | 2室1厅 | 83.25平米 | 南 北,https://ke-image.ljcdn.com/110000-inspection/d04d88d6-f46e-4e0e-bcd8-ac1d40945911_1000.jpg!m_fill,w_280,h_210,f_jpg?from=ke.com
20240924,怀柔,怀柔,101126343304,柏泉庄园雁鸣园B区电梯房精装修两居室采光好。,123万,18247元/平,低楼层 (共9层) 2室1厅 | 67.41平米 | 南,https://ke-image.ljcdn.com/110000-inspection/a3f0bae6-9f17-4921-b5b7-ef59c5b1063b_1000.jpg!m_fill,w_280,h_210,f_jpg?from=ke.com
20240924,怀柔,怀柔,101126330118,雁栖一品园B区 低层 正规大两居 南北通透 采光好,198万,19521元/平,低楼层 (共14层) 2室1厅 | 101.43平米 | 南 北,https://ke-image.ljcdn.com/110000-inspection/e86dbeb9-83b8-470a-9612-dd2b0ff9c084_1000.jpg!m_fill,w_280,h_210,f_jpg?from=ke.com
20240924,怀柔,怀柔,101126327236,东关一区    中间楼层  2019年装修的,180万,24554元/平,中楼层 (共6层) 3室1厅 | 73.31平米 | 南 北,https://ke-image.ljcdn.com/110000-inspection/b20efe75-1a38-4a61-8d17-569eb93d0ad3_1000.jpg!m_fill,w_280,h_210,f_jpg?from=ke.com
20240924,怀柔,怀柔,101126303373,翠竹园小区精装修婚房大两居室采光好视野开阔必看好房,215万,28725元/平,顶层 (共6层) 2室1厅 | 74.85平米 | 南 北,https://ke-image.ljcdn.com/110000-inspection/e8cccd14-d2a2-4d29-818a-bfb46d78bd9b_1000.jpg!m_fill,w_280,h_210,f_jpg?from=ke.com
20240924,怀柔,怀柔,101126299651,光织谷西区。电梯洋房客厅通阳台户型。看房方便,189万,20230元/平,顶层 (共6层) | 2012年 | 2室1厅 | 93.43平米 | 南,https://ke-image.ljcdn.com/110000-inspection/45225b84-af4e-4a91-9abb-f71ea84f67cb_1000.jpg!m_fill,w_280,h_210,f_jpg?from=ke.com
20240924,怀柔,怀柔,101126293515,富乐大街9号院  低楼层 方正三居室,260万,27084元/平,低楼层 (共6层) 3室1厅 | 96平米 | 南 北,https://ke-image.ljcdn.com/110000-inspection/3cd9b719-b9c0-48ca-ace6-d206fdf34ff1_1000.jpg!m_fill,w_280,h_210,f_jpg?from=ke.com
20240924,怀柔,怀柔,101126284196,裕华园一区 1室1厅 南 北必看好房,73万,14112元/平,低楼层 (共15层) | 2014年 | 1室1厅 | 51.73平米 | 南 北,https://ke-image.ljcdn.com/110000-inspection/e0ce80ad-eb4f-430d-8f0d-4b070b2adeaf_1000.jpg!m_fill,w_280,h_210,f_jpg?from=ke.com
20240924,怀柔,怀柔,101126279792,青春路一院 南北通透  诚意出售,149万,19294元/平,顶层 (共6层) | 2000年 | 2室1厅 | 77.23平米 | 南 北,https://ke-image.ljcdn.com/110000-inspection/ace6eb81-92d4-4547-88b2-0d8c688c4b51_1000.jpg!m_fill,w_280,h_210,f_jpg?from=ke.com
20240924,怀柔,怀柔,101126257982,裕华园一区电梯房一居室看房随时满五年唯一可贷款必看好房,72万,14540元/平,中楼层 (共15层) | 2014年 | 1室1厅 | 49.52平米 | 南,https://ke-image.ljcdn.com/110000-inspection/fd74e2e0-d22d-4a04-b36a-50d072b3f4d9_1000.jpg!m_fill,w_280,h_210,f_jpg?from=ke.com
20240924,怀柔,怀柔,101126250211,富乐社区中间楼层南北通透2居室,145万,22962元/平,中楼层 (共6层) 2室1厅 | 63.15平米 | 南 北,https://ke-image.ljcdn.com/110000-inspection/628410f6-bd6d-40f7-a8d1-892e73c5c352_1000.jpg!m_fill,w_280,h_210,f_jpg?from=ke.com
20240924,怀柔,怀柔,101126247784,裕华园一区电梯观景房好楼层房龄新车位充足。,106万,16081元/平,高楼层 (共15层) | 2014年 | 2室1厅 | 65.92平米 | 南,https://ke-image.ljcdn.com/110000-inspection/c149a510-da84-4e4e-87f8-1825be2ad4ce_1000.jpg!m_fill,w_280,h_210,f_jpg?from=ke.com
20240924,怀柔,怀柔,101126237006,裕华园一区 1室1厅 南 北必看好房,70万,13532元/平,底层 (共15层) | 2014年 | 1室1厅 | 51.73平米 | 南 北,https://ke-image.ljcdn.com/110000-inspection/5f5ccaeb-35e9-4c42-b099-4c969311d134_1000.jpg!m_fill,w_280,h_210,f_jpg?from=ke.com
20240924,怀柔,怀柔,101126214201,金台园 3室2厅 南 北,263万,29103元/平,中楼层 (共6层) 3室2厅 | 90.37平米 | 南 北,https://ke-image.ljcdn.com/110000-inspection/ab17e710-abd6-4424-9035-5dd18522af3b_1000.jpg!m_fill,w_280,h_210,f_jpg?from=ke.com
20240924,怀柔,怀柔,101126203212,世嘉光织谷西区南北通透电梯房两居室满五年唯一。房主自荐,190万,19969元/平,中楼层 (共5层) | 2012年 | 2室1厅 | 95.15平米 | 南 北,https://ke-image.ljcdn.com/110000-inspection/75a1993e-f3a9-4e7f-8850-f3215c548147_1000.jpg!m_fill,w_280,h_210,f_jpg?from=ke.com
20240924,怀柔,怀柔,101126180805,湖光小区 成熟社区 怀柔水库边必看好房,118万,21930元/平,中楼层 (共5层) 2室1厅 | 53.81平米 | 南,https://ke-image.ljcdn.com/110000-inspection/1955281d-eb4b-47b5-828d-de51cc39a062_1000.jpg!m_fill,w_280,h_210,f_jpg?from=ke.com
20240924,怀柔,怀柔,101126178788,顶秀美泉小镇A区正规三居室本房满五年。,319万,24114元/平,中楼层 (共5层) 3室2厅 | 132.29平米 | 南 北,https://ke-image.ljcdn.com/110000-inspection/4fb48d3b-5d2a-406b-9c9b-dacac52756ad_1000.jpg!m_fill,w_280,h_210,f_jpg?from=ke.com
20240924,怀柔,怀柔,101126140191,拎包入住两居室 成熟社区 配套完善 随时签,116万,18349元/平,顶层 (共6层) 2室1厅 | 63.22平米 | 南,https://ke-image.ljcdn.com/110000-inspection/44db3906-5e07-4716-aa20-62a5210b4efd_1000.jpg!m_fill,w_280,h_210,f_jpg?from=ke.com
20240924,怀柔,怀柔,101126121799,梦想家园西区精装修婚房两居室南北通透环境好,155万,17434元/平,低楼层 (共14层) | 2014年 | 2室1厅 | 88.91平米 | 南 北,https://ke-image.ljcdn.com/110000-inspection/bd5ba270-c8d3-436a-88f0-60dc843ffb61_1000.jpg!m_fill,w_280,h_210,f_jpg?from=ke.com
20240924,怀柔,怀柔,101126068477,金善名居  客厅通阳台  南北通透 诚意出售必看好房,165万,20459元/平,中楼层 (共5层) 2室1厅 | 80.65平米 | 南 北,https://ke-image.ljcdn.com/110000-inspection/3dcbca78-a5f9-4ff1-8c0a-d3fe178b7698_1000.jpg!m_fill,w_280,h_210,f_jpg?from=ke.com
20240924,怀柔,怀柔,101126058013,安乐馨居 高层 朝南户型 正规两居 采光好,119万,16993元/平,中楼层 (共14层) | 2019年 | 2室1厅 | 70.03平米 | 南,https://ke-image.ljcdn.com/110000-inspection/145f6934-cfcb-4268-a826-39932435b135_1000.jpg!m_fill,w_280,h_210,f_jpg?from=ke.com
20240924,怀柔,怀柔,101125970478,金善名居 2室1厅 南 北,140万,18364元/平,底层 (共6层) 2室1厅 | 76.24平米 | 南 北,https://ke-image.ljcdn.com/110000-inspection/38cebc6c-8963-4ce2-9414-73b29c5a6806_1000.jpg!m_fill,w_280,h_210,f_jpg?from=ke.com
20240924,怀柔,怀柔,101125921004,东关一区 3室1厅 南 北必看好房,188万,22847元/平,顶层 (共6层) 3室1厅 | 82.29平米 | 南 北,https://ke-image.ljcdn.com/110000-inspection/2cfc0660-f504-4725-8643-283de24c81c7_1000.jpg!m_fill,w_280,h_210,f_jpg?from=ke.com
20240924,怀柔,怀柔,101125878219,南北两居满五唯一低楼层配套齐全,130万,24382元/平,中楼层 (共5层) 2室1厅 | 53.32平米 | 南 北,https://ke-image.ljcdn.com/110000-inspection/87e58708-8f9c-45bf-bf90-73ae0968bffd_1000.jpg!m_fill,w_280,h_210,f_jpg?from=ke.com
20240924,怀柔,怀柔,101125869419,融城园南区好楼层南北通透房龄新车位充足！必看好房,158万,16212元/平,中楼层 (共6层) | 2006年 | 2室2厅 | 97.46平米 | 南 北,https://ke-image.ljcdn.com/110000-inspection/ca0d3338-e419-4cc2-b3da-0847b0222bbd_1000.jpg!m_fill,w_280,h_210,f_jpg?from=ke.com
20240924,怀柔,怀柔,101125801858,小户型 电梯房 南北通透 产权清晰 可随时签约必看好房,71万,14719元/平,低楼层 (共14层) 1室1厅 | 48.24平米 | 南 北,https://ke-image.ljcdn.com/110000-inspection/6bb2bcbb-9900-42f1-b979-7e7e20c0c517_1000.jpg!m_fill,w_280,h_210,f_jpg?from=ke.com
20240924,怀柔,怀柔,101125757497,顶秀美泉小镇二期总价优质房源看房方便有钥匙,205万,22645元/平,底层 (共5层) 2室1厅 | 90.53平米 | 南 北,https://ke-image.ljcdn.com/110000-inspection/8a0ba3be-897c-441f-8b99-17d0e78bbe4a_1000.jpg!m_fill,w_280,h_210,f_jpg?from=ke.com
20240924,怀柔,怀柔,101125751512,育龙铭居商品房楼龄新电梯房必看好房,130万,17371元/平,低楼层 (共9层) | 2010年 | 2室1厅 | 74.84平米 | 东 南,https://ke-image.ljcdn.com/110000-inspection/6d2e6df1-b494-40cf-9710-79af1cfceb65_1000.jpg!m_fill,w_280,h_210,f_jpg?from=ke.com
20240924,怀柔,怀柔,101125733353,青春路公园旁南北双阳台不临街诚意出售必看好房,192万,22478元/平,中楼层 (共5层) 3室1厅 | 85.42平米 | 南 北,https://ke-image.ljcdn.com/110000-inspection/f8680732-de4b-425e-b7b7-202a9f82589e_1000.jpg!m_fill,w_280,h_210,f_jpg?from=ke.com
20240924,怀柔,怀柔,101125728280,融城园南区 3室1厅 南 北必看好房,158万,19213元/平,中楼层 (共6层) | 1998年 | 3室1厅 | 82.24平米 | 南 北,https://ke-image.ljcdn.com/110000-inspection/e6499d9f-d1bf-4675-beb3-d31c8fd64e74_1000.jpg!m_fill,w_280,h_210,f_jpg?from=ke.com
20240924,怀柔,怀柔,101125702774,金台园 低楼层 三居双卫 满五唯一 楼龄新,328万,25374元/平,低楼层 (共6层) 3室1厅 | 129.27平米 | 南 北,https://ke-image.ljcdn.com/110000-inspection/89a55b1f-7cf7-4db9-a614-349808207fe0_1000.jpg!m_fill,w_280,h_210,f_jpg?from=ke.com
20240924,怀柔,怀柔,101125663986,裕华园一区 采光好 带电梯 周边配套设施齐全必看好房,70万,13758元/平,中楼层 (共15层) 1室1厅 | 50.88平米 | 南 北,https://ke-image.ljcdn.com/110000-inspection/2dbdf224-b1e0-409c-bd1e-8dfd374ff98c_1000.jpg!m_fill,w_280,h_210,f_jpg?from=ke.com
20240924,怀柔,怀柔,101125663426,怀柔科学城 雁栖一品园B区 电梯房 南北大两居必看好房,195万,19500元/平,低楼层 (共14层) | 2016年 | 2室2厅 | 100平米 | 南 北,https://ke-image.ljcdn.com/110000-inspection/d5dd5009-615c-4ad8-b473-0c0cf895f69c_1000.jpg!m_fill,w_280,h_210,f_jpg?from=ke.com
20240924,怀柔,怀柔,101125661669,南北通透三居室楼层采光好满五唯一,220万,24795元/平,高楼层 (共6层) 3室1厅 | 88.73平米 | 南 北,https://ke-image.ljcdn.com/110000-inspection/e9f1652d-7737-4e4e-8222-fc5536cabfca_1000.jpg!m_fill,w_280,h_210,f_jpg?from=ke.com
20240924,怀柔,怀柔,101125601022,世嘉光织谷东区清水大四居电梯房南北把边随时看房必看好房,360万,23014元/平,中楼层 (共6层) 4室2厅 | 156.43平米 | 西 南 北,https://ke-image.ljcdn.com/110000-inspection/4a31b0fc-ce78-4183-9851-7d72f1acba24_1000.jpg!m_fill,w_280,h_210,f_jpg?from=ke.com
20240924,怀柔,怀柔,101125424521,湖光小区三房朝南全明户型采光超棒南北通透,238万,20601元/平,高楼层 (共6层) 4室2厅 | 115.53平米 | 南 北,https://ke-image.ljcdn.com/110000-inspection/ec9cc59b-20c1-4225-8dc1-6dc177e40443_1000.jpg!m_fill,w_280,h_210,f_jpg?from=ke.com
20240924,怀柔,怀柔,101125359607,裕华园一区  电梯房  中间楼层 采光好,110万,16572元/平,中楼层 (共15层) 2室1厅 | 66.38平米 | 南 北,https://ke-image.ljcdn.com/110000-inspection/75dfd75a-5284-4655-b992-522c8ca3f1b3_1000.jpg!m_fill,w_280,h_210,f_jpg?from=ke.com
20240924,怀柔,怀柔,101125356989,府前官邸 户型方正 环境优美 交通便利必看好房,320万,31624元/平,中楼层 (共9层) 2室1厅 | 101.19平米 | 南 北,https://ke-image.ljcdn.com/110000-inspection/56bc1edb-033c-48e0-bd4f-a8056fcb6767_1000.jpg!m_fill,w_280,h_210,f_jpg?from=ke.com
20240924,怀柔,怀柔,101125174395,滨湖小区  中间楼层  满五唯一 看房方便必看好房,135万,22448元/平,中楼层 (共5层) 2室1厅 | 60.14平米 | 南 北,https://ke-image.ljcdn.com/110000-inspection/pc1_DBlcHDJP3.jpg!m_fill,w_280,h_210,f_jpg?from=ke.com
20240924,怀柔,怀柔,101125165266,湖光小区 南北通透 满五唯一,160万,22091元/平,中楼层 (共5层) 2室1厅 | 72.43平米 | 南 北,https://ke-image.ljcdn.com/110000-inspection/fcd5c99d-6ec0-416a-8f7c-d2d992f7fe8a_1000.jpg!m_fill,w_280,h_210,f_jpg?from=ke.com
20240924,怀柔,怀柔,101125135510,二层把边宽敞明亮大三居双卫带窗必看好房,230万,22225元/平,低楼层 (共6层) | 2004年 | 3室2厅 | 103.49平米 | 南 北,https://ke-image.ljcdn.com/110000-inspection/5a50261b-335b-4c26-9a30-12cf611633c2_1000.jpg!m_fill,w_280,h_210,f_jpg?from=ke.com
20240924,怀柔,怀柔,101124988060,东关一区新上大面积高层3居室房源必看好房,165万,14523元/平,顶层 (共6层) 3室2厅 | 113.62平米 | 南 北,https://ke-image.ljcdn.com/110000-inspection/e0b4a106-9045-4410-ba09-07fedd22b693_1000.jpg!m_fill,w_280,h_210,f_jpg?from=ke.com
20240924,怀柔,怀柔,101124854850,北大街一号院1层两居室出售看房方便必看好房,169万,23512元/平,底层 (共6层) 2室1厅 | 71.88平米 | 南 北,https://ke-image.ljcdn.com/110000-inspection/b0f35472-4912-42de-aeb8-4acd19e48027_1000.jpg!m_fill,w_280,h_210,f_jpg?from=ke.com
20240924,怀柔,怀柔,101124841271,金台园小区满五唯一南北通透前后无遮挡必看好房,208万,25734元/平,中楼层 (共6层) 3室1厅 | 80.83平米 | 南 北,https://ke-image.ljcdn.com/110000-inspection/pc1_awEweL9My.jpg!m_fill,w_280,h_210,f_jpg?from=ke.com
20240924,怀柔,怀柔,101124805599,新贤家园业主诚意出售此房视野好,218万,30752元/平,顶层 (共10层) 2室1厅 | 70.89平米 | 南,https://ke-image.ljcdn.com/110000-inspection/e1a4c296-680f-4d84-a568-046c4d829cae_1000.jpg!m_fill,w_280,h_210,f_jpg?from=ke.com
20240924,怀柔,怀柔,101124754085,新贤家园  满五唯一南北通透采光充足通风好必看好房,339万,35141元/平,中楼层 (共11层) 2室2厅 | 96.47平米 | 南 北,https://ke-image.ljcdn.com/110000-inspection/30f4b3d6-d4c9-4e90-bf46-0c801fe02c75_1000.jpg!m_fill,w_280,h_210,f_jpg?from=ke.com
20240924,怀柔,怀柔,101124611304,滨湖小区 南北通透 采光好 客厅通阳台必看好房,165万,22870元/平,中楼层 (共5层) 2室1厅 | 72.15平米 | 南 北,https://ke-image.ljcdn.com/110000-inspection/d269f5f3-14de-477b-b8a4-81ca828f4f7b_1000.jpg!m_fill,w_280,h_210,f_jpg?from=ke.com
20240924,怀柔,怀柔,101124519092,裕华园一区 纯南户型 电梯房  诚意出售,98万,14865元/平,顶层 (共15层) | 2014年 | 2室1厅 | 65.93平米 | 南,https://ke-image.ljcdn.com/110000-inspection/pc1_JVCm4spJP.jpg!m_fill,w_280,h_210,f_jpg?from=ke.com
20240924,怀柔,怀柔,101124404793,裕华园一区 满五唯一 电梯房 诚意出售,75万,14703元/平,低楼层 (共15层) | 2014年 | 1室1厅 | 51.01平米 | 南 北,https://ke-image.ljcdn.com/110000-inspection/ddcffe51-bf67-4376-ba0f-8ccac5ff0dd3_1000.jpg!m_fill,w_280,h_210,f_jpg?from=ke.com
20240924,怀柔,怀柔,101124404549,裕华园一区  南北通透  诚意出售   看房方便必看好房,75万,14499元/平,中楼层 (共15层) | 2014年 | 1室1厅 | 51.73平米 | 南 北,https://ke-image.ljcdn.com/110000-inspection/pc1_THeRASQaH_1.jpg!m_fill,w_280,h_210,f_jpg?from=ke.com
20240924,怀柔,怀柔,101124238934,顶秀一期 中间楼层 135平米正规三居室必看好房,295万,21844元/平,中楼层 (共5层) 3室2厅 | 135.05平米 | 南 北,https://ke-image.ljcdn.com/110000-inspection/8791d031-f70e-43b0-b4e9-b987436ecfc4_1000.jpg!m_fill,w_280,h_210,f_jpg?from=ke.com
20240924,怀柔,怀柔,101124155608,世嘉光织谷西区3-2-1-1 96.57m² 280 万必看好房,220万,22782元/平,低楼层 (共6层) | 2012年 | 3室2厅 | 96.57平米 | 南 北,https://ke-image.ljcdn.com/110000-inspection/pc1_ajeUkGADA.jpg!m_fill,w_280,h_210,f_jpg?from=ke.com
20240924,怀柔,怀柔,101124011908,东关一区单价和总价优质的房源。必看好房,125万,15813元/平,高楼层 (共6层) 2室1厅 | 79.05平米 | 东,https://ke-image.ljcdn.com/110000-inspection/pc1_7obIrJbtK_1.jpg!m_fill,w_280,h_210,f_jpg?from=ke.com
20240924,怀柔,怀柔,101123999883,安乐馨居 高层 电梯房 采光好 客厅通阳台必看好房,135万,17355元/平,高楼层 (共16层) | 2018年 | 2室1厅 | 77.79平米 | 南,https://ke-image.ljcdn.com/110000-inspection/4ad7e7a9-9db7-4ebb-8d06-c0524a7b906d_1000.jpg!m_fill,w_280,h_210,f_jpg?from=ke.com
20240924,怀柔,怀柔,101123833675,湖光小区 满五唯一 配套齐全 精装 次顶层,165万,26291元/平,高楼层 (共6层) 2室1厅 | 62.76平米 | 南 北,https://ke-image.ljcdn.com/110000-inspection/7300e5a9-0660-476e-bec5-f3eb5966e869_1000.jpg!m_fill,w_280,h_210,f_jpg?from=ke.com
20240924,怀柔,怀柔,101123792554,青春路六院 1室1厅 西必看好房,143万,23946元/平,低楼层 (共9层) 1室1厅 | 59.72平米 | 西,https://ke-image.ljcdn.com/110000-inspection/fdf8246e-e007-4631-81f9-ecff93c519d9_1000.jpg!m_fill,w_280,h_210,f_jpg?from=ke.com
20240924,怀柔,怀柔,101123548066,北京城建胜悦居业主诚意出售可以随时签约不临街,185万,31903元/平,高楼层 (共12层) | 2018年 | 1室1厅 | 57.99平米 | 南,https://ke-image.ljcdn.com/110000-inspection/b79533c2-37d9-4138-9e0d-c1b4d44f1267_1000.jpg!m_fill,w_280,h_210,f_jpg?from=ke.com
20240924,怀柔,怀柔,101123501465,莲馨苑南北通透三居室中间楼层,210万,20877元/平,中楼层 (共6层) 3室2厅 | 100.59平米 | 南 北,https://ke-image.ljcdn.com/110000-inspection/56a15af0-8eef-446b-8cd9-5ea6ad70b5a2_1000.jpg!m_fill,w_280,h_210,f_jpg?from=ke.com
20240924,怀柔,怀柔,101123389453,礼贤街 2室1厅 南 北必看好房,129万,24469元/平,底层 (共6层) 2室1厅 | 52.72平米 | 南 北,https://ke-image.ljcdn.com/110000-inspection/8c20c62d-a4ae-4949-95a0-67fc26914db3_1000.jpg!m_fill,w_280,h_210,f_jpg?from=ke.com
20240924,怀柔,怀柔,101123153600,于家园三区小区楼龄新家庭唯一业主诚意出售。,265万,19803元/平,中楼层 (共6层) 3室2厅 | 133.82平米 | 东 西,https://ke-image.ljcdn.com/110000-inspection/cf770236-3b33-4891-9e53-5dedb4d11287_1000.jpg!m_fill,w_280,h_210,f_jpg?from=ke.com
20240924,怀柔,怀柔,101123005096,南华园四区 南北通透交通便利采光好必看好房,370万,16060元/平,低楼层 (共6层) | 2000年 | 3室2厅 | 230.4平米 | 南 北,https://ke-image.ljcdn.com/110000-inspection/pc1_EAhcvIULm_1.jpg!m_fill,w_280,h_210,f_jpg?from=ke.com
20240924,怀柔,怀柔,101122996953,世嘉光织谷东区 电梯直达 精装修拎包入住 花园洋房,205万,22264元/平,中楼层 (共6层) | 2013年 | 2室2厅 | 92.08平米 | 南 北,https://ke-image.ljcdn.com/110000-inspection/d1c7b832-d290-4d99-aa96-f13b4495992c_1000.jpg!m_fill,w_280,h_210,f_jpg?from=ke.com
20240924,怀柔,怀柔,101122718589,交通便利 采光视野好  南北通透三居室必看好房,150万,20693元/平,顶层 (共6层) 3室1厅 | 72.49平米 | 南 北,https://ke-image.ljcdn.com/110000-inspection/cc8384aa-7d0a-4ddc-a205-48966cc9b022_1000.jpg!m_fill,w_280,h_210,f_jpg?from=ke.com
20240924,怀柔,怀柔,101122423488,兴怀大街小区南北通透视野采光充足满五唯一必看好房,165万,17593元/平,顶层 (共6层) 2室1厅 | 93.79平米 | 南 北,https://ke-image.ljcdn.com/110000-inspection/pc1_dq3jhFSDT.jpg!m_fill,w_280,h_210,f_jpg?from=ke.com
20240924,怀柔,怀柔,101122324046,顶秀美泉小镇C区 南北通透大三居采光充足户型好必看好房,320万,24055元/平,中楼层 (共4层) 3室2厅 | 133.03平米 | 南 北,https://ke-image.ljcdn.com/110000-inspection/88f6d955-ad0a-4813-b7b1-eb59ce3c2bb6_1000.jpg!m_fill,w_280,h_210,f_jpg?from=ke.com
20240924,怀柔,怀柔,101122158893,光织谷东区   纯南户型 高楼层    电梯房,150万,23042元/平,高楼层 (共6层) | 2013年 | 2室1厅 | 65.1平米 | 南,https://ke-image.ljcdn.com/110000-inspection/3f2fd3c3-88ab-4fb1-bab3-00d682ad6f7b_1000.jpg!m_fill,w_280,h_210,f_jpg?from=ke.com
20240924,怀柔,怀柔,101121955249,裕华园一区 电梯房 可贷款 中间楼层 南北通透必看好房,70万,13530元/平,高楼层 (共15层) | 2014年 | 1室1厅 | 51.74平米 | 南 北,https://ke-image.ljcdn.com/110000-inspection/pc1_jNRUru5jW_1.jpg!m_fill,w_280,h_210,f_jpg?from=ke.com
20240924,怀柔,怀柔,101121606652,南华园四区南北通透3居室价格可谈,255万,15759元/平,顶层 (共6层) 3室2厅 | 161.82平米 | 南 北,https://ke-image.ljcdn.com/110000-inspection/pc1_2Ieobf2CL_1.jpg!m_fill,w_280,h_210,f_jpg?from=ke.com
20240924,怀柔,怀柔,101121457078,70年产权本房有电梯 房本满五年 拎包入住,269万,30355元/平,中楼层 (共5层) | 2015年 | 2室1厅 | 88.62平米 | 南 北,https://ke-image.ljcdn.com/110000-inspection/85c28eb8-4047-42cc-89a7-4bb557113698_1000.jpg!m_fill,w_280,h_210,f_jpg?from=ke.com
20240924,怀柔,怀柔,101121316572,三卧分离互不影响私密性强南北通透精装修,480万,37722元/平,高楼层 (共26层) | 2014年 | 3室2厅 | 127.25平米 | 南 北,https://ke-image.ljcdn.com/110000-inspection/pc1_KLHu4jiYx.jpg!m_fill,w_280,h_210,f_jpg?from=ke.com
20240924,怀柔,怀柔,101120880080,怀柔新新家园 电梯房 环境优美 居住舒适,210万,30022元/平,高楼层 (共6层) 2室1厅 | 69.95平米 | 南 北,https://ke-image.ljcdn.com/110000-inspection/pc1_GMEP5Hy3O_1.jpg!m_fill,w_280,h_210,f_jpg?from=ke.com
20240924,怀柔,怀柔,101120847166,青春路小区南北通透两居室低楼层配套齐全交通便利,145万,25705元/平,中楼层 (共4层) 2室1厅 | 56.41平米 | 南 北,https://ke-image.ljcdn.com/110000-inspection/pc1_ihHMsjZno_1.jpg!m_fill,w_280,h_210,f_jpg?from=ke.com
20240924,怀柔,怀柔,101119946993,北大街1号院满五年唯一精装修可以随时签约。,179万,21131元/平,顶层 (共6层) 3室1厅 | 84.71平米 | 南 北,https://ke-image.ljcdn.com/110000-inspection/aba6d3fe-21b7-4b90-a1c1-3591ced34f2e_1000.jpg!m_fill,w_280,h_210,f_jpg?from=ke.com
20240924,怀柔,怀柔,101119568472,潘家园小区  中间楼层  地势高 独立小区 好停车,268万,27415元/平,中楼层 (共6层) 3室1厅 | 97.76平米 | 南 北,https://ke-image.ljcdn.com/110000-inspection/pc1_vREnHaq21_1.jpg!m_fill,w_280,h_210,f_jpg?from=ke.com
20240924,怀柔,怀柔,101119520648,于家园三区 钥匙房  低层 双卫 邻滨湖公园 诚售,249万,28605元/平,底层 (共6层) 2室2厅 | 87.05平米 | 南 北,https://ke-image.ljcdn.com/110000-inspection/pc1_hVAjdVZX7_1.jpg!m_fill,w_280,h_210,f_jpg?from=ke.com
20240924,怀柔,怀柔,101119110289,顶秀美泉小镇C区南北通透楼层好业主诚心出售,330万,28165元/平,中楼层 (共5层) 3室1厅 | 117.17平米 | 南 北,https://ke-image.ljcdn.com/110000-inspection/ae638248-9943-412f-835e-1bc131d2a38f_1000.jpg!m_fill,w_280,h_210,f_jpg?from=ke.com
20240924,怀柔,怀柔,101118970908,青春苑四院 精装修 把边 视野开阔 带地下室,208万,25173元/平,中楼层 (共6层) | 1997年 | 2室1厅 | 82.63平米 | 东 西北,https://ke-image.ljcdn.com/110000-inspection/pc1_7GaIY7s4p_1.jpg!m_fill,w_280,h_210,f_jpg?from=ke.com
20240924,怀柔,怀柔,101118563816,成熟社区优质二层两居室业主诚意出售房源满五,145万,19267元/平,中楼层 (共5层) 2室1厅 | 75.26平米 | 南 西 北,https://ke-image.ljcdn.com/110000-inspection/pc1_0OEUxWCE5.jpg!m_fill,w_280,h_210,f_jpg?from=ke.com
20240924,怀柔,怀柔,101117767220,怀柔 栖美园 科学城 满五年唯一商品房必看好房,280万,21105元/平,底层 (共6层) 3室2厅 | 132.67平米 | 南 北,https://ke-image.ljcdn.com/110000-inspection/pc1_7B7UhQq5A.jpg!m_fill,w_280,h_210,f_jpg?from=ke.com
20240924,怀柔,怀柔,101117527339,东亚华欣湾  环境优美 交通便利,88万,12127元/平,高楼层 (共9层) 2室1厅 | 72.57平米 | 南,https://ke-image.ljcdn.com/110000-inspection/pc1_mGP76WV2f_1.jpg!m_fill,w_280,h_210,f_jpg?from=ke.com
20240924,怀柔,怀柔,101115932845,此房精装修可以拎包入住业主诚心出售看房方便,209万,20987元/平,中楼层 (共7层) | 2012年 | 2室2厅 | 99.59平米 | 南 北,https://ke-image.ljcdn.com/110000-inspection/d63e2d1f-9e38-4277-bad9-6b16ffd71fc7_1000.jpg!m_fill,w_280,h_210,f_jpg?from=ke.com
20240924,怀柔,怀柔,101115579088,八龙桥雅苑 京承宽沟4KM 环境好 低楼层房主自荐,208万,23099元/平,中楼层 (共5层) | 2008年 | 3室1厅 | 90.05平米 | 南 北,https://ke-image.ljcdn.com/110000-inspection/eaa8ef0a-cb08-4fbc-965c-9b2f9a881f34_1000.jpg!m_fill,w_280,h_210,f_jpg?from=ke.com
20240924,怀柔,怀柔,101115048320,北京怀柔后花园 科学城  顶秀美泉小镇C区 花园洋房,350万,26324元/平,中楼层 (共5层) | 2012年 | 3室2厅 | 132.96平米 | 南 北,https://ke-image.ljcdn.com/110000-inspection/67221b1f-e492-4115-ad9f-d27390fea425_1000.jpg!m_fill,w_280,h_210,f_jpg?from=ke.com
20240924,怀柔,怀柔,101114920058,泊岸 5室2厅 环境优美 精装修 南北通透,720万,30745元/平,底层 (共6层) | 2012年 | 5室2厅 | 234.19平米 | 南 北,https://ke-image.ljcdn.com/110000-inspection/afcfe10c-4110-4a6a-941a-fa92b4a0640b_1000.jpg!m_fill,w_280,h_210,f_jpg?from=ke.com
20240924,怀柔,怀柔,101113492254,益田·影人四季花园 满五唯一,220万,21213元/平,低楼层 (共7层) | 2012年 | 2室2厅 | 103.71平米 | 南 北,https://ke-image.ljcdn.com/110000-inspection/b185d9ce-2091-4419-a0bc-f96150e081a5_1000.jpg!m_fill,w_280,h_210,f_jpg?from=ke.com
20240924,怀柔,怀柔,101112991531,精装联排 采光充足 满五唯一 业主诚意出售 随时签约,760万,24999元/平,底层 (共2层) 4室2厅 | 304.02平米 | 东 南 北,https://ke-image.ljcdn.com/110000-inspection/82a92777-01c6-46fb-9b93-2b363ef62f2f_1000.jpg!m_fill,w_280,h_210,f_jpg?from=ke.com
20240924,怀柔,怀柔,101112704478,南华街118㎡精装3居诚心出售随时看！,265万,22294元/平,顶层 (共5层) | 1995年 | 3室1厅 | 118.87平米 | 东 南 北,https://ke-image.ljcdn.com/110000-inspection/1b0900a0-3625-4cd4-a379-fcff09430f26_1000.jpg!m_fill,w_280,h_210,f_jpg?from=ke.com
20240924,怀柔,怀柔,101111213945,东苑小区 格局好 位置佳 配套设施完善,260万,27880元/平,高楼层 (共7层) | 2012年 | 3室1厅 | 93.26平米 | 南 北,https://ke-image.ljcdn.com/110000-inspection/pc1_FO22RQ5GK_1.jpg!m_fill,w_280,h_210,f_jpg?from=ke.com
20240924,怀柔,怀柔,101110266754,栖美园小区停车方便全明格局。必看好房,170万,17317元/平,高楼层 (共6层) | 2005年 | 2室2厅 | 98.17平米 | 东 西,https://ke-image.ljcdn.com/110000-inspection/pc1_hOM2V2KIS_1.jpg!m_fill,w_280,h_210,f_jpg?from=ke.com
20240924,怀柔,怀柔,101126471272,南北通透电梯房精装修满五唯一,249万,27825元/平,中楼层 (共5层) | 2015年 | 2室1厅 | 89.49平米 | 南 西 北,https://ke-image.ljcdn.com/110000-inspection/a90704d4-48b8-4c6e-937c-3d7cf6e26c6a_1000.jpg!m_fill,w_280,h_210,f_jpg?from=ke.com
20240924,怀柔,怀柔,101126442879,馥郁苑全明格局楼层位置好南北通透采光好必看好房,265万,29924元/平,中楼层 (共6层) 2室1厅 | 88.56平米 | 南 北,https://ke-image.ljcdn.com/110000-inspection/pc1_B8e5514F4_1.jpg!m_fill,w_280,h_210,f_jpg?from=ke.com
20240924,怀柔,怀柔,101126335410,馥郁苑 南北通透 有钥匙 可随时看房必看好房,330万,29658元/平,中楼层 (共6层) 3室2厅 | 111.27平米 | 南 北,https://ke-image.ljcdn.com/110000-inspection/48bc050e-c912-4db4-a4ba-7c795a0c5300_1000.jpg!m_fill,w_280,h_210,f_jpg?from=ke.com
20240924,怀柔,怀柔,101126050075,于家园三区南北通透的三居室低楼层适合居住必看好房,195万,24943元/平,中楼层 (共5层) 3室1厅 | 78.18平米 | 南 北,https://ke-image.ljcdn.com/110000-inspection/pc1_VbkZ1VuWo_1.jpg!m_fill,w_280,h_210,f_jpg?from=ke.com
20240924,怀柔,怀柔,101125617827,新兴居 满五唯一 南北通透 精装双卫,199万,19014元/平,顶层 (共6层) 2室2厅 | 104.66平米 | 南 北,https://ke-image.ljcdn.com/110000-inspection/df07d066-774e-47ef-bb94-61c0b424fd92_1000.jpg!m_fill,w_280,h_210,f_jpg?from=ke.com
20240924,怀柔,怀柔,101125443153,府前官邸 满五唯一 电梯房7层 南北通透三居室,330万,33605元/平,中楼层 (共12层) 3室1厅 | 98.2平米 | 南 北,https://ke-image.ljcdn.com/110000-inspection/9311ec6c-c5fd-41b2-a9b9-472cab5a576f_1000.jpg!m_fill,w_280,h_210,f_jpg?from=ke.com
20240924,怀柔,怀柔,101125341942,顶秀美泉小镇A区南北通透两居室精装修,215万,24396元/平,顶层 (共4层) 2室1厅 | 88.13平米 | 南 北,https://ke-image.ljcdn.com/110000-inspection/pc1_zlJZrcwCW_1.jpg!m_fill,w_280,h_210,f_jpg?from=ke.com
20240924,怀柔,怀柔,101125140290,顶秀美泉小镇A区满五唯一 顶层带隔层视野开阔,319万,24829元/平,顶层 (共5层) 3室2厅 | 128.48平米 | 南 北,https://ke-image.ljcdn.com/110000-inspection/pc1_6RL7nNMEP.jpg!m_fill,w_280,h_210,f_jpg?from=ke.com
20240924,怀柔,怀柔,101124909354,西园满五唯一装修好低楼层带菜园必看好房,170万,33386元/平,底层 (共5层) 3室1厅 | 50.92平米 | 南,https://ke-image.ljcdn.com/110000-inspection/04b43d71-a68f-45ab-a303-b0412d100428_1000.jpg!m_fill,w_280,h_210,f_jpg?from=ke.com
20240924,怀柔,怀柔,101124479069,链家优质好房 顶秀二期4+1层 精装修 拎包入住必看好房,249万,27956元/平,顶层 (共4层) 2室2厅 | 89.07平米 | 南 北,https://ke-image.ljcdn.com/110000-inspection/b08b302e-18bc-49ed-9d69-94c692bfe71b_1000.jpg!m_fill,w_280,h_210,f_jpg?from=ke.com
20240924,怀柔,怀柔,101124125914,满五唯一南北通透诚心出售看房方便,225万,29676元/平,顶层 (共5层) 2室2厅 | 75.82平米 | 南 北,https://ke-image.ljcdn.com/110000-inspection/pc1_F8QKOP03Q_1.jpg!m_fill,w_280,h_210,f_jpg?from=ke.com
20240924,怀柔,怀柔,101124022470,雁栖一品园B区小区纯南向一居室必看好房,128万,22024元/平,高楼层 (共15层) 1室1厅 | 58.12平米 | 南,https://ke-image.ljcdn.com/110000-inspection/0f9f84c2-67d2-49fc-aa52-f93c542ad458_1000.jpg!m_fill,w_280,h_210,f_jpg?from=ke.com
20240924,怀柔,怀柔,101123906164,水库边  四层 三室有书房 满五唯一 诚意出售,255万,21714元/平,中楼层 (共6层) | 1994年 | 3室2厅 | 117.44平米 | 南 北,https://ke-image.ljcdn.com/110000-inspection/pc1_mBNMVRrgf_1.jpg!m_fill,w_280,h_210,f_jpg?from=ke.com
20240924,怀柔,怀柔,101123815760,精装修装修保持好南北通透全明格局采光通风良好,512万,36179元/平,高楼层 (共12层) 3室2厅 | 141.52平米 | 南 北,https://ke-image.ljcdn.com/110000-inspection/6cde701d-d935-4d37-bfef-3989d5fabe41_1000.jpg!m_fill,w_280,h_210,f_jpg?from=ke.com
20240924,怀柔,怀柔,101123508047,怀柔新新家园商品房中高楼层采光好人车分流,203万,28799元/平,中楼层 (共16层) 2室1厅 | 70.49平米 | 东,https://ke-image.ljcdn.com/110000-inspection/pc1_awyJGVMyL_1.jpg!m_fill,w_280,h_210,f_jpg?from=ke.com
20240924,怀柔,怀柔,101122806811,益田影人四季花园 电梯洋房次顶层 满五唯一 楼龄新必看好房,388万,20998元/平,高楼层 (共8层) | 2012年 | 3室2厅 | 184.78平米 | 东 南 北,https://ke-image.ljcdn.com/110000-inspection/0a06ce3d-3e5f-4524-baf3-614b49403ee4_1000.jpg!m_fill,w_280,h_210,f_jpg?from=ke.com
20240924,怀柔,怀柔,101122665136,怀柔科学城 水岸雁栖 电梯房  精装修两居 小复式必看好房,240万,29630元/平,顶层 (共4层) 2室1厅 | 81平米 | 东 西,https://ke-image.ljcdn.com/110000-inspection/10f39fd0-906b-44a4-8546-971d29fb3558_1000.jpg!m_fill,w_280,h_210,f_jpg?from=ke.com
20240924,怀柔,怀柔,101122138796,高层 电梯房 精装修 客厅通阳台 诚意卖必看好房,330万,29655元/平,顶层 (共11层) | 2013年 | 2室2厅 | 111.28平米 | 南 北,https://ke-image.ljcdn.com/110000-inspection/d07092de-e894-482b-ad83-6ebdc95289d7_1000.jpg!m_fill,w_280,h_210,f_jpg?from=ke.com
20240924,怀柔,怀柔,101121960921,顶秀美泉小镇A区 顶层带隔层视野开阔户型方正,295万,23083元/平,顶层 (共5层) 3室2厅 | 127.8平米 | 南 北,https://ke-image.ljcdn.com/110000-inspection/pc1_ZoLjWcN3b_1.jpg!m_fill,w_280,h_210,f_jpg?from=ke.com
20240924,怀柔,怀柔,101119926502,诚信出售 楼层好视野好 全屋精装拎包入住必看好房,109万,16652元/平,中楼层 (共17层) | 2018年 | 1室1厅 | 65.46平米 | 南,https://ke-image.ljcdn.com/110000-inspection/pc1_g2VuRtPSx_1.jpg!m_fill,w_280,h_210,f_jpg?from=ke.com
20240924,怀柔,怀柔,101119769240,世嘉光织谷东区4居室6跃7精装修必看好房,360万,22829元/平,高楼层 (共7层) 4室2厅 | 157.7平米 | 南 北,https://ke-image.ljcdn.com/110000-inspection/pc1_zzfgUkTaz_1.jpg!m_fill,w_280,h_210,f_jpg?from=ke.com
20240924,怀柔,怀柔,101118523071,此房采光充足南北通透前后无遮挡满五唯一,187万,21497元/平,中楼层 (共6层) 3室1厅 | 86.99平米 | 南 北,https://ke-image.ljcdn.com/110000-inspection/pc1_J2jSXIeaS.jpg!m_fill,w_280,h_210,f_jpg?from=ke.com
20240924,怀柔,怀柔,101117039094,南北通透格局精装修业主诚心出售必看好房,218万,20762元/平,底层 (共8层) 2室1厅 | 105平米 | 南 北,https://ke-image.ljcdn.com/110000-inspection/pc1_7hK62aSDt.jpg!m_fill,w_280,h_210,f_jpg?from=ke.com
20240924,怀柔,怀柔,101113039181,东关一区 南北通透  视野开阔  看房方便,208万,27211元/平,顶层 (共7层) 2室1厅 | 76.44平米 | 南 北,https://ke-image.ljcdn.com/110000-inspection/pc1_SW7ax19nd_1.jpg!m_fill,w_280,h_210,f_jpg?from=ke.com
20240924,怀柔,怀柔,101111354664,丽湖馨居 高瞻远瞩  风景独好,500万,35431元/平,顶层 (共9层) 5室3厅 | 141.12平米 | 南 北,https://ke-image.ljcdn.com/110000-inspection/b18d0eb4-7ef3-43f9-907b-6e6c0be98ad7_1000.jpg!m_fill,w_280,h_210,f_jpg?from=ke.com
20240924,怀柔,怀柔,101126670993,顶秀美泉小镇C区属于花园洋房小区环境优美。新上,310万,23316元/平,中楼层 (共5层) 3室2厅 | 132.96平米 | 南 北,https://ke-image.ljcdn.com/110000-inspection/e5bcaf8c-cec5-4e00-9204-76f712092cc2_1000.jpg!m_fill,w_280,h_210,f_jpg?from=ke.com
20240924,怀柔,怀柔,101126645385,于家园一区   大三居室  看房子方便新上,208万,18278元/平,高楼层 (共6层) 3室2厅 | 113.8平米 | 东 南,https://ke-image.ljcdn.com/110000-inspection/601a1c6e-74df-4920-bb33-e0a962802334_1000.jpg!m_fill,w_280,h_210,f_jpg?from=ke.com
20240924,怀柔,怀柔,101126633876,此房满五唯一南北通透低楼层位置安静新上,230万,24568元/平,低楼层 (共6层) 3室1厅 | 93.62平米 | 南 北,https://ke-image.ljcdn.com/110000-inspection/6d5eac72-5f71-4a73-8067-dbead81da6c2_1000.jpg!m_fill,w_280,h_210,f_jpg?from=ke.com
20240924,怀柔,怀柔,101126615825,青春路六院两室一厅精装修带电梯新上,158万,24189元/平,低楼层 (共9层) | 2015年 | 2室1厅 | 65.32平米 | 东 西,https://ke-image.ljcdn.com/110000-inspection/ce9923ce-5947-484f-a35d-873c0c969248_1000.jpg!m_fill,w_280,h_210,f_jpg?from=ke.com
20240924,怀柔,怀柔,101126612296,金台园 3室1厅 南 北新上,195万,24588元/平,顶层 (共6层) 3室1厅 | 79.31平米 | 南 北,https://ke-image.ljcdn.com/110000-inspection/424f944b-59fd-4dca-9869-cba03cdde649_1000.jpg!m_fill,w_280,h_210,f_jpg?from=ke.com
20240924,怀柔,怀柔,101126608177,潘家园小区 次顶层 采光好 小区安静 位置好新上,170万,23330元/平,高楼层 (共6层) 3室1厅 | 72.87平米 | 南 北,https://ke-image.ljcdn.com/110000-inspection/e2cd1bf5-8aec-43a7-991b-e9590175de27_1000.jpg!m_fill,w_280,h_210,f_jpg?from=ke.com
20240924,怀柔,怀柔,101126601329,东关一区 3室1厅 南 北,198万,19858元/平,顶层 (共6层) 3室1厅 | 99.71平米 | 南 北,https://ke-image.ljcdn.com/110000-inspection/c4ef058c-86f2-48fe-afc7-c7d23f61d36b_1000.jpg!m_fill,w_280,h_210,f_jpg?from=ke.com
20240924,怀柔,怀柔,101126576101,怀柔新新家园 2室1厅 东 北,300万,35950元/平,高楼层 (共16层) 2室1厅 | 83.45平米 | 东 北,https://ke-image.ljcdn.com/110000-inspection/bfbc7ec4-9499-4e14-b6a4-5a7f7cc3a98d_1000.jpg!m_fill,w_280,h_210,f_jpg?from=ke.com
20240924,怀柔,怀柔,101126573038,下园 低层 南北通透 采光好 正规三居 看房方便,165万,29152元/平,底层 (共6层) 3室1厅 | 56.6平米 | 南 北,https://ke-image.ljcdn.com/110000-inspection/6cc5f87e-e6e8-4d36-aff2-babbf84df910_1000.jpg!m_fill,w_280,h_210,f_jpg?from=ke.com
20240924,怀柔,怀柔,101126564274,育龙馨居小区电梯房朝南一居室。诚意出售,105万,21005元/平,低楼层 (共11层) | 2013年 | 1室1厅 | 49.99平米 | 南,https://ke-image.ljcdn.com/110000-inspection/c29850cd-d1f8-4b79-adec-db30d6875c24_1000.jpg!m_fill,w_280,h_210,f_jpg?from=ke.com
20240924,怀柔,怀柔,101126562310,新村  环境优美  配套齐全,135万,20207元/平,高楼层 (共6层) | 2012年 | 2室1厅 | 66.81平米 | 南 北,https://ke-image.ljcdn.com/110000-inspection/7483fc28-ea23-4dad-bbf6-ed8314e5c01c_1000.jpg!m_fill,w_280,h_210,f_jpg?from=ke.com
20240924,怀柔,怀柔,101126553772,凤翔四园 看房方便 采光好,180万,18799元/平,高楼层 (共6层) 3室1厅 | 95.75平米 | 南 北,https://ke-image.ljcdn.com/110000-inspection/240fae5a-c0e6-4f76-9b0c-bbad54ce2f8c_1000.jpg!m_fill,w_280,h_210,f_jpg?from=ke.com
20240924,怀柔,怀柔,101126549819,南华园一区此房满五年唯一视野宽采光通风好,180万,24743元/平,顶层 (共6层) 3室1厅 | 72.75平米 | 东 西,https://ke-image.ljcdn.com/110000-inspection/770e02c0-e849-4217-b974-cab134e52cac_1000.jpg!m_fill,w_280,h_210,f_jpg?from=ke.com
20240924,怀柔,怀柔,101126548384,世嘉光织谷东区,170万,24681元/平,顶层 (共7层) | 2013年 | 2室1厅 | 68.88平米 | 南 北,https://ke-image.ljcdn.com/110000-inspection/8ad5b101-6063-478f-9338-1b779ce8b973_1000.jpg!m_fill,w_280,h_210,f_jpg?from=ke.com
20240924,怀柔,怀柔,101126538829,金台园 2室2厅 南 北,249万,27658元/平,顶层 (共6层) 2室2厅 | 90.03平米 | 南 北,https://ke-image.ljcdn.com/110000-inspection/pc1_6SICR6pkd_1.jpg!m_fill,w_280,h_210,f_jpg?from=ke.com
20240924,怀柔,怀柔,101126533569,金善名居 2室1厅 南 北,165万,21516元/平,高楼层 (共6层) | 2009年 | 2室1厅 | 76.69平米 | 南 北,https://ke-image.ljcdn.com/110000-inspection/05e792f7-f19a-4258-b07c-67ebc3dd5008_1000.jpg!m_fill,w_280,h_210,f_jpg?from=ke.com
20240924,怀柔,怀柔,101126529262,八龙桥雅苑宽沟九号院楼层低格局好,158万,17609元/平,中楼层 (共5层) 3室1厅 | 89.73平米 | 南 北,https://ke-image.ljcdn.com/110000-inspection/361cb4e4-75e1-47ae-99a9-3ef2d04a30d6_1000.jpg!m_fill,w_280,h_210,f_jpg?from=ke.com
20240924,怀柔,怀柔,101126526578,富乐社区一号院 富乐北里 精装修,150万,23818元/平,顶层 (共6层) 2室1厅 | 62.98平米 | 南 北,https://ke-image.ljcdn.com/110000-inspection/23eb3cd8-48e1-4797-bc12-044886fd633f_1000.jpg!m_fill,w_280,h_210,f_jpg?from=ke.com
20240924,怀柔,怀柔,101126512753,南华园四区 3层 简装 南北通透,154万,26713元/平,中楼层 (共6层) 2室1厅 | 57.65平米 | 南 北,https://ke-image.ljcdn.com/110000-inspection/8935f29a-92ae-4628-b4a4-29a9223f8fde_1000.jpg!m_fill,w_280,h_210,f_jpg?from=ke.com
20240924,怀柔,怀柔,101126495539,西园 2室1厅 南 东,135万,23941元/平,中楼层 (共5层) 2室1厅 | 56.39平米 | 南 东,https://ke-image.ljcdn.com/110000-inspection/b4c5a4a0-7e58-4627-bd3e-77ea872cbe94_1000.jpg!m_fill,w_280,h_210,f_jpg?from=ke.com
20240924,怀柔,怀柔,101126493576,北园小区二号楼一单元202,200万,25537元/平,低楼层 (共6层) 3室1厅 | 78.32平米 | 南 北,https://ke-image.ljcdn.com/110000-inspection/caaed126-69c4-491d-b2ef-e806f33d1a2e_1000.jpg!m_fill,w_280,h_210,f_jpg?from=ke.com
20240924,怀柔,怀柔,101126491073,府东一条 2室1厅 东 西,185万,29643元/平,高楼层 (共6层) 2室1厅 | 62.41平米 | 东 西,https://ke-image.ljcdn.com/110000-inspection/2b878dcd-daf4-49d5-96f0-ae6a282455c0_1000.jpg!m_fill,w_280,h_210,f_jpg?from=ke.com
20240924,怀柔,怀柔,101126490792,府前街小区 南北通透 采光好 价格便宜,280万,28133元/平,高楼层 (共6层) 4室2厅 | 99.53平米 | 南 北,https://ke-image.ljcdn.com/110000-inspection/1622b5d7-2e54-492e-92d1-7d9a02ff3871_1000.jpg!m_fill,w_280,h_210,f_jpg?from=ke.com
20240924,怀柔,怀柔,101126482702,南华园四区 3室1厅 南 北,168万,21793元/平,中楼层 (共6层) 3室1厅 | 77.09平米 | 南 北,https://ke-image.ljcdn.com/110000-inspection/24dd92f6-1260-47f8-8567-80100fd9b403_1000.jpg!m_fill,w_280,h_210,f_jpg?from=ke.com
20240924,怀柔,怀柔,101126479574,美丽家园新上三居室中间层业主诚意出售,225万,24189元/平,中楼层 (共5层) 3室2厅 | 93.02平米 | 南 北,https://ke-image.ljcdn.com/110000-inspection/ed6a8433-c772-466f-86ad-9e670fe3cad3_1000.jpg!m_fill,w_280,h_210,f_jpg?from=ke.com
20240924,怀柔,怀柔,101126476554,家天下  满足你对家的想象  采光好 三室双卫,290万,29644元/平,高楼层 (共6层) 3室1厅 | 97.83平米 | 南 北,https://ke-image.ljcdn.com/110000-inspection/23bb81da-4c54-492c-8f65-d983e6c118ce_1000.jpg!m_fill,w_280,h_210,f_jpg?from=ke.com
20240924,怀柔,怀柔,101126459091,青春路 3室2厅 南 北,315万,24280元/平,高楼层 (共6层) 3室2厅 | 129.74平米 | 南 北,https://ke-image.ljcdn.com/110000-inspection/a4ec3aa3-e831-4ef5-951d-a1078e8bb9a7_1000.jpg!m_fill,w_280,h_210,f_jpg?from=ke.com
20240924,怀柔,怀柔,101126456713,小中富乐二区 3室1厅 南 北,210万,24631元/平,低楼层 (共6层) 3室1厅 | 85.26平米 | 南 北,https://ke-image.ljcdn.com/110000-inspection/fc26c047-93d0-4ea9-9fde-892d0d6d850b_1000.jpg!m_fill,w_280,h_210,f_jpg?from=ke.com
20240924,怀柔,怀柔,101126454485,高层电梯房南北通透两居室采光好,160万,19894元/平,顶层 (共12层) 2室1厅 | 80.43平米 | 南 北,https://ke-image.ljcdn.com/110000-inspection/5c55b8a4-bea5-48b4-9600-aa697a37e2c5_1000.jpg!m_fill,w_280,h_210,f_jpg?from=ke.com
20240924,怀柔,怀柔,101126451565,家天下小两居室低楼层适合居住,199万,28617元/平,低楼层 (共6层) 1室1厅 | 69.54平米 | 东 西 北,https://ke-image.ljcdn.com/110000-inspection/d28d3ed1-957f-493f-9b17-cf4707829858_1000.jpg!m_fill,w_280,h_210,f_jpg?from=ke.com
20240924,怀柔,怀柔,101126449508,幸福东园3号院   4层   大三居室客厅通阳台,178万,17595元/平,中楼层 (共6层) 3室2厅 | 101.17平米 | 南 北,https://ke-image.ljcdn.com/110000-inspection/4fcbc104-cf95-4dee-80c9-f59c828f0cad_1000.jpg!m_fill,w_280,h_210,f_jpg?from=ke.com
20240924,怀柔,怀柔,101126448601,于家园一区 3室1厅 南 北房主自荐,208万,25724元/平,中楼层 (共6层) 3室1厅 | 80.86平米 | 南 北,https://ke-image.ljcdn.com/110000-inspection/6d3b742e-b9ed-4ff8-b559-2aa0c80e7945_1000.jpg!m_fill,w_280,h_210,f_jpg?from=ke.com
20240924,怀柔,怀柔,101126447229,开利园小区拎包入住 精装修 三居大阳台 配套完善,175万,22728元/平,高楼层 (共6层) 3室1厅 | 77平米 | 南 北,https://ke-image.ljcdn.com/110000-inspection/e7f0a2c3-5d85-403f-b8bd-c89ca1d0f3e2_1000.jpg!m_fill,w_280,h_210,f_jpg?from=ke.com
20240924,怀柔,怀柔,101126446514,湖光小区 2室1厅 南 北,140万,23210元/平,顶层 (共6层) 2室1厅 | 60.32平米 | 南 北,https://ke-image.ljcdn.com/110000-inspection/7fce2f41-f7ae-4f2d-8b9b-e10385774d56_1000.jpg!m_fill,w_280,h_210,f_jpg?from=ke.com
20240924,怀柔,怀柔,101126441452,北园小区业主诚意出售看房提前打电话随时可看,188万,19653元/平,顶层 (共6层) 3室1厅 | 95.66平米 | 南 北,https://ke-image.ljcdn.com/110000-inspection/a5bb53d2-2d92-4f30-83f4-db2cc4628402_1000.jpg!m_fill,w_280,h_210,f_jpg?from=ke.com
20240924,怀柔,怀柔,101126422556,后横街小区 2室1厅 南 北,165万,29256元/平,高楼层 (共6层) 2室1厅 | 56.4平米 | 南 北,https://ke-image.ljcdn.com/110000-inspection/51269a0d-db1f-4378-9cfa-6a49ae95681a_1000.jpg!m_fill,w_280,h_210,f_jpg?from=ke.com
20240924,怀柔,怀柔,101126397604,房子是满五唯一的70年大产权商品房南北通透采光,180万,20439元/平,高楼层 (共15层) | 2014年 | 2室1厅 | 88.07平米 | 南 北,https://ke-image.ljcdn.com/110000-inspection/01f1d28a-cd6c-498c-9785-f0a9d1f6ac6b_1000.jpg!m_fill,w_280,h_210,f_jpg?from=ke.com
20240924,怀柔,怀柔,101126396550,八龙桥雅苑 3室1厅 南 北,220万,20975元/平,中楼层 (共5层) 3室1厅 | 104.89平米 | 南 北,https://ke-image.ljcdn.com/110000-inspection/fe3dc3d5-c118-4744-bc15-ba8303b08448_1000.jpg!m_fill,w_280,h_210,f_jpg?from=ke.com
20240924,怀柔,怀柔,101126395975,青春路九院 3室1厅 南 北,149万,20572元/平,高楼层 (共6层) 3室1厅 | 72.43平米 | 南 北,https://ke-image.ljcdn.com/110000-inspection/f71eda2f-7f58-4425-bc7c-797a6ec7f642_1000.jpg!m_fill,w_280,h_210,f_jpg?from=ke.com
20240924,怀柔,怀柔,101126389570,益田影人四季花园 3室2厅 南 北,380万,24394元/平,中楼层 (共8层) | 2012年 | 3室2厅 | 155.78平米 | 南 北,https://ke-image.ljcdn.com/110000-inspection/19b4520b-8402-4b57-aff3-b605636d96b9_1000.jpg!m_fill,w_280,h_210,f_jpg?from=ke.com
20240924,怀柔,怀柔,101126380111,于家园三区 2室1厅 南 北,175万,24648元/平,顶层 (共6层) 2室1厅 | 71平米 | 南 北,https://ke-image.ljcdn.com/110000-inspection/c5890c0f-ee43-4211-a12b-73ef5e0d7525_1000.jpg!m_fill,w_280,h_210,f_jpg?from=ke.com
20240924,怀柔,怀柔,101126378777,于家园一区 南北通透   采光好  无遮挡,249万,27750元/平,底层 (共6层) 3室2厅 | 89.73平米 | 南 北,https://ke-image.ljcdn.com/110000-inspection/pc1_tQbhAzDLs_1.jpg!m_fill,w_280,h_210,f_jpg?from=ke.com
20240924,怀柔,怀柔,101126377060,青春路2-1-1-1 71.32㎡,150万,21027元/平,高楼层 (共6层) 2室1厅 | 71.34平米 | 南 北,https://ke-image.ljcdn.com/110000-inspection/pc1_MBUPVTauD_1.jpg!m_fill,w_280,h_210,f_jpg?from=ke.com
20240924,怀柔,怀柔,101126373106,龙湖花园   三居室  1层采光亮堂  适合老人,239万,36917元/平,底层 (共6层) 3室2厅 | 64.74平米 | 南 北,https://ke-image.ljcdn.com/110000-inspection/1b32c165-6072-4100-b823-fc7158d0bf18_1000.jpg!m_fill,w_280,h_210,f_jpg?from=ke.com
20240924,怀柔,怀柔,101126363692,育龙铭居3-1-1-1 83.46㎡,215万,25761元/平,中楼层 (共9层) 3室1厅 | 83.46平米 | 南 北,https://ke-image.ljcdn.com/110000-inspection/04cfcc3a-d2f6-46a1-a274-9d9eb5ed76ef_1000.jpg!m_fill,w_280,h_210,f_jpg?from=ke.com
20240924,怀柔,怀柔,101126361853,怀柔 高层电梯龙山御景 万达 观景 水库 大三居,550万,38102元/平,低楼层 (共23层) 3室2厅 | 144.35平米 | 南 北 西,https://ke-image.ljcdn.com/110000-inspection/a3b8d538-1f4c-4d46-abf3-54c367dedd3a_1000.jpg!m_fill,w_280,h_210,f_jpg?from=ke.com
20240924,怀柔,怀柔,101126350574,兴怀大街小区四层大平米两居采光好视野开阔,248万,24097元/平,顶层 (共4层) 2室1厅 | 102.92平米 | 南 北,https://ke-image.ljcdn.com/110000-inspection/99ef4a57-6a98-4878-946c-283c4f093568_1000.jpg!m_fill,w_280,h_210,f_jpg?from=ke.com
20240924,怀柔,怀柔,101126342503,青春苑西区 一层 无遮挡采光好 三居房主自荐,270万,29262元/平,底层 (共6层) 3室1厅 | 92.27平米 | 南 北,https://ke-image.ljcdn.com/110000-inspection/a3bb33d3-f7d3-4204-9afb-b72a94ee4a8a_1000.jpg!m_fill,w_280,h_210,f_jpg?from=ke.com
20240924,怀柔,怀柔,101126340131,顶秀B区电梯房精装修南北通透满五唯一环境优美,270万,30396元/平,中楼层 (共5层) | 2015年 | 2室1厅 | 88.83平米 | 南 北,https://ke-image.ljcdn.com/110000-inspection/61453a99-26d8-4e77-81c1-869f912d7626_1000.jpg!m_fill,w_280,h_210,f_jpg?from=ke.com
20240924,怀柔,怀柔,101126335302,客厅通阳台南北通透采光充足有储藏室,239万,24811元/平,高楼层 (共6层) 2室2厅 | 96.33平米 | 南 北,https://ke-image.ljcdn.com/110000-inspection/bda7a933-7508-4703-8da1-79378999b284_1000.jpg!m_fill,w_280,h_210,f_jpg?from=ke.com
20240924,怀柔,怀柔,101126332194,金台园43号楼南北通透采光好,340万,28471元/平,中楼层 (共6层) 3室2厅 | 119.42平米 | 南 北,https://ke-image.ljcdn.com/110000-inspection/4e3db867-b136-491f-861a-da9c2e60c7ed_1000.jpg!m_fill,w_280,h_210,f_jpg?from=ke.com
20240924,怀柔,怀柔,101126332188,顶秀美泉B区 精装电梯房一层 有花园 环境优美,350万,28249元/平,底层 (共5层) | 2015年 | 3室2厅 | 123.9平米 | 南 北,https://ke-image.ljcdn.com/110000-inspection/6c2c3e7c-7536-4a8a-a31f-9e9499b71738_1000.jpg!m_fill,w_280,h_210,f_jpg?from=ke.com
20240924,怀柔,怀柔,101126330742,金台园   三居室    看房子方便,240万,24807元/平,高楼层 (共6层) 3室1厅 | 96.75平米 | 南 北,https://ke-image.ljcdn.com/110000-inspection/05af1ecc-d289-43be-a757-621483b84f00_1000.jpg!m_fill,w_280,h_210,f_jpg?from=ke.com
20240924,怀柔,怀柔,101126330708,龙山御景   大两居室   客厅通阳台,299万,37767元/平,低楼层 (共25层) | 2014年 | 2室1厅 | 79.17平米 | 南,https://ke-image.ljcdn.com/110000-inspection/bb72ad02-72cd-4d70-96f2-be8ac1be64d3_1000.jpg!m_fill,w_280,h_210,f_jpg?from=ke.com
20240924,怀柔,怀柔,101126326618,房龄新 电梯房 环境好 生活配套完善 交通便利,255万,31895元/平,高楼层 (共15层) | 2017年 | 2室1厅 | 79.95平米 | 东 西,https://ke-image.ljcdn.com/110000-inspection/e540ba3a-5fe6-41dc-9821-b8479e3a986f_1000.jpg!m_fill,w_280,h_210,f_jpg?from=ke.com
20240924,怀柔,怀柔,101126316878,裕华园一区南北通透一室一厅电梯房观景好楼层,77万,14883元/平,高楼层 (共15层) | 2014年 | 1室1厅 | 51.74平米 | 南 北,https://ke-image.ljcdn.com/110000-inspection/ce7deedb-fa72-483d-ad92-63729ec2a071_1000.jpg!m_fill,w_280,h_210,f_jpg?from=ke.com
20240924,怀柔,怀柔,101126316226,朝向南采光良好交通便利精装楼龄新,220万,20301元/平,顶层 (共6层) 3室2厅 | 108.37平米 | 南,https://ke-image.ljcdn.com/110000-inspection/557bbc5b-1cbf-4a5a-b302-4e286c260a7b_1000.jpg!m_fill,w_280,h_210,f_jpg?from=ke.com
20240924,怀柔,怀柔,101126312081,裕华园一区精装修两居室纯南户型采光好好停车,108万,16384元/平,低楼层 (共15层) | 2014年 | 2室1厅 | 65.92平米 | 南,https://ke-image.ljcdn.com/110000-inspection/8587a827-7e74-440c-b993-8c7784ac7e44_1000.jpg!m_fill,w_280,h_210,f_jpg?from=ke.com
20240924,怀柔,怀柔,101126311854,东关一区 高层 正规两居 南北通透 房龄新 采光好,210万,25866元/平,顶层 (共5层) 3室2厅 | 81.19平米 | 南 北,https://ke-image.ljcdn.com/110000-inspection/eb1465c0-9398-4126-8468-ad8a9733f6c1_1000.jpg!m_fill,w_280,h_210,f_jpg?from=ke.com
20240924,怀柔,怀柔,101126298931,幸福东园1号院 一层3居室 南北通透,150万,18229元/平,底层 (共6层) | 2001年 | 3室1厅 | 82.29平米 | 南 北,https://ke-image.ljcdn.com/110000-inspection/b0af5b71-734c-4c3d-8ca0-84d921ab2abb_1000.jpg!m_fill,w_280,h_210,f_jpg?from=ke.com
20240924,怀柔,怀柔,101126289907,世嘉光织谷西区2-2-1-2 109.36㎡,276万,25238元/平,顶层 (共5层) | 2012年 | 2室2厅 | 109.36平米 | 南 北,https://ke-image.ljcdn.com/110000-inspection/3e8414c1-1330-4eb9-b267-103e4a29d55d_1000.jpg!m_fill,w_280,h_210,f_jpg?from=ke.com
20240924,怀柔,怀柔,101126287411,于家园一区办公楼院里房龄新好停车南北通透！,195万,24914元/平,高楼层 (共6层) 3室1厅 | 78.27平米 | 南 北,https://ke-image.ljcdn.com/110000-inspection/05051b22-f3f8-48ee-90ed-931cd889c0fd_1000.jpg!m_fill,w_280,h_210,f_jpg?from=ke.com
20240924,怀柔,怀柔,101126285575,南华园二区 满五唯一 客厅通阳台 中间楼层,300万,25247元/平,中楼层 (共6层) | 1997年 | 3室2厅 | 118.83平米 | 南 北,https://ke-image.ljcdn.com/110000-inspection/2ad2c87a-19a4-4ba1-8229-749528c0feb9_1000.jpg!m_fill,w_280,h_210,f_jpg?from=ke.com
20240924,怀柔,怀柔,101126279740,金台园 2室1厅 南 北,125万,25474元/平,高楼层 (共6层) 2室1厅 | 49.07平米 | 南 北,https://ke-image.ljcdn.com/110000-inspection/9896619a-2de8-48a4-bd1d-250a35c8bc93_1000.jpg!m_fill,w_280,h_210,f_jpg?from=ke.com
20240924,怀柔,怀柔,101126277069,裕华园一区小户型一室一厅南北通透电梯房,77万,15001元/平,高楼层 (共15层) | 2014年 | 1室1厅 | 51.33平米 | 南 北,https://ke-image.ljcdn.com/110000-inspection/96acacc7-84ab-44f2-a20b-2400a6cd7798_1000.jpg!m_fill,w_280,h_210,f_jpg?from=ke.com
20240924,怀柔,怀柔,101126276613,电梯房满五不唯一业主诚心卖可以配合唯一,245万,20020元/平,顶层 (共9层) 3室2厅 | 122.38平米 | 南 北 西,https://ke-image.ljcdn.com/110000-inspection/9816328e-7f71-4c68-9bf0-899a0c669463_1000.jpg!m_fill,w_280,h_210,f_jpg?from=ke.com
20240924,怀柔,怀柔,101126275916,府前观邸 大两居户型 客厅通阳台,275万,32603元/平,底层 (共10层) 2室1厅 | 84.35平米 | 南,https://ke-image.ljcdn.com/110000-inspection/51482d0e-551c-4d60-ba98-b9c87ea7c252_1000.jpg!m_fill,w_280,h_210,f_jpg?from=ke.com
20240924,怀柔,怀柔,101126273158,南北通透采光好交通便利配套齐全,244万,23199元/平,顶层 (共6层) 3室1厅 | 105.18平米 | 南 北,https://ke-image.ljcdn.com/110000-inspection/540725a3-bfcd-4b0e-a362-a7c96d01a9e7_1000.jpg!m_fill,w_280,h_210,f_jpg?from=ke.com
20240924,怀柔,怀柔,101126265203,富乐大街9号院三居室双卫房龄新车位充足。,225万,19908元/平,顶层 (共6层) 3室2厅 | 113.02平米 | 南 北,https://ke-image.ljcdn.com/110000-inspection/d4a33c14-d89c-4801-bf6e-9a703343be51_1000.jpg!m_fill,w_280,h_210,f_jpg?from=ke.com
20240924,怀柔,怀柔,101126263443,商业街甲6 高楼层 采光好 看房方便,220万,30350元/平,顶层 (共6层) 3室1厅 | 72.49平米 | 南 北,https://ke-image.ljcdn.com/110000-inspection/cac9576e-09ca-496c-bd04-9636bf3966a7_1000.jpg!m_fill,w_280,h_210,f_jpg?from=ke.com
20240924,怀柔,怀柔,101126260169,东关一区 中层 电梯房 大三居 南北通透 采光好,380万,35725元/平,中楼层 (共6层) | 2020年 | 3室2厅 | 106.37平米 | 南 北,https://ke-image.ljcdn.com/110000-inspection/de8617c4-f09f-4e29-a1c0-a112fdff35c4_1000.jpg!m_fill,w_280,h_210,f_jpg?from=ke.com
20240924,怀柔,怀柔,101126258531,青春苑 南北通透  有钥匙 可随时看房,160万,23831元/平,高楼层 (共6层) 2室1厅 | 67.14平米 | 南 北,https://ke-image.ljcdn.com/110000-inspection/47ec8c4b-aa74-445d-8589-9e00208963f6_1000.jpg!m_fill,w_280,h_210,f_jpg?from=ke.com
20240924,怀柔,怀柔,101126258234,顶秀美泉小镇C区 3室2厅 南 北,300万,25729元/平,底层 (共4层) 3室2厅 | 116.6平米 | 南 北,https://ke-image.ljcdn.com/110000-inspection/28cbfc1c-9315-4854-8cf8-2fc0314f4713_1000.jpg!m_fill,w_280,h_210,f_jpg?from=ke.com
20240924,怀柔,怀柔,101126255617,青春路31号院南北通透无遮挡,199万,25357元/平,顶层 (共5层) 3室1厅 | 78.48平米 | 南 北,https://ke-image.ljcdn.com/110000-inspection/a9fcee6d-bb3e-450c-81ed-2faffb7d22a1_1000.jpg!m_fill,w_280,h_210,f_jpg?from=ke.com
20240924,怀柔,怀柔,101126254794,青春路六院 3室1厅 南 北,300万,28983元/平,中楼层 (共6层) 3室1厅 | 103.51平米 | 南 北,https://ke-image.ljcdn.com/110000-inspection/35fc0bd0-92f9-4b4e-a414-c6eda98b722d_1000.jpg!m_fill,w_280,h_210,f_jpg?from=ke.com
20240924,怀柔,怀柔,101126248821,成熟社区  配套完善  南北通透采光好  随时签约,259万,27919元/平,高楼层 (共6层) 3室1厅 | 92.77平米 | 南 北,https://ke-image.ljcdn.com/110000-inspection/29276582-dcf3-4842-ba4c-936a25891edd_1000.jpg!m_fill,w_280,h_210,f_jpg?from=ke.com
20240924,怀柔,怀柔,101126237241,富乐社区一号院高层满五唯一2居室,127万,20803元/平,顶层 (共6层) 2室1厅 | 61.05平米 | 南 北,https://ke-image.ljcdn.com/110000-inspection/3503050c-2dda-4e85-a475-b4542f8041b7_1000.jpg!m_fill,w_280,h_210,f_jpg?from=ke.com
20240924,怀柔,怀柔,101126231930,杨家园小区不临街只有契税看房随时。。,155万,21501元/平,高楼层 (共6层) | 1994年 | 3室1厅 | 72.09平米 | 南 北,https://ke-image.ljcdn.com/110000-inspection/1d8c8966-23c7-4e8b-9947-d31fa46b99e4_1000.jpg!m_fill,w_280,h_210,f_jpg?from=ke.com
20240924,怀柔,怀柔,101126227702,东关一区   4层   客厅有窗户,185万,26650元/平,中楼层 (共5层) 2室1厅 | 69.42平米 | 南 北,https://ke-image.ljcdn.com/110000-inspection/2af4c5c6-9e60-4a19-b86d-c5e6980b0a96_1000.jpg!m_fill,w_280,h_210,f_jpg?from=ke.com
20240924,怀柔,怀柔,101126226697,康馨家园优质三局两卫中间楼层满五唯一精装修。,318万,32559元/平,中楼层 (共6层) 3室2厅 | 97.67平米 | 南 北,https://ke-image.ljcdn.com/110000-inspection/04149b88-96e9-4302-8593-b8b9dcadd3ac_1000.jpg!m_fill,w_280,h_210,f_jpg?from=ke.com
20240924,怀柔,怀柔,101126218032,开利园小区 3室2厅 南 北,350万,29941元/平,底层 (共6层) 3室2厅 | 116.9平米 | 南 北,https://ke-image.ljcdn.com/110000-inspection/276d59bc-2024-40c8-973a-9611b9b1dcef_1000.jpg!m_fill,w_280,h_210,f_jpg?from=ke.com
20240924,怀柔,怀柔,101126205770,成熟社区  配套完善  全明格局采光好 产权清晰,210万,26742元/平,顶层 (共5层) 3室1厅 | 78.53平米 | 南 北 东,https://ke-image.ljcdn.com/110000-inspection/c706c2ac-1c04-47bb-8a16-13be64b03982_1000.jpg!m_fill,w_280,h_210,f_jpg?from=ke.com
20240924,怀柔,怀柔,101126181836,青春路九院 满五唯一 顶层 全明格局,145万,20020元/平,顶层 (共6层) 3室1厅 | 72.43平米 | 南 北,https://ke-image.ljcdn.com/110000-inspection/c68a956e-ef3d-44e8-9b31-84b72f556ef3_1000.jpg!m_fill,w_280,h_210,f_jpg?from=ke.com
20240924,怀柔,怀柔,101126180977,雁栖一品园B区满五楼龄新采光好,120万,22498元/平,高楼层 (共14层) 1室1厅 | 53.34平米 | 南,https://ke-image.ljcdn.com/110000-inspection/e8b469db-f24b-4b4a-9f89-2f25dbde0f73_1000.jpg!m_fill,w_280,h_210,f_jpg?from=ke.com
20240924,怀柔,怀柔,101126177050,金善名居两居室南北通透客厅同阳台户型,155万,19174元/平,底层 (共6层) 2室1厅 | 80.84平米 | 北 南,https://ke-image.ljcdn.com/110000-inspection/pc1_PYwiXdIdl_1.jpg!m_fill,w_280,h_210,f_jpg?from=ke.com
20240924,怀柔,怀柔,101126172593,顶秀美泉小镇B区库上一层精装修拎包住车位足,218万,24542元/平,底层 (共5层) | 2015年 | 2室1厅 | 88.83平米 | 南 北,https://ke-image.ljcdn.com/110000-inspection/f0ad0da8-a7a2-4c21-bf41-bf73bf1ec36f_1000.jpg!m_fill,w_280,h_210,f_jpg?from=ke.com
20240924,怀柔,怀柔,101126171891,小中富乐二区 中间层三居室 随时可看,300万,32186元/平,中楼层 (共6层) 3室1厅 | 93.21平米 | 南 北,https://ke-image.ljcdn.com/110000-inspection/0ee0103f-f5e4-4cc4-a564-5625e4da0a52_1000.jpg!m_fill,w_280,h_210,f_jpg?from=ke.com
20240924,怀柔,怀柔,101126162784,杨家园小区 高层 正规三居 南北通透 采光好,148万,20457元/平,顶层 (共6层) 3室1厅 | 72.35平米 | 南 北,https://ke-image.ljcdn.com/110000-inspection/533bb839-1a42-4215-aab0-a51dc48ef95a_1000.jpg!m_fill,w_280,h_210,f_jpg?from=ke.com
20240924,怀柔,怀柔,101126157139,怀柔新新家园 楼龄新 适合置换改善,268万,32116元/平,中楼层 (共16层) 2室1厅 | 83.45平米 | 东 西,https://ke-image.ljcdn.com/110000-inspection/9fdc7718-61ec-4bee-b22d-1d2a128dcc6c_1000.jpg!m_fill,w_280,h_210,f_jpg?from=ke.com
20240924,怀柔,怀柔,101126156595,新元居小区2002年房子低楼层业主诚意出售,259万,23669元/平,中楼层 (共6层) 3室2厅 | 109.43平米 | 南 北,https://ke-image.ljcdn.com/110000-inspection/65127a6a-7a05-4946-be2f-fbc9530e16b1_1000.jpg!m_fill,w_280,h_210,f_jpg?from=ke.com
20240924,怀柔,怀柔,101126144667,雁栖一品园B区2-1-1-1 104.64㎡,240万,22936元/平,底层 (共15层) 2室1厅 | 104.64平米 | 南 北,https://ke-image.ljcdn.com/110000-inspection/9188ad00-6335-4789-b838-357d811373d3_1000.jpg!m_fill,w_280,h_210,f_jpg?from=ke.com
20240924,怀柔,怀柔,101126144077,北京城建胜悦居 2室1厅 南 北,330万,35077元/平,低楼层 (共15层) 2室1厅 | 94.08平米 | 南 北,https://ke-image.ljcdn.com/110000-inspection/1bb4be35-d635-476d-9012-b9e62ab4a52b_1000.jpg!m_fill,w_280,h_210,f_jpg?from=ke.com
20240924,怀柔,怀柔,101126135161,怡安园小区 南北通透 业主诚意出售,132万,18243元/平,中楼层 (共6层) 3室1厅 | 72.36平米 | 南 北,https://ke-image.ljcdn.com/110000-inspection/6dbcc76a-ba78-4a42-9f79-ed5e3322af52_1000.jpg!m_fill,w_280,h_210,f_jpg?from=ke.com
20240924,怀柔,怀柔,101126130116,怡安园   1层  三居室看房子方便,139万,19110元/平,底层 (共6层) 3室1厅 | 72.74平米 | 南 北,https://ke-image.ljcdn.com/110000-inspection/6ac44d0d-f190-46e7-8639-4652d4d7c551_1000.jpg!m_fill,w_280,h_210,f_jpg?from=ke.com
20240924,怀柔,怀柔,101126127539,北京城建·胜悦居 精装现房 地下室 满五不唯一,210万,32655元/平,中楼层 (共11层) 2室1厅 | 64.31平米 | 南 北,https://ke-image.ljcdn.com/110000-inspection/5d97921e-8abd-483f-8d25-3255c28774f8_1000.jpg!m_fill,w_280,h_210,f_jpg?from=ke.com
20240924,怀柔,怀柔,101126125611,于家园三区 2层 东西通透大三居客厅通阳台户型方,290万,21671元/平,低楼层 (共6层) 3室2厅 | 133.82平米 | 东 西,https://ke-image.ljcdn.com/110000-inspection/pc1_L0Q9WLVuX_1.jpg!m_fill,w_280,h_210,f_jpg?from=ke.com
20240924,怀柔,怀柔,101126125281,新贤家园 3室2厅 南 北房主自荐,470万,36452元/平,顶层 (共11层) 3室2厅 | 128.94平米 | 南 北,https://ke-image.ljcdn.com/110000-inspection/cfb45c8c-2c6b-49dd-9bf7-c0aa56b8ad03_1000.jpg!m_fill,w_280,h_210,f_jpg?from=ke.com
20240924,怀柔,怀柔,101126118479,南北通透大三居 采光好 视野无遮挡 交通便利！,350万,29435元/平,中楼层 (共6层) 3室2厅 | 118.91平米 | 南 北,https://ke-image.ljcdn.com/110000-inspection/b44d542d-4c73-4b65-9fe9-deb09a8f4241_1000.jpg!m_fill,w_280,h_210,f_jpg?from=ke.com
20240924,怀柔,怀柔,101126116868,梦想家园东区 低楼层 精装修 电梯房,210万,19436元/平,底层 (共15层) 3室2厅 | 108.05平米 | 南 北,https://ke-image.ljcdn.com/110000-inspection/5ccab083-2111-4213-9e59-6b551ed94e96_1000.jpg!m_fill,w_280,h_210,f_jpg?from=ke.com
20240924,怀柔,怀柔,101126113137,青春路一院 满五唯一 三层 两居 全明 精装,190万,31593元/平,中楼层 (共4层) 2室1厅 | 60.14平米 | 南 北,https://ke-image.ljcdn.com/110000-inspection/5b593f0c-7649-4b32-8831-861e55eade69_1000.jpg!m_fill,w_280,h_210,f_jpg?from=ke.com
20240924,怀柔,怀柔,101126111092,南华大街好楼层南北通透采光好没有浪费面积。,200万,23647元/平,中楼层 (共5层) 3室1厅 | 84.58平米 | 南 北,https://ke-image.ljcdn.com/110000-inspection/0d735fcc-869c-4f69-b312-22cb0d169f9f_1000.jpg!m_fill,w_280,h_210,f_jpg?from=ke.com
20240924,怀柔,怀柔,101126108440,融城园南区  南北通透  满五唯一   诚意出售,155万,16088元/平,高楼层 (共6层) | 2006年 | 3室1厅 | 96.35平米 | 南 北,https://ke-image.ljcdn.com/110000-inspection/e69a7c2e-5b6f-402a-9c84-94d7b0c382a1_1000.jpg!m_fill,w_280,h_210,f_jpg?from=ke.com
20240924,怀柔,怀柔,101126103685,2013年次新小区中间楼层大三居,270万,22278元/平,中楼层 (共9层) 3室2厅 | 121.2平米 | 南 北,https://ke-image.ljcdn.com/110000-inspection/pc1_qgE93yalC_1.jpg!m_fill,w_280,h_210,f_jpg?from=ke.com
20240924,怀柔,怀柔,101126093179,府前龙樾 城区内新小区 电梯洋房次顶层 无遮挡,502万,45854元/平,高楼层 (共6层) 3室2厅 | 109.48平米 | 南 北,https://ke-image.ljcdn.com/110000-inspection/pc1_EYfuE6SBS_1.jpg!m_fill,w_280,h_210,f_jpg?from=ke.com
20240924,怀柔,怀柔,101126091490,潘家园小区 高层 正规三居 南北通透 采光好,255万,23019元/平,顶层 (共6层) 3室2厅 | 110.78平米 | 南 北,https://ke-image.ljcdn.com/110000-inspection/533b9f22-5d4e-4782-90ad-f2bb69d6c4d5_1000.jpg!m_fill,w_280,h_210,f_jpg?from=ke.com
20240924,怀柔,怀柔,101126089287,泉河园二区 3室2厅 南 北,440万,34704元/平,底层 (共5层) 3室2厅 | 126.79平米 | 南 北,https://ke-image.ljcdn.com/110000-inspection/e3d769fa-aecb-49e4-a314-6ab4cb024ae6_1000.jpg!m_fill,w_280,h_210,f_jpg?from=ke.com
20240924,怀柔,怀柔,101126080754,幸福东园3号院南北通透房龄新采光好车位充足,165万,16321元/平,高楼层 (共6层) 3室2厅 | 101.1平米 | 南 北,https://ke-image.ljcdn.com/110000-inspection/d5ef643e-68a8-4e55-80e0-4bd1d3afc6c2_1000.jpg!m_fill,w_280,h_210,f_jpg?from=ke.com
20240924,怀柔,怀柔,101126072706,富乐大街9号院 高层 正规三居 南北通透 房龄新,220万,22917元/平,高楼层 (共6层) 3室2厅 | 96平米 | 南 北,https://ke-image.ljcdn.com/110000-inspection/28cfbc66-ecb9-4688-9178-34c3074a101e_1000.jpg!m_fill,w_280,h_210,f_jpg?from=ke.com
20240924,怀柔,怀柔,101126069545,于家园二区北院 满五年唯一 精装三层,178万,27289元/平,中楼层 (共6层) 3室1厅 | 65.23平米 | 南 北,https://ke-image.ljcdn.com/110000-inspection/6fa76006-f6eb-4553-91ad-dcad6849b6b8_1000.jpg!m_fill,w_280,h_210,f_jpg?from=ke.com
20240924,怀柔,怀柔,101126067839,迎宾中路  消防队后面 满五唯一 出行方便,151万,23878元/平,中楼层 (共6层) 2室1厅 | 63.24平米 | 南 北,https://ke-image.ljcdn.com/110000-inspection/8aa7447a-aa0c-42c6-a7aa-2d223926c8f4_1000.jpg!m_fill,w_280,h_210,f_jpg?from=ke.com
20240924,怀柔,怀柔,101126065341,龙湖花园 南北通透  采光充足 精装修,182万,28222元/平,顶层 (共6层) 2室1厅 | 64.49平米 | 南 北,https://ke-image.ljcdn.com/110000-inspection/pc1_tb23bbAS3_1.jpg!m_fill,w_280,h_210,f_jpg?from=ke.com
20240924,怀柔,怀柔,101126041422,幸福东园2号院 3室2厅 北 南,260万,19945元/平,低楼层 (共6层) 3室2厅 | 130.36平米 | 北 南,https://ke-image.ljcdn.com/110000-inspection/cc1b3df8-4694-43ee-8a28-3b1772a3a515_1000.jpg!m_fill,w_280,h_210,f_jpg?from=ke.com
20240924,怀柔,怀柔,101126032092,欧郡香水城 3室1厅 南 北,192万,19752元/平,低楼层 (共3层) 3室1厅 | 97.21平米 | 南 北,https://ke-image.ljcdn.com/110000-inspection/fc5b4635-73f3-47d6-8854-bfa56afa4d0b_1000.jpg!m_fill,w_280,h_210,f_jpg?from=ke.com
20240924,怀柔,怀柔,101126029092,育龙馨居 客厅通阳台采光好,248万,20617元/平,中楼层 (共14层) | 2013年 | 3室1厅 | 120.29平米 | 南 北,https://ke-image.ljcdn.com/110000-inspection/e8bfe6c3-aca5-4459-988e-bd977f769f1b_1000.jpg!m_fill,w_280,h_210,f_jpg?from=ke.com
20240924,怀柔,怀柔,101126019653,青春路七院 满五唯一 朝南两居室采光好交通便利,127万,22522元/平,顶层 (共5层) 2室1厅 | 56.39平米 | 南,https://ke-image.ljcdn.com/110000-inspection/5ef0e0c9-6796-449d-83aa-eef0cdbb15a1_1000.jpg!m_fill,w_280,h_210,f_jpg?from=ke.com
20240924,怀柔,怀柔,101126014041,潘家园小区 高层 正规三居 南北通透 双卫 采光好,238万,20184元/平,顶层 (共5层) 3室2厅 | 117.92平米 | 南 北,https://ke-image.ljcdn.com/110000-inspection/0c17cc0f-6f52-4fdb-b2c4-20f45fcd0fa3_1000.jpg!m_fill,w_280,h_210,f_jpg?from=ke.com
20240924,怀柔,怀柔,101126006480,康馨家园小区环境好精装三居南北通透拎包入住,270万,29428元/平,顶层 (共6层) 3室1厅 | 91.75平米 | 南 北,https://ke-image.ljcdn.com/110000-inspection/71b8f411-2465-4a91-b1a4-faf4aab73b2f_1000.jpg!m_fill,w_280,h_210,f_jpg?from=ke.com
20240924,怀柔,怀柔,101126004679,益田影人四季花园 电梯洋房  满五唯一中间层 精装,415万,27017元/平,中楼层 (共8层) 2室2厅 | 153.61平米 | 南 北,https://ke-image.ljcdn.com/110000-inspection/8201d4be-0385-4ab6-8dd5-87b401abc74f_1000.jpg!m_fill,w_280,h_210,f_jpg?from=ke.com
20240924,怀柔,怀柔,101126002083,新村小区环境优美绿化多交通便利,155万,22065元/平,中楼层 (共6层) 2室1厅 | 70.25平米 | 南 北,https://ke-image.ljcdn.com/110000-inspection/62990320-a5b9-4a46-9710-ae7b56794766_1000.jpg!m_fill,w_280,h_210,f_jpg?from=ke.com
20240924,怀柔,怀柔,101125998961,东关一区 3室1厅 南 北,269万,25440元/平,顶层 (共6层) 3室1厅 | 105.74平米 | 南 北,https://ke-image.ljcdn.com/110000-inspection/61db40e4-4e55-4e36-85c3-1d31ed60e6e6_1000.jpg!m_fill,w_280,h_210,f_jpg?from=ke.com
20240924,怀柔,怀柔,101125998772,世嘉光织谷西区 2室1厅 南,200万,20993元/平,低楼层 (共6层) | 2012年 | 2室1厅 | 95.27平米 | 南,https://ke-image.ljcdn.com/110000-inspection/83e7a283-69da-45a7-93db-8678df78c776_1000.jpg!m_fill,w_280,h_210,f_jpg?from=ke.com
20240924,怀柔,怀柔,101125998113,兴怀大街小区 2室1厅 北 南,193万,20664元/平,高楼层 (共6层) 2室1厅 | 93.4平米 | 北 南,https://ke-image.ljcdn.com/110000-inspection/14381236-c04f-4065-a20d-32237918ef83_1000.jpg!m_fill,w_280,h_210,f_jpg?from=ke.com
20240924,怀柔,怀柔,101125991284,育龙馨居 3室2厅 南 北,260万,21613元/平,中楼层 (共14层) 3室2厅 | 120.3平米 | 南 北,https://ke-image.ljcdn.com/110000-inspection/4bb48f35-4476-4755-a10a-f8b58008dffb_1000.jpg!m_fill,w_280,h_210,f_jpg?from=ke.com
20240924,怀柔,怀柔,101125988505,低楼层前后无遮挡视野开阔采光好,310万,37202元/平,顶层 (共11层) | 2013年 | 2室1厅 | 83.33平米 | 南 北,https://ke-image.ljcdn.com/110000-inspection/3c83745a-f91b-483e-8beb-8fc3310ef354_1000.jpg!m_fill,w_280,h_210,f_jpg?from=ke.com
20240924,怀柔,怀柔,101125987459,青春路七院 2室1厅 南 北,150万,24051元/平,顶层 (共6层) 2室1厅 | 62.37平米 | 南 北,https://ke-image.ljcdn.com/110000-inspection/3b55aa48-2288-400c-a479-9ba9c0f13536_1000.jpg!m_fill,w_280,h_210,f_jpg?from=ke.com
20240924,怀柔,怀柔,101125986288,潘家园小区业主急售1月份满五唯一,150万,26298元/平,顶层 (共6层) 3室0厅 | 57.04平米 | 南 北,https://ke-image.ljcdn.com/110000-inspection/ab84329b-8388-4225-9ee9-a069e77cde6c_1000.jpg!m_fill,w_280,h_210,f_jpg?from=ke.com
20240924,怀柔,怀柔,101125983343,南华园一区 2室1厅 南 北,150万,23593元/平,顶层 (共6层) 2室1厅 | 63.58平米 | 南 北,https://ke-image.ljcdn.com/110000-inspection/62e42249-fba5-4b18-b385-1cc71f801d1d_1000.jpg!m_fill,w_280,h_210,f_jpg?from=ke.com
20240924,怀柔,怀柔,101125980220,富乐社区一号院 2室1厅 南 北,155万,23575元/平,底层 (共6层) | 1996年 | 2室1厅 | 65.75平米 | 南 北,https://ke-image.ljcdn.com/110000-inspection/e1a5f97b-3e48-4f29-811f-03e87fff69fb_1000.jpg!m_fill,w_280,h_210,f_jpg?from=ke.com
20240924,怀柔,怀柔,101125965105,潘家园小区 精装修  健身楼层 采光好,150万,21979元/平,顶层 (共6层) 2室1厅 | 68.25平米 | 南 北,https://ke-image.ljcdn.com/110000-inspection/738b32ba-40ab-4a75-bfb8-73da29fdbaa6_1000.jpg!m_fill,w_280,h_210,f_jpg?from=ke.com
20240924,怀柔,怀柔,101125964641,迎宾北路小区小区规整出行怀柔方便,252万,28738元/平,中楼层 (共6层) 3室1厅 | 87.69平米 | 南 北,https://ke-image.ljcdn.com/110000-inspection/0a246fec-faa6-41ad-b583-4bcd5ae5fd7b_1000.jpg!m_fill,w_280,h_210,f_jpg?from=ke.com
20240924,怀柔,怀柔,101125954383,世嘉光织谷西区满五唯一精装修采光好,219万,25657元/平,高楼层 (共7层) | 2012年 | 2室1厅 | 85.36平米 | 南,https://ke-image.ljcdn.com/110000-inspection/2ed9864e-d76e-4594-a848-ca54623d66f6_1000.jpg!m_fill,w_280,h_210,f_jpg?from=ke.com
20240924,怀柔,怀柔,101125953135,安乐馨居 2室1厅 南 北,168万,21056元/平,低楼层 (共12层) 2室1厅 | 79.79平米 | 南 北,https://ke-image.ljcdn.com/110000-inspection/pc1_bybq8tMwe_1.jpg!m_fill,w_280,h_210,f_jpg?from=ke.com
20240924,怀柔,怀柔,101125952239,梦想家园西区 采光好 看房方便 随时可以签约,168万,18669元/平,高楼层 (共15层) | 2014年 | 2室1厅 | 89.99平米 | 南 北,https://ke-image.ljcdn.com/110000-inspection/72705092-1ab6-4320-b508-24bba2e34c73_1000.jpg!m_fill,w_280,h_210,f_jpg?from=ke.com
20240924,怀柔,怀柔,101125948648,梅苑花园 高层 正规三居 南北通透 房龄新 采光好,270万,23633元/平,高楼层 (共6层) 3室2厅 | 114.25平米 | 南 北,https://ke-image.ljcdn.com/110000-inspection/7ff5c7ea-a0b0-4c3a-94f5-92092b191145_1000.jpg!m_fill,w_280,h_210,f_jpg?from=ke.com
20240924,怀柔,怀柔,101125946126,府东一条 南北通透 客厅带阳台,180万,28842元/平,顶层 (共6层) 2室1厅 | 62.41平米 | 南 北,https://ke-image.ljcdn.com/110000-inspection/3ab8c883-898e-4524-bdc9-5359d0bb1a18_1000.jpg!m_fill,w_280,h_210,f_jpg?from=ke.com
20240924,怀柔,怀柔,101125945880,栖美园 低楼层南北通透诚意出售,255万,24695元/平,底层 (共6层) 2室2厅 | 103.26平米 | 南 北,https://ke-image.ljcdn.com/110000-inspection/ae895c84-58c6-4919-99d6-b054ef47e113_1000.jpg!m_fill,w_280,h_210,f_jpg?from=ke.com
20240924,怀柔,怀柔,101125945485,莲馨苑四层 全明格局 带地下室,235万,25102元/平,中楼层 (共6层) 3室1厅 | 93.62平米 | 南 北,https://ke-image.ljcdn.com/110000-inspection/a4f5fa7c-979e-4ab8-9fb1-19d2d2494ecf_1000.jpg!m_fill,w_280,h_210,f_jpg?from=ke.com
20240924,怀柔,怀柔,101125932726,东园北区  低层边户三居 满五唯一 停车方便,318万,29135元/平,低楼层 (共6层) 3室2厅 | 109.15平米 | 南 北 西,https://ke-image.ljcdn.com/110000-inspection/a33e9dec-60af-44ec-947c-fbbae56068ab_1000.jpg!m_fill,w_280,h_210,f_jpg?from=ke.com
20240924,怀柔,怀柔,101125932561,此房中楼层户型方正青山绿水空气清新休闲适合,230万,15846元/平,中楼层 (共5层) 3室1厅 | 145.15平米 | 东南 西北,https://ke-image.ljcdn.com/110000-inspection/49ed43e3-0f7a-40c3-a5a5-9b2715588197_1000.jpg!m_fill,w_280,h_210,f_jpg?from=ke.com
20240924,怀柔,怀柔,101125925668,裕华园一区 2室1厅 南,102万,15467元/平,低楼层 (共15层) | 2014年 | 2室1厅 | 65.95平米 | 南,https://ke-image.ljcdn.com/110000-inspection/4141bfd3-1132-4586-b8eb-8e6bfd4723ea_1000.jpg!m_fill,w_280,h_210,f_jpg?from=ke.com
20240924,怀柔,怀柔,101125924248,中间楼层采光好  南北通透两居室  随时签约,125万,17769元/平,中楼层 (共6层) | 2002年 | 2室1厅 | 70.35平米 | 南 北,https://ke-image.ljcdn.com/110000-inspection/e4201281-6291-4086-b334-3a4594fbb490_1000.jpg!m_fill,w_280,h_210,f_jpg?from=ke.com
20240924,怀柔,怀柔,101125921065,柏泉庄园雁舞园A区 3室2厅 南 北,245万,20260元/平,底层 (共11层) 3室2厅 | 120.93平米 | 南 北,https://ke-image.ljcdn.com/110000-inspection/pc1_uDhxc0XX4_1.jpg!m_fill,w_280,h_210,f_jpg?from=ke.com
20240924,怀柔,怀柔,101125912418,滨湖小区交通出行：H61.H62.916快车,175万,26685元/平,顶层 (共6层) 2室1厅 | 65.58平米 | 南 北,https://ke-image.ljcdn.com/110000-inspection/pc1_mDjc4qAaT_1.jpg!m_fill,w_280,h_210,f_jpg?from=ke.com
20240924,怀柔,怀柔,101125905750,梦想家园东区 电梯次顶层 三居采光好,235万,22838元/平,高楼层 (共15层) 3室1厅 | 102.9平米 | 南 北,https://ke-image.ljcdn.com/110000-inspection/f916bcb4-ad01-41be-a297-0aef191660a0_1000.jpg!m_fill,w_280,h_210,f_jpg?from=ke.com
20240924,怀柔,怀柔,101125893614,南华园二区 3室1厅 南 北,149万,22296元/平,高楼层 (共6层) 3室1厅 | 66.83平米 | 南 北,https://ke-image.ljcdn.com/110000-inspection/7ad5a4ee-7ee7-45f2-8437-74acefb69f6a_1000.jpg!m_fill,w_280,h_210,f_jpg?from=ke.com
20240924,怀柔,怀柔,101125887535,世嘉光织谷西区精装修满五唯一采光好楼龄新,220万,25747元/平,高楼层 (共7层) | 2012年 | 2室1厅 | 85.45平米 | 南,https://ke-image.ljcdn.com/110000-inspection/pc1_IOo4TOoi8_1.jpg!m_fill,w_280,h_210,f_jpg?from=ke.com
20240924,怀柔,怀柔,101125886932,东关一区 2室1厅 南 北,159万,23979元/平,中楼层 (共6层) 2室1厅 | 66.31平米 | 南 北,https://ke-image.ljcdn.com/110000-inspection/pc1_bWNIccRri_1.jpg!m_fill,w_280,h_210,f_jpg?from=ke.com
20240924,怀柔,怀柔,101125881407,青春路三居室 业主诚意出售,258万,26783元/平,中楼层 (共6层) 3室1厅 | 96.33平米 | 南 北,https://ke-image.ljcdn.com/110000-inspection/pc1_eQ8KlWLHt_1.jpg!m_fill,w_280,h_210,f_jpg?from=ke.com
20240924,怀柔,怀柔,101125878507,欧郡香水城 3室1厅 南 北,199万,20472元/平,低楼层 (共3层) 3室1厅 | 97.21平米 | 南 北,https://ke-image.ljcdn.com/110000-inspection/pc1_ACgK5qjhc_1.jpg!m_fill,w_280,h_210,f_jpg?from=ke.com
20240924,怀柔,怀柔,101125872104,南华园四区南北通透精装修拎包入住采光好。,185万,22561元/平,顶层 (共6层) 3室1厅 | 82平米 | 南 北,https://ke-image.ljcdn.com/110000-inspection/pc1_eHgzlByGU_1.jpg!m_fill,w_280,h_210,f_jpg?from=ke.com
20240924,怀柔,怀柔,101125869792,东关二区小区 高层 正规三居 全明格局 采光,185万,21163元/平,高楼层 (共6层) 3室1厅 | 87.42平米 | 南 西 东,https://ke-image.ljcdn.com/110000-inspection/pc1_NgEAJFyqR_1.jpg!m_fill,w_280,h_210,f_jpg?from=ke.com
20240924,怀柔,怀柔,101125867223,北京市怀柔区*新樂園”小区南北通透无遮挡,220万,22772元/平,顶层 (共6层) 2室2厅 | 96.61平米 | 南 北,https://ke-image.ljcdn.com/110000-inspection/pc1_MKysG1jZb_1.jpg!m_fill,w_280,h_210,f_jpg?from=ke.com
20240924,怀柔,怀柔,101125866670,怀柔科学城 花园洋房 电梯 顶秀美泉家园 南北两居房主自荐,260万,29293元/平,中楼层 (共4层) | 2015年 | 2室1厅 | 88.76平米 | 南 北,https://ke-image.ljcdn.com/110000-inspection/pc1_WF1kAhG50_1.jpg!m_fill,w_280,h_210,f_jpg?from=ke.com
20240924,怀柔,怀柔,101125866315,北园诚意出售精装修中间楼层南向2居室房主自荐,135万,19927元/平,中楼层 (共6层) 2室1厅 | 67.75平米 | 南,https://ke-image.ljcdn.com/110000-inspection/pc1_lmycE1iDa_1.jpg!m_fill,w_280,h_210,f_jpg?from=ke.com
20240924,怀柔,怀柔,101125865234,*顶秀美泉小镇A区 无遮挡南北通透满五Ph唯一,220万,25166元/平,底层 (共4层) 2室2厅 | 87.42平米 | 南 北,https://ke-image.ljcdn.com/110000-inspection/ecd08b31-1cb5-47ab-90c2-468f130f113a_1000.jpg!m_fill,w_280,h_210,f_jpg?from=ke.com
20240924,怀柔,怀柔,101125857932,府前官邸纯南大两居业主诚意出售,315万,36497元/平,中楼层 (共9层) 2室1厅 | 86.31平米 | 南,https://ke-image.ljcdn.com/110000-inspection/bf85d596-6b06-4d1b-8e94-cbe885c29634_1000.jpg!m_fill,w_280,h_210,f_jpg?from=ke.com
20240924,怀柔,怀柔,101125851023,南华园一区 南北通透 中间楼层两居室,256万,23506元/平,中楼层 (共6层) 2室2厅 | 108.91平米 | 南 北,https://ke-image.ljcdn.com/110000-inspection/4b6b6a9e-fd9d-4f63-b83e-a4474d3e45be_1000.jpg!m_fill,w_280,h_210,f_jpg?from=ke.com
20240924,怀柔,怀柔,101125843364,栖美园 停车方便 楼间距宽 带电梯,358万,24506元/平,中楼层 (共6层) 3室2厅 | 146.09平米 | 南 北,https://ke-image.ljcdn.com/110000-inspection/4c981433-5ed1-467c-881a-47ba2948a394_1000.jpg!m_fill,w_280,h_210,f_jpg?from=ke.com
20240924,怀柔,怀柔,101125842176,融城园南区 3室1厅 南 北,150万,18240元/平,顶层 (共6层) 3室1厅 | 82.24平米 | 南 北,https://ke-image.ljcdn.com/110000-inspection/52ce5eaf-84fd-476e-bed8-531eb0f2e8cf_1000.jpg!m_fill,w_280,h_210,f_jpg?from=ke.com
20240924,怀柔,怀柔,101125840319,北京城建胜悦居2-1-1-1 83.24㎡ 275,275万,33038元/平,低楼层 (共15层) | 2018年 | 2室1厅 | 83.24平米 | 南,https://ke-image.ljcdn.com/110000-inspection/7982b709-6a06-4c11-80fa-86c11dd31e97_1000.jpg!m_fill,w_280,h_210,f_jpg?from=ke.com
20240924,怀柔,怀柔,101125832125,裕华园一区 1室1厅 南,85万,16432元/平,高楼层 (共15层) | 2014年 | 1室1厅 | 51.73平米 | 南,https://ke-image.ljcdn.com/110000-inspection/1b9e5125-bce5-4f76-bb67-791f5257e07d_1000.jpg!m_fill,w_280,h_210,f_jpg?from=ke.com
20240924,怀柔,怀柔,101125830961,东关二区小区 3室1厅 南 北,215万,26220元/平,中楼层 (共6层) 3室1厅 | 82平米 | 南 北,https://ke-image.ljcdn.com/110000-inspection/35522857-485a-46ce-969d-7d41660dc310_1000.jpg!m_fill,w_280,h_210,f_jpg?from=ke.com
20240924,怀柔,怀柔,101125821149,开利园小区业主诚售大一居、中间层,145万,20306元/平,中楼层 (共4层) 1室1厅 | 71.41平米 | 西,https://ke-image.ljcdn.com/110000-inspection/46b6f2e2-fbdf-429b-8033-37438d7e4710_1000.jpg!m_fill,w_280,h_210,f_jpg?from=ke.com
20240924,怀柔,怀柔,101125820005,新贤家园 1室1厅 南,225万,31740元/平,中楼层 (共10层) | 2014年 | 1室1厅 | 70.89平米 | 南,https://ke-image.ljcdn.com/110000-inspection/9cbe3359-64cd-41fe-8eeb-e7e913f2dd58_1000.jpg!m_fill,w_280,h_210,f_jpg?from=ke.com
20240924,怀柔,怀柔,101125816304,青春路九院 高层 正规两居 南北通透 采光好,130万,20881元/平,顶层 (共6层) 2室1厅 | 62.26平米 | 南 北,https://ke-image.ljcdn.com/110000-inspection/0ef7592e-5467-4768-911a-94c6d4713127_1000.jpg!m_fill,w_280,h_210,f_jpg?from=ke.com
20240924,怀柔,怀柔,101125806072,青春路六院 低层 正规三居 南北通透 采光好,205万,25625元/平,中楼层 (共5层) 3室1厅 | 80平米 | 南 北,https://ke-image.ljcdn.com/110000-inspection/7c37cac6-b9a5-475b-88a4-da3c635e393c_1000.jpg!m_fill,w_280,h_210,f_jpg?from=ke.com
20240924,怀柔,怀柔,101125805071,湖光小区 南北通透 2层 满五唯一 诚意出售,140万,23637元/平,中楼层 (共5层) 2室1厅 | 59.23平米 | 南 北,https://ke-image.ljcdn.com/110000-inspection/a50e71d3-aea9-4e08-bb9e-c53b08a814ec_1000.jpg!m_fill,w_280,h_210,f_jpg?from=ke.com
20240924,怀柔,怀柔,101125787954,莲馨苑 满五唯一  诚意出售 可随时签约,230万,22866元/平,中楼层 (共6层) 3室2厅 | 100.59平米 | 南 北,https://ke-image.ljcdn.com/110000-inspection/9a82d07e-b554-4aef-bb30-0aeccf08020d_1000.jpg!m_fill,w_280,h_210,f_jpg?from=ke.com
20240924,怀柔,怀柔,101125780840,满五唯一 南北通透 精装修 前后无遮挡,145万,25301元/平,高楼层 (共6层) 2室1厅 | 57.31平米 | 南 北,https://ke-image.ljcdn.com/110000-inspection/3bcb06c4-921e-4e0b-aa5b-7392678d7419_1000.jpg!m_fill,w_280,h_210,f_jpg?from=ke.com
20240924,怀柔,怀柔,101125762816,融城园南区 低层 正规三居 南北通透 采光好,160万,18012元/平,底层 (共6层) 3室1厅 | 88.83平米 | 南 北,https://ke-image.ljcdn.com/110000-inspection/eb7dfca0-8347-4d60-8f24-6236b8f0be20_1000.jpg!m_fill,w_280,h_210,f_jpg?from=ke.com
20240924,怀柔,怀柔,101125762266,美丽家园满五唯一出入方便宽敞三居室居住舒适度,219万,22144元/平,高楼层 (共6层) 3室2厅 | 98.9平米 | 南 北,https://ke-image.ljcdn.com/110000-inspection/3f2c7df3-45fb-43cf-aaf8-79104e95c8fb_1000.jpg!m_fill,w_280,h_210,f_jpg?from=ke.com
20240924,怀柔,怀柔,101125756517,雁栖一品园B区满五不唯一 楼龄新精装修,158万,19825元/平,中楼层 (共14层) 1室2厅 | 79.7平米 | 南,https://ke-image.ljcdn.com/110000-inspection/9c55d207-3621-466f-a5c8-2fae342e7808_1000.jpg!m_fill,w_280,h_210,f_jpg?from=ke.com
20240924,怀柔,怀柔,101125755180,金善名居三居室南北通透次顶层采光好小区中间位置,190万,19802元/平,高楼层 (共6层) 3室1厅 | 95.95平米 | 南 北,https://ke-image.ljcdn.com/110000-inspection/1c29105b-fbfc-4864-91c8-d0a9ab7ca873_1000.jpg!m_fill,w_280,h_210,f_jpg?from=ke.com
20240924,怀柔,怀柔,101125740988,泉河园二区  2003年小区  低楼层  方便出行,315万,26356元/平,底层 (共6层) 3室2厅 | 119.52平米 | 南 北,https://ke-image.ljcdn.com/110000-inspection/25238164-a6ba-4d4b-819d-c1c797effc9a_1000.jpg!m_fill,w_280,h_210,f_jpg?from=ke.com
20240924,怀柔,怀柔,101125732963,金台园 高层 正规两居 南北通透 采光好 房龄新,190万,20132元/平,顶层 (共6层) 2室2厅 | 94.38平米 | 南 北,https://ke-image.ljcdn.com/110000-inspection/f2a324e3-be3b-4386-9f05-74470011aaa2_1000.jpg!m_fill,w_280,h_210,f_jpg?from=ke.com
20240924,怀柔,怀柔,101125725660,开利园小区 3室1厅 南 北,305万,25998元/平,中楼层 (共6层) 3室1厅 | 117.32平米 | 南 北,https://ke-image.ljcdn.com/110000-inspection/ca09a5f7-07f1-4b60-a924-91217b84a804_1000.jpg!m_fill,w_280,h_210,f_jpg?from=ke.com
20240924,怀柔,怀柔,101125715516,怡安园 精装三居室 高层 看房方便,140万,19348元/平,高楼层 (共6层) 3室1厅 | 72.36平米 | 南 北,https://ke-image.ljcdn.com/110000-inspection/b157c0c4-19d5-43d2-bd6e-33daa446e63d_1000.jpg!m_fill,w_280,h_210,f_jpg?from=ke.com
20240924,怀柔,怀柔,101125712197,龍祥小區满五唯一三室两厅一厨两卫,345万,26482元/平,底层 (共6层) 3室2厅 | 130.28平米 | 南 北,https://ke-image.ljcdn.com/110000-inspection/8948b9ec-9fb0-4f6f-8fe6-e5073f1dfbd3_1000.jpg!m_fill,w_280,h_210,f_jpg?from=ke.com
20240924,怀柔,怀柔,101125711840,美丽家园 中间层 南北通透两居 自住有地下室,220万,23888元/平,中楼层 (共6层) | 2000年 | 2室2厅 | 92.1平米 | 南 北,https://ke-image.ljcdn.com/110000-inspection/6322434e-2148-4926-a426-0af4224ff2dc_1000.jpg!m_fill,w_280,h_210,f_jpg?from=ke.com
20240924,怀柔,怀柔,101125711781,光织谷东区客厅通阳台户型纯南户型电梯房,205万,22247元/平,低楼层 (共6层) | 2013年 | 2室1厅 | 92.15平米 | 南,https://ke-image.ljcdn.com/110000-inspection/4a60b6b1-3088-459b-8e03-6fcc89888175_1000.jpg!m_fill,w_280,h_210,f_jpg?from=ke.com
20240924,怀柔,怀柔,101125704453,满五唯一南北通透健身楼层采光好,160万,22877元/平,顶层 (共5层) 2室1厅 | 69.94平米 | 南 西 北,https://ke-image.ljcdn.com/110000-inspection/9fa3b7e3-681d-45c7-8194-5379adf46279_1000.jpg!m_fill,w_280,h_210,f_jpg?from=ke.com
20240924,怀柔,怀柔,101125680611,开放路 三层无遮挡看房随时有钥匙,196万,19296元/平,中楼层 (共5层) | 2003年 | 3室2厅 | 101.58平米 | 东 西 北,https://ke-image.ljcdn.com/110000-inspection/e388b038-91f2-40a3-9c57-514bbd582cbd_1000.jpg!m_fill,w_280,h_210,f_jpg?from=ke.com
20240924,怀柔,怀柔,101125678343,小中富乐二区好楼层精装修 大三居 业主诚意出售,308万,25749元/平,中楼层 (共6层) 3室1厅 | 119.62平米 | 南 北,https://ke-image.ljcdn.com/110000-inspection/pc1_DLQ5aEDqP_1.jpg!m_fill,w_280,h_210,f_jpg?from=ke.com
20240924,怀柔,怀柔,101125656397,南华园四区 南北通透两居室 诚意出售,149万,20907元/平,顶层 (共6层) 2室1厅 | 71.27平米 | 南 北,https://ke-image.ljcdn.com/110000-inspection/5c3fc44e-83ca-4c76-9ad4-c1881242933e_1000.jpg!m_fill,w_280,h_210,f_jpg?from=ke.com
20240924,怀柔,怀柔,101125655111,富乐社区一号院南北东三面采光装修干净整洁,158万,20317元/平,中楼层 (共6层) 3室1厅 | 77.77平米 | 东 南 北,https://ke-image.ljcdn.com/110000-inspection/35e4f25c-2643-4f2b-8e34-8d34db6c32d4_1000.jpg!m_fill,w_280,h_210,f_jpg?from=ke.com
20240924,怀柔,怀柔,101125652136,2013年电梯房社区纯南朝向采光充足环境好怀柔,260万,27177元/平,顶层 (共6层) | 2013年 | 2室1厅 | 95.67平米 | 南,https://ke-image.ljcdn.com/110000-inspection/1ac8ab16-6f33-44d4-b6b3-c19ca3c0f33d_1000.jpg!m_fill,w_280,h_210,f_jpg?from=ke.com
20240924,怀柔,怀柔,101125637506,小中富乐二区 3室1厅 南 北,245万,26330元/平,中楼层 (共6层) | 1996年 | 3室1厅 | 93.05平米 | 南 北,https://ke-image.ljcdn.com/110000-inspection/b5b21adf-c7e4-4c22-b76c-78a404b48c77_1000.jpg!m_fill,w_280,h_210,f_jpg?from=ke.com
20240924,怀柔,怀柔,101125621040,欧郡香水城 2室1厅 南 北,240万,25296元/平,低楼层 (共3层) | 2009年 | 2室1厅 | 94.88平米 | 南 北,https://ke-image.ljcdn.com/110000-inspection/53b9a4d7-3d7f-4493-af25-03e1a68f8d61_1000.jpg!m_fill,w_280,h_210,f_jpg?from=ke.com
20240924,怀柔,怀柔,101125617019,柏泉庄园雁鸣园B区满五唯一精装修,112万,21157元/平,高楼层 (共13层) 1室1厅 | 52.94平米 | 南,https://ke-image.ljcdn.com/110000-inspection/5f6bfd31-3ee9-463d-8d95-5dc2f4f331ee_1000.jpg!m_fill,w_280,h_210,f_jpg?from=ke.com
20240924,怀柔,怀柔,101125605259,栖美园  精装修 南北通透 低楼层,325万,22288元/平,低楼层 (共6层) 3室2厅 | 145.82平米 | 南 西 北,https://ke-image.ljcdn.com/110000-inspection/89a6b830-c35f-4047-8d75-85e148f09862_1000.jpg!m_fill,w_280,h_210,f_jpg?from=ke.com
20240924,怀柔,怀柔,101125602726,新新家园 电梯房 诚意出售 可随时签约,285万,33013元/平,中楼层 (共15层) | 2017年 | 2室1厅 | 86.33平米 | 西,https://ke-image.ljcdn.com/110000-inspection/54140009-2d3e-4ed5-a37d-751b77e5ed2f_1000.jpg!m_fill,w_280,h_210,f_jpg?from=ke.com
20240924,怀柔,怀柔,101125600871,裕华园一区 楼层合适 采光通透,85万,17165元/平,高楼层 (共15层) | 2014年 | 1室1厅 | 49.52平米 | 南,https://ke-image.ljcdn.com/110000-inspection/4ff05fb3-1aa0-4874-a21b-de07bb970bc5_1000.jpg!m_fill,w_280,h_210,f_jpg?from=ke.com
20240924,怀柔,怀柔,101125597025,此房满五南北通透格局视野宽阔采光充足.,255万,29545元/平,低楼层 (共6层) 2室1厅 | 86.31平米 | 南 北,https://ke-image.ljcdn.com/110000-inspection/efbf8a49-f2ee-44c5-8853-85ab85a9df94_1000.jpg!m_fill,w_280,h_210,f_jpg?from=ke.com
20240924,怀柔,怀柔,101125592839,金台园   三居室   4层   采光亮堂,199万,27257元/平,中楼层 (共6层) 3室1厅 | 73.01平米 | 南 北,https://ke-image.ljcdn.com/110000-inspection/f378cb87-dccd-4d1c-83c8-1e06235c96a9_1000.jpg!m_fill,w_280,h_210,f_jpg?from=ke.com
20240924,怀柔,怀柔,101125590448,南马道新上三居室中间楼层采光好无遮挡。,200万,28434元/平,中楼层 (共6层) 3室1厅 | 70.34平米 | 南 北,https://ke-image.ljcdn.com/110000-inspection/9d7ca581-8956-4dc3-a1ab-dcd461e051bf_1000.jpg!m_fill,w_280,h_210,f_jpg?from=ke.com
20240924,怀柔,怀柔,101125583531,裕华园一区 1室1厅 南,87万,17056元/平,中楼层 (共15层) | 2014年 | 1室1厅 | 51.01平米 | 南,https://ke-image.ljcdn.com/110000-inspection/563083fa-066c-4341-ba02-617c8d4ed831_1000.jpg!m_fill,w_280,h_210,f_jpg?from=ke.com
20240924,怀柔,怀柔,101125573862,小中富乐二区把西边客厅带窗。全明格局,182万,21097元/平,顶层 (共6层) 3室1厅 | 86.27平米 | 南 北,https://ke-image.ljcdn.com/110000-inspection/179eedf0-2f90-453c-950d-612655396581_1000.jpg!m_fill,w_280,h_210,f_jpg?from=ke.com
20240924,怀柔,怀柔,101125555623,府前观邸    大三居室    精装修,400万,30428元/平,中楼层 (共12层) 3室2厅 | 131.46平米 | 东 西,https://ke-image.ljcdn.com/110000-inspection/f8a1a83c-0959-4311-8229-52fdf6d463ee_1000.jpg!m_fill,w_280,h_210,f_jpg?from=ke.com
20240924,怀柔,怀柔,101125553281,世嘉光织谷东区全南户型 一居,180万,22439元/平,中楼层 (共6层) | 2013年 | 1室1厅 | 80.22平米 | 南,https://ke-image.ljcdn.com/110000-inspection/23505f62-f21d-4ce6-b98b-55f1e8e20318_1000.jpg!m_fill,w_280,h_210,f_jpg?from=ke.com
20240924,怀柔,怀柔,101125549705,顶秀美泉小镇C区 1层2居室全明格局。,220万,24302元/平,底层 (共5层) 2室1厅 | 90.53平米 | 南 北,https://ke-image.ljcdn.com/110000-inspection/d22fe686-d9e8-44e7-865a-9c001b299827_1000.jpg!m_fill,w_280,h_210,f_jpg?from=ke.com
20240924,怀柔,怀柔,101125546351,益田影人 高层 电梯房 五居三卫 房龄新 采光好,485万,22664元/平,高楼层 (共8层) | 2012年 | 5室2厅 | 214平米 | 南 北,https://ke-image.ljcdn.com/110000-inspection/972cf355-36a1-4ea9-afa2-fc0bba795903_1000.jpg!m_fill,w_280,h_210,f_jpg?from=ke.com
20240924,怀柔,怀柔,101125546044,世嘉光织谷东区 精装修两居室 小区中间位置 不临街房主自荐,239万,25121元/平,中楼层 (共6层) | 2013年 | 2室1厅 | 95.14平米 | 南,https://ke-image.ljcdn.com/110000-inspection/d2286b81-cf5b-4bad-9c81-72382dddfca3_1000.jpg!m_fill,w_280,h_210,f_jpg?from=ke.com
20240924,怀柔,怀柔,101125538471,梦想家园西区南北通透客厅朝南通阳台户型采光好,155万,17646元/平,底层 (共15层) | 2014年 | 2室1厅 | 87.84平米 | 南 北,https://ke-image.ljcdn.com/110000-inspection/5bf5aa72-7306-464c-968a-7426b372f151_1000.jpg!m_fill,w_280,h_210,f_jpg?from=ke.com
20240924,怀柔,怀柔,101125536745,于家园二区北院 高层 采光好 室内干净整洁 户型好,170万,23256元/平,高楼层 (共6层) 3室1厅 | 73.1平米 | 南 北,https://ke-image.ljcdn.com/110000-inspection/faec3637-4079-4a84-b528-1baf0e1f9cb5_1000.jpg!m_fill,w_280,h_210,f_jpg?from=ke.com
20240924,怀柔,怀柔,101125535577,城中心  三居室   4层  看房子方便,165万,23348元/平,中楼层 (共6层) 3室1厅 | 70.67平米 | 南 北,https://ke-image.ljcdn.com/110000-inspection/ac3c4092-40d4-4b6c-8084-6538b1d68d4a_1000.jpg!m_fill,w_280,h_210,f_jpg?from=ke.com
20240924,怀柔,怀柔,101125507580,家天下 3室2厅2卫 次顶层 业主诚意出售,345万,31972元/平,高楼层 (共6层) | 2007年 | 3室2厅 | 107.91平米 | 南 北,https://ke-image.ljcdn.com/110000-inspection/614f874e-d299-4c00-ac35-d17548d7aa22_1000.jpg!m_fill,w_280,h_210,f_jpg?from=ke.com
20240924,怀柔,怀柔,101125498783,金善名居低楼层南北通透采光好车位充足,158万,19528元/平,底层 (共6层) 2室1厅 | 80.91平米 | 南 北,https://ke-image.ljcdn.com/110000-inspection/1e308953-2cd0-46fe-a939-19cc73deaa5d_1000.jpg!m_fill,w_280,h_210,f_jpg?from=ke.com
20240924,怀柔,怀柔,101125495554,东关一区2居把边户型南北通透采光无遮挡。,192万,24447元/平,顶层 (共6层) 2室1厅 | 78.54平米 | 南 北,https://ke-image.ljcdn.com/110000-inspection/58a8dde8-435e-4613-bfd4-6e4e0a748583_1000.jpg!m_fill,w_280,h_210,f_jpg?from=ke.com
20240924,怀柔,怀柔,101125487133,富乐二区 低层 正规三居 南北通透 房龄新 采光好,260万,29889元/平,底层 (共6层) 3室1厅 | 86.99平米 | 南 北,https://ke-image.ljcdn.com/110000-inspection/febf1c0d-3925-4c30-8926-54a832aadeb8_1000.jpg!m_fill,w_280,h_210,f_jpg?from=ke.com
20240924,怀柔,怀柔,101125485723,成熟社区 南北通透 位置优越 停车方便 交通便利,340万,33794元/平,中楼层 (共6层) 3室1厅 | 100.61平米 | 南 北,https://ke-image.ljcdn.com/110000-inspection/fe3e4b05-66ed-4a56-b329-d1766aacdab1_1000.jpg!m_fill,w_280,h_210,f_jpg?from=ke.com
20240924,怀柔,怀柔,101125477070,梦想家园东区精装修三居室电梯房观景好楼层！,230万,22352元/平,高楼层 (共15层) 3室2厅 | 102.9平米 | 南 北,https://ke-image.ljcdn.com/110000-inspection/c96bfb6b-ddcd-4ebe-82ee-e55de3d9e671_1000.jpg!m_fill,w_280,h_210,f_jpg?from=ke.com
20240924,怀柔,怀柔,101125474393,柏泉庄园雁舞园A区 3室1厅 南 北,280万,23051元/平,中楼层 (共11层) | 2013年 | 3室1厅 | 121.47平米 | 南 北,https://ke-image.ljcdn.com/110000-inspection/05aa8e69-77aa-4fcb-a7d1-0a07d73a6465_1000.jpg!m_fill,w_280,h_210,f_jpg?from=ke.com
20240924,怀柔,怀柔,101125471949,顶秀美泉A区   三居室  业主人好,280万,25034元/平,顶层 (共4层) | 2010年 | 3室2厅 | 111.85平米 | 南 北,https://ke-image.ljcdn.com/110000-inspection/69cc9d6e-858e-49ad-84a3-3682cbc294d9_1000.jpg!m_fill,w_280,h_210,f_jpg?from=ke.com
20240924,怀柔,怀柔,101125467487,湖光小区  精装修  采光充足 配套完善,170万,25253元/平,中楼层 (共5层) 2室1厅 | 67.32平米 | 南 北,https://ke-image.ljcdn.com/110000-inspection/9d1d864f-df5e-447f-a622-fff944e3738f_1000.jpg!m_fill,w_280,h_210,f_jpg?from=ke.com
20240924,怀柔,怀柔,101125461700,世嘉光织谷西区 2室2厅 南 北,278万,24782元/平,中楼层 (共6层) | 2012年 | 2室2厅 | 112.18平米 | 南 北,https://ke-image.ljcdn.com/110000-inspection/167a5604-7068-41fc-b064-8cebe0b51d3e_1000.jpg!m_fill,w_280,h_210,f_jpg?from=ke.com
20240924,怀柔,怀柔,101125461312,青春路一院 中层 正规两居 南北通透 采光好,190万,31276元/平,中楼层 (共6层) 2室1厅 | 60.75平米 | 南 北,https://ke-image.ljcdn.com/110000-inspection/d7132eda-ab18-4eab-a1f9-f0391183d698_1000.jpg!m_fill,w_280,h_210,f_jpg?from=ke.com
20240924,怀柔,怀柔,101125459284,新元居小区 3室1厅 南 北,216万,24616元/平,底层 (共5层) 3室1厅 | 87.75平米 | 南 北,https://ke-image.ljcdn.com/110000-inspection/482d6b85-5f73-48d1-9196-825ac7af6be5_1000.jpg!m_fill,w_280,h_210,f_jpg?from=ke.com
20240924,怀柔,怀柔,101125457119,富乐社区一号院 3室1厅 南 北,252万,27726元/平,低楼层 (共6层) 3室1厅 | 90.89平米 | 南 北,https://ke-image.ljcdn.com/110000-inspection/337df608-44ea-4757-92e8-b7c27c9ac407_1000.jpg!m_fill,w_280,h_210,f_jpg?from=ke.com
20240924,怀柔,怀柔,101125456078,府前观邸电梯房三居室双卧朝南百万装修有个出租车位,535万,40821元/平,高楼层 (共12层) 3室2厅 | 131.06平米 | 南 北,https://ke-image.ljcdn.com/110000-inspection/ce4024ea-43fc-475a-8cf9-c0a7085e194a_1000.jpg!m_fill,w_280,h_210,f_jpg?from=ke.com
20240924,怀柔,怀柔,101125453829,东园南区 3室1厅 南 北,213万,26473元/平,中楼层 (共6层) | 1995年 | 3室1厅 | 80.46平米 | 南 北,https://ke-image.ljcdn.com/110000-inspection/602f3eca-0100-4b28-8d1d-c318054c79a0_1000.jpg!m_fill,w_280,h_210,f_jpg?from=ke.com
20240924,怀柔,怀柔,101125445441,后横街小区 低楼层 视野开阔 采光充足 南北通透,289万,28869元/平,低楼层 (共6层) 3室2厅 | 100.11平米 | 南 北,https://ke-image.ljcdn.com/110000-inspection/1e3196e3-c59a-424d-b9a0-77b728ef7013_1000.jpg!m_fill,w_280,h_210,f_jpg?from=ke.com
20240924,怀柔,怀柔,101125441033,府前观邸 望日出东方&水库 观内花园&万达 高楼层房主自荐,490万,34632元/平,高楼层 (共12层) | 2012年 | 3室2厅 | 141.49平米 | 东 西,https://ke-image.ljcdn.com/110000-inspection/a8429c79-b01e-42be-a184-63e63ac62e89_1000.jpg!m_fill,w_280,h_210,f_jpg?from=ke.com
20240924,怀柔,怀柔,101125437548,馥郁苑小区环境优美户型方正停车方便,258万,30954元/平,中楼层 (共6层) 3室1厅 | 83.35平米 | 南 北,https://ke-image.ljcdn.com/110000-inspection/54375908-0cec-4ce1-9830-871f02175ac9_1000.jpg!m_fill,w_280,h_210,f_jpg?from=ke.com
20240924,怀柔,怀柔,101125430226,拎包入住两居室 成熟社区 配套完善 随时签,165万,23742元/平,顶层 (共6层) 2室1厅 | 69.5平米 | 南,https://ke-image.ljcdn.com/110000-inspection/f07e0f54-be60-4816-bff1-a454a3edd06f_1000.jpg!m_fill,w_280,h_210,f_jpg?from=ke.com
20240924,怀柔,怀柔,101125402289,湖光小区 南北通透  采光好  无遮挡,135万,22489元/平,顶层 (共5层) | 1984年 | 2室1厅 | 60.03平米 | 南 北,https://ke-image.ljcdn.com/110000-inspection/9146b02b-626a-41e2-92fa-2fc0bb457199_1000.jpg!m_fill,w_280,h_210,f_jpg?from=ke.com
20240924,怀柔,怀柔,101125401987,小中富乐二区交通便利配套设施完备宽敞明亮,175万,18971元/平,顶层 (共6层) | 1996年 | 3室2厅 | 92.25平米 | 南 北,https://ke-image.ljcdn.com/110000-inspection/63fb92aa-acc0-411c-a712-5cc5de930fdb_1000.jpg!m_fill,w_280,h_210,f_jpg?from=ke.com
20240924,怀柔,怀柔,101125399208,东园 2000年房子 一居室 朝南 采光好 车位多,130万,25092元/平,顶层 (共6层) 1室1厅 | 51.81平米 | 南,https://ke-image.ljcdn.com/110000-inspection/2a9389e2-8d73-4c99-aedf-aa5b193ba751_1000.jpg!m_fill,w_280,h_210,f_jpg?from=ke.com
20240924,怀柔,怀柔,101125391978,水岸雁栖 水岸雁栖,560万,39371元/平,顶层 (共5层) | 2021年 | 4室1厅 | 142.24平米 | 北 南,https://ke-image.ljcdn.com/110000-inspection/f4ed8dc1-6446-4596-89ed-57fb2d2fa9a6_1000.jpg!m_fill,w_280,h_210,f_jpg?from=ke.com
20240924,怀柔,怀柔,101125391261,礼贤街 楼层合适 看房方便 诚意出售,136万,26693元/平,低楼层 (共6层) 2室1厅 | 50.95平米 | 南 北,https://ke-image.ljcdn.com/110000-inspection/2920ef46-5526-4e7d-9ee2-5094d32f731f_1000.jpg!m_fill,w_280,h_210,f_jpg?from=ke.com
20240924,怀柔,怀柔,101125389637,南北通透格局好视野开阔采光充足配套齐全交通便,180万,20523元/平,中楼层 (共15层) 2室1厅 | 87.71平米 | 南 北,https://ke-image.ljcdn.com/110000-inspection/45494ad5-60ad-4d30-88a2-bce9d6df46bb_1000.jpg!m_fill,w_280,h_210,f_jpg?from=ke.com
20240924,怀柔,怀柔,101125371082,金善名居 低楼层 南北通透 精装修 可贷款,165万,21714元/平,低楼层 (共6层) | 2009年 | 2室1厅 | 75.99平米 | 南 北,https://ke-image.ljcdn.com/110000-inspection/754ceed8-efcb-49af-9312-013bfc39ca33_1000.jpg!m_fill,w_280,h_210,f_jpg?from=ke.com
20240924,怀柔,怀柔,101125365395,幸福东园2号院3-1-1-1 99.44㎡,185万,18605元/平,顶层 (共6层) 3室1厅 | 99.44平米 | 南 北,https://ke-image.ljcdn.com/110000-inspection/33330872-c59f-414c-977c-800a898d66bd_1000.jpg!m_fill,w_280,h_210,f_jpg?from=ke.com
20240924,怀柔,怀柔,101125364234,新新家园小区 二居室 人车分流  业主诚意出售,279万,31125元/平,低楼层 (共16层) 2室1厅 | 89.64平米 | 南,https://ke-image.ljcdn.com/110000-inspection/fab709dc-0707-4523-9dc8-a5126eb6b5d6_1000.jpg!m_fill,w_280,h_210,f_jpg?from=ke.com
20240924,怀柔,怀柔,101125363394,于家园二区南院 2室1厅 南,110万,21843元/平,中楼层 (共6层) | 1998年 | 2室1厅 | 50.36平米 | 南,https://ke-image.ljcdn.com/110000-inspection/974bd54e-9bec-4382-8e7e-138d93516c8f_1000.jpg!m_fill,w_280,h_210,f_jpg?from=ke.com
20240924,怀柔,怀柔,101125350539,富乐北里 南北通透 楼层好 采光充足,149万,20501元/平,中楼层 (共5层) 3室1厅 | 72.68平米 | 南 北,https://ke-image.ljcdn.com/110000-inspection/387d39e0-cc61-4776-8872-3418affd82b0_1000.jpg!m_fill,w_280,h_210,f_jpg?from=ke.com
20240924,怀柔,怀柔,101125342894,东亚华欣湾 3室2厅 东,159万,14995元/平,低楼层 (共6层) 3室2厅 | 106.04平米 | 东,https://ke-image.ljcdn.com/110000-inspection/78b3c803-b98e-40e3-aaaa-2b2796308ffd_1000.jpg!m_fill,w_280,h_210,f_jpg?from=ke.com
20240924,怀柔,怀柔,101125337319,南华园一区怀柔城中心客厅通阳台两居,260万,27728元/平,中楼层 (共6层) 2室1厅 | 93.77平米 | 南 北,https://ke-image.ljcdn.com/110000-inspection/bc3d940b-ece7-4213-94c9-e07766089fde_1000.jpg!m_fill,w_280,h_210,f_jpg?from=ke.com
20240924,怀柔,怀柔,101125334849,融城园北区 满五唯一 交通便利,230万,22006元/平,底层 (共6层) 3室2厅 | 104.52平米 | 南 北,https://ke-image.ljcdn.com/110000-inspection/3b63d122-bf88-4b4b-8e4a-76c62ab0ca6e_1000.jpg!m_fill,w_280,h_210,f_jpg?from=ke.com
20240924,怀柔,怀柔,101125331336,幸福东园精装修三居室可拎包入住看房随时,149万,18142元/平,高楼层 (共6层) 3室1厅 | 82.13平米 | 南 北,https://ke-image.ljcdn.com/110000-inspection/7e50e4e9-f722-465a-bbce-23bab076815d_1000.jpg!m_fill,w_280,h_210,f_jpg?from=ke.com
20240924,怀柔,怀柔,101125330086,小中富乐二区 3室1厅 南 北,258万,27772元/平,低楼层 (共6层) 3室1厅 | 92.9平米 | 南 北,https://ke-image.ljcdn.com/110000-inspection/dd661040-ef0b-4acb-a4c0-05c4901ee64f_1000.jpg!m_fill,w_280,h_210,f_jpg?from=ke.com
20240924,怀柔,怀柔,101125330174,于家园一区   三居室  客厅通过阳台,200万,20611元/平,中楼层 (共6层) 3室1厅 | 97.04平米 | 南 北,https://ke-image.ljcdn.com/110000-inspection/ada79cfc-bee9-4834-b541-163d9b716095_1000.jpg!m_fill,w_280,h_210,f_jpg?from=ke.com
20240924,怀柔,怀柔,101125329094,天韵家园精装修中间楼层南北通透2居室房主自荐,295万,32297元/平,中楼层 (共6层) 2室1厅 | 91.34平米 | 南 北,https://ke-image.ljcdn.com/110000-inspection/68442b54-3dd7-4b45-ab2d-fe9ba784ca09_1000.jpg!m_fill,w_280,h_210,f_jpg?from=ke.com
20240924,怀柔,怀柔,101125326710,于家园一区 3室2厅 南 北,350万,28391元/平,底层 (共6层) 3室2厅 | 123.28平米 | 南 北,https://ke-image.ljcdn.com/110000-inspection/5edd0605-48a1-4d74-ba0d-8f8b4018a76e_1000.jpg!m_fill,w_280,h_210,f_jpg?from=ke.com
20240924,怀柔,怀柔,101125325509,小区位于怀柔城区莲馨苑南北通透三居室视野开阔。,230万,23144元/平,顶层 (共6层) 3室1厅 | 99.38平米 | 南 北,https://ke-image.ljcdn.com/110000-inspection/3e8c9bcf-4f4d-4100-b3c6-5e0502b28cb1_1000.jpg!m_fill,w_280,h_210,f_jpg?from=ke.com
20240924,怀柔,怀柔,101125316804,礼贤街诚意出售满五ph唯一采光好,258万,24761元/平,顶层 (共6层) | 2003年 | 3室2厅 | 104.2平米 | 南 北,https://ke-image.ljcdn.com/110000-inspection/0e3f07bb-6781-4af2-a638-4f2586e11e80_1000.jpg!m_fill,w_280,h_210,f_jpg?from=ke.com
20240924,怀柔,怀柔,101125310645,融城园北区 2室2厅 北 南,175万,21897元/平,底层 (共6层) 2室2厅 | 79.92平米 | 北 南,https://ke-image.ljcdn.com/110000-inspection/ce80dbe6-cbe6-440c-8d4b-d857690091ca_1000.jpg!m_fill,w_280,h_210,f_jpg?from=ke.com
20240924,怀柔,怀柔,101125309131,小中富乐二区 3室1厅 南 北,190万,22094元/平,顶层 (共6层) 3室1厅 | 86平米 | 南 北,https://ke-image.ljcdn.com/110000-inspection/41e7ffea-a58b-4d33-bbc4-82127bb8da83_1000.jpg!m_fill,w_280,h_210,f_jpg?from=ke.com
20240924,怀柔,怀柔,101125303447,此房南北通透采光好楼龄新电梯房,206万,20328元/平,低楼层 (共14层) 2室1厅 | 101.34平米 | 南 北,https://ke-image.ljcdn.com/110000-inspection/9ae774b1-0639-41d4-92fa-029bce90fdcb_1000.jpg!m_fill,w_280,h_210,f_jpg?from=ke.com
20240924,怀柔,怀柔,101125296390,迎宾北路 低楼层 南北通透三居室 无遮挡,263万,24025元/平,中楼层 (共5层) | 1995年 | 3室2厅 | 109.47平米 | 南 北,https://ke-image.ljcdn.com/110000-inspection/23202544-bf09-4bf3-a3ef-e7759873841c_1000.jpg!m_fill,w_280,h_210,f_jpg?from=ke.com
20240924,怀柔,怀柔,101125298200,东关一区 低楼层 优质房源 楼龄新,210万,26814元/平,底层 (共6层) 3室1厅 | 78.32平米 | 南 北,https://ke-image.ljcdn.com/110000-inspection/c0001a24-1beb-4906-89cb-27cf22111e01_1000.jpg!m_fill,w_280,h_210,f_jpg?from=ke.com
20240924,怀柔,怀柔,101125295619,府前东街小区 满五唯一 南北通透 采光充足,200万,23283元/平,顶层 (共6层) 3室1厅 | 85.9平米 | 南 北,https://ke-image.ljcdn.com/110000-inspection/bd9faf4e-7b62-483d-9198-c3fc0d603a07_1000.jpg!m_fill,w_280,h_210,f_jpg?from=ke.com
20240924,怀柔,怀柔,101125287326,梦想家园南北通透大两居无遮挡,170万,19205元/平,中楼层 (共14层) | 2014年 | 2室2厅 | 88.52平米 | 南 北,https://ke-image.ljcdn.com/110000-inspection/bc81aad5-8c28-474d-87b5-14fd2cd599e6_1000.jpg!m_fill,w_280,h_210,f_jpg?from=ke.com
20240924,怀柔,怀柔,101125280874,后横街小区全明户型中间楼层采光好繁华地段。,125万,23901元/平,中楼层 (共6层) 2室1厅 | 52.3平米 | 东 北,https://ke-image.ljcdn.com/110000-inspection/251a2642-fd13-4796-af08-6ced4e72be85_1000.jpg!m_fill,w_280,h_210,f_jpg?from=ke.com
20240924,怀柔,怀柔,101125275404,迎宾中路精装修全明格局诚意卖,230万,31456元/平,底层 (共6层) 3室1厅 | 73.12平米 | 南 北,https://ke-image.ljcdn.com/110000-inspection/d11e5b39-9040-4150-8135-8c85fc913ab4_1000.jpg!m_fill,w_280,h_210,f_jpg?from=ke.com
20240924,怀柔,怀柔,101125269952,府前观邸南北通透两居室楼层好,320万,33096元/平,中楼层 (共10层) 2室1厅 | 96.69平米 | 南 北,https://ke-image.ljcdn.com/110000-inspection/bcdcc504-de60-4e3e-8f0f-fc4ca2d3c09c_1000.jpg!m_fill,w_280,h_210,f_jpg?from=ke.com
20240924,怀柔,怀柔,101125268619,于家园低楼层南北通透三居室 随时可看,230万,26349元/平,低楼层 (共6层) 3室1厅 | 87.29平米 | 南 北,https://ke-image.ljcdn.com/110000-inspection/c09da078-4e8d-4cd2-8e95-3a98f4559eba_1000.jpg!m_fill,w_280,h_210,f_jpg?from=ke.com
20240924,怀柔,怀柔,101125263204,迎宾中路甲27号三层商铺大产权,400万,24458元/平,中楼层 (共4层) 3室1厅 | 163.55平米 | 东 西,https://ke-image.ljcdn.com/110000-inspection/981c10cb-59dd-4b74-b711-98143197f19a_1000.jpg!m_fill,w_280,h_210,f_jpg?from=ke.com
20240924,怀柔,怀柔,101125253928,青春路七院 南北通透 满五唯一 业主诚意卖,140万,23114元/平,顶层 (共4层) 2室1厅 | 60.57平米 | 南 北,https://ke-image.ljcdn.com/110000-inspection/715237f2-3b45-4e01-b78c-1dd50737e013_1000.jpg!m_fill,w_280,h_210,f_jpg?from=ke.com
20240924,怀柔,怀柔,101125245001,北园一区,260万,31774元/平,中楼层 (共6层) 3室1厅 | 81.83平米 | 南 北,https://ke-image.ljcdn.com/110000-inspection/8fdb6e18-14fb-45d0-8011-d3f242affe59_1000.jpg!m_fill,w_280,h_210,f_jpg?from=ke.com
20240924,怀柔,怀柔,101125242888,水岸雁栖次顶层大四居双卫纯毛坯诚意卖,489万,34386元/平,高楼层 (共6层) | 2021年 | 4室1厅 | 142.21平米 | 南 北,https://ke-image.ljcdn.com/110000-inspection/caada101-35e9-4931-b2b8-0f100ad33c5c_1000.jpg!m_fill,w_280,h_210,f_jpg?from=ke.com
20240924,怀柔,怀柔,101125238812,南华园四区  三居室  南北通通 业主诚意出售,185万,22561元/平,低楼层 (共6层) 3室1厅 | 82平米 | 南 北,https://ke-image.ljcdn.com/110000-inspection/5159ed57-2c0f-4fa3-94c5-79d08cf44e25_1000.jpg!m_fill,w_280,h_210,f_jpg?from=ke.com
20240924,怀柔,怀柔,101125201102,怀柔科学城 花园洋房 顶秀美泉小镇C区 大三居,358万,25603元/平,中楼层 (共4层) 3室2厅 | 139.83平米 | 南 北,https://ke-image.ljcdn.com/110000-inspection/71fcf848-1063-4816-9db2-f5310e6e21c9_1000.jpg!m_fill,w_280,h_210,f_jpg?from=ke.com
20240924,怀柔,怀柔,101125200679,府前东街九院~三居室~客厅和卫生间都有窗户,209万,28792元/平,高楼层 (共6层) 3室1厅 | 72.59平米 | 南 北,https://ke-image.ljcdn.com/110000-inspection/721f86af-75c8-4043-bae7-24c0513e78fe_1000.jpg!m_fill,w_280,h_210,f_jpg?from=ke.com
20240924,怀柔,怀柔,101125199280,梅苑花园中间楼层三居南北通透正规三居,280万,31557元/平,中楼层 (共6层) 3室1厅 | 88.73平米 | 南 北,https://ke-image.ljcdn.com/110000-inspection/3bed53ba-cf18-4bb2-bd46-5542cad38f3f_1000.jpg!m_fill,w_280,h_210,f_jpg?from=ke.com
20240924,怀柔,怀柔,101125199269,梦想家园东区 精装修 满五唯一  诚意出售,200万,19418元/平,底层 (共15层) 3室2厅 | 103平米 | 南 北 东,https://ke-image.ljcdn.com/110000-inspection/dfc9fc81-8149-4d0d-bc9d-9c1b7a951014_1000.jpg!m_fill,w_280,h_210,f_jpg?from=ke.com
20240924,怀柔,怀柔,101125198363,南华园三区低楼层三居室南北通透适合居住,188万,22275元/平,底层 (共5层) | 2002年 | 3室1厅 | 84.4平米 | 南 北,https://ke-image.ljcdn.com/110000-inspection/e8f6d0e4-85f4-4f86-8e77-5f2e0e42b6f2_1000.jpg!m_fill,w_280,h_210,f_jpg?from=ke.com
20240924,怀柔,怀柔,101125196561,小中富乐二区 3室1厅 南 北,300万,28936元/平,低楼层 (共6层) 3室1厅 | 103.68平米 | 南 北,https://ke-image.ljcdn.com/110000-inspection/6d5d39b1-0df9-4cad-b082-bd0f4b0ab766_1000.jpg!m_fill,w_280,h_210,f_jpg?from=ke.com
20240924,怀柔,怀柔,101125189371,青春苑西区 低楼层边户 南北通透三居 满五唯一房主自荐,289万,28580元/平,底层 (共6层) | 2000年 | 3室1厅 | 101.12平米 | 南 北,https://ke-image.ljcdn.com/110000-inspection/fdbda145-6a33-4243-872a-6bf2e1f669cc_1000.jpg!m_fill,w_280,h_210,f_jpg?from=ke.com
20240924,怀柔,怀柔,101125165787,龙湖花园  南北通透 精装修婚房,188万,23079元/平,高楼层 (共6层) 2室1厅 | 81.46平米 | 南 北,https://ke-image.ljcdn.com/110000-inspection/d1973158-5b66-44d7-ba70-0f0922f30f4e_1000.jpg!m_fill,w_280,h_210,f_jpg?from=ke.com
20240924,怀柔,怀柔,101125152429,柏泉庄园雁鸣园B区电梯房观景好楼层采光好,176万,21028元/平,高楼层 (共12层) 2室1厅 | 83.7平米 | 南,https://ke-image.ljcdn.com/110000-inspection/e3d4bb5b-d0f1-4fd1-9d83-f695ab3a9e6f_1000.jpg!m_fill,w_280,h_210,f_jpg?from=ke.com
20240924,怀柔,怀柔,101125152116,康馨家园   三居室  客厅通阳台  全屋定制,338万,32896元/平,中楼层 (共6层) 3室2厅 | 102.75平米 | 南 北,https://ke-image.ljcdn.com/110000-inspection/7730a7d9-57a4-4f37-a37b-1c7473383f12_1000.jpg!m_fill,w_280,h_210,f_jpg?from=ke.com
20240924,怀柔,怀柔,101125137241,家天下  健身楼层 双卫 客厅朝南   精装修,290万,30146元/平,高楼层 (共6层) 2室1厅 | 96.2平米 | 南 北,https://ke-image.ljcdn.com/110000-inspection/684df46e-76dc-47b1-9e02-8fdd8fb9167e_1000.jpg!m_fill,w_280,h_210,f_jpg?from=ke.com
20240924,怀柔,怀柔,101125133734,满五唯一于家园一区业主诚意出售,205万,26175元/平,中楼层 (共6层) 3室1厅 | 78.32平米 | 南 北,https://ke-image.ljcdn.com/110000-inspection/5c4c9d58-165e-4303-b4fb-b772fbcf69db_1000.jpg!m_fill,w_280,h_210,f_jpg?from=ke.com
20240924,怀柔,怀柔,101125133490,翠竹园小区 3室2厅 南 北,320万,29339元/平,顶层 (共6层) 3室2厅 | 109.07平米 | 南 北,https://ke-image.ljcdn.com/110000-inspection/88c8d144-ba77-4e58-b278-7f91fc7d055d_1000.jpg!m_fill,w_280,h_210,f_jpg?from=ke.com
20240924,怀柔,怀柔,101125124221,楼层采光好南北双通大阳台满五唯一,160万,19456元/平,中楼层 (共6层) 3室1厅 | 82.24平米 | 南 北,https://ke-image.ljcdn.com/110000-inspection/pc1_Mh06Lt3dd.jpg!m_fill,w_280,h_210,f_jpg?from=ke.com
20240924,怀柔,怀柔,101125122230,于家园一区 3室2厅 南 北,310万,25444元/平,高楼层 (共6层) 3室2厅 | 121.84平米 | 南 北,https://ke-image.ljcdn.com/110000-inspection/16c6cd0b-69b1-42b7-9c87-92aa93df1b77_1000.jpg!m_fill,w_280,h_210,f_jpg?from=ke.com
20240924,怀柔,怀柔,101125117693,怡安园小区满五唯一精装修三居室采光很好。,163万,22527元/平,高楼层 (共6层) 3室1厅 | 72.36平米 | 南 北,https://ke-image.ljcdn.com/110000-inspection/b942f107-4552-4895-9e8b-15d2eb68b801_1000.jpg!m_fill,w_280,h_210,f_jpg?from=ke.com
20240924,怀柔,怀柔,101125116825,裕华园一区高层两居室南向电梯房房主自荐,115万,17496元/平,中楼层 (共15层) 2室1厅 | 65.73平米 | 南,https://ke-image.ljcdn.com/110000-inspection/ecda6347-008f-4301-97f9-629f928d2315_1000.jpg!m_fill,w_280,h_210,f_jpg?from=ke.com
20240924,怀柔,怀柔,101125108846,南华园二区  健身楼层   采光好  格局好,205万,22437元/平,顶层 (共6层) | 1997年 | 3室1厅 | 91.37平米 | 南 北,https://ke-image.ljcdn.com/110000-inspection/99d82308-a213-4c72-afaf-a2b5f13359e8_1000.jpg!m_fill,w_280,h_210,f_jpg?from=ke.com
20240924,怀柔,怀柔,101125107943,东关一区  客厅通阳台格局  满五唯一  诚意出售,310万,29182元/平,中楼层 (共6层) 3室1厅 | 106.23平米 | 南 北,https://ke-image.ljcdn.com/110000-inspection/368d36bd-acee-48bc-9cb7-dd2be8013d9f_1000.jpg!m_fill,w_280,h_210,f_jpg?from=ke.com
20240924,怀柔,怀柔,101125104877,潘家园小区精装修楼层好满五唯一,188万,25694元/平,底层 (共6层) 3室1厅 | 73.17平米 | 南 北,https://ke-image.ljcdn.com/110000-inspection/532801d6-fccf-4dd9-b937-2026f0cd52cf_1000.jpg!m_fill,w_280,h_210,f_jpg?from=ke.com
20240924,怀柔,怀柔,101125098819,纯南两居采光好视野开阔精装修两居客厅开阔,259万,36536元/平,低楼层 (共11层) 2室1厅 | 70.89平米 | 南,https://ke-image.ljcdn.com/110000-inspection/b695f3e3-87fe-4904-89d9-e24b635c3969_1000.jpg!m_fill,w_280,h_210,f_jpg?from=ke.com
20240924,怀柔,怀柔,101125098788,康馨家园精装修房子可直接入住,305万,29552元/平,高楼层 (共6层) 3室2厅 | 103.21平米 | 南 北,https://ke-image.ljcdn.com/110000-inspection/9a825f17-64bd-4740-935f-085d27f60dd0_1000.jpg!m_fill,w_280,h_210,f_jpg?from=ke.com
20240924,怀柔,怀柔,101125093772,潘家园小区 2室1厅 南 北,146万,25887元/平,中楼层 (共6层) | 1992年 | 2室1厅 | 56.4平米 | 南 北,https://ke-image.ljcdn.com/110000-inspection/pc1_1FSOmY2cW_1.jpg!m_fill,w_280,h_210,f_jpg?from=ke.com
20240924,怀柔,怀柔,101125093212,怡安园   2层   精装修   业主诚意出售,148万,20347元/平,低楼层 (共6层) 3室1厅 | 72.74平米 | 南 北,https://ke-image.ljcdn.com/110000-inspection/3db3c7b7-56b2-41b1-91be-2f8bd99cfb8c_1000.jpg!m_fill,w_280,h_210,f_jpg?from=ke.com
20240924,怀柔,怀柔,101125093188,世嘉光织谷西区 两室两厅 现房出售,240万,26022元/平,中楼层 (共6层) 2室2厅 | 92.23平米 | 南 北,https://ke-image.ljcdn.com/110000-inspection/89ac1eff-b48e-417e-a69e-52b1b23895de_1000.jpg!m_fill,w_280,h_210,f_jpg?from=ke.com
20240924,怀柔,怀柔,101125078924,柏泉庄园雁鸣园B区 纯南户型两居室,140万,20176元/平,低楼层 (共13层) 2室1厅 | 69.39平米 | 南,https://ke-image.ljcdn.com/110000-inspection/pc1_0FmE7D8pE.jpg!m_fill,w_280,h_210,f_jpg?from=ke.com
20240924,怀柔,怀柔,101125069719,金台园 高层 正规两居 全明户型 采光好,143万,20538元/平,顶层 (共6层) 2室1厅 | 69.63平米 | 南 西 北,https://ke-image.ljcdn.com/110000-inspection/75094d54-a3dc-4b75-90c9-76e081884d82_1000.jpg!m_fill,w_280,h_210,f_jpg?from=ke.com
20240924,怀柔,怀柔,101125045527,梦想家园西区 电梯房 两室两厅 看房方便,190万,21268元/平,低楼层 (共15层) | 2014年 | 2室2厅 | 89.34平米 | 南 北,https://ke-image.ljcdn.com/110000-inspection/d908fd90-a344-48df-bc5b-87d4f69c11ca_1000.jpg!m_fill,w_280,h_210,f_jpg?from=ke.com
20240924,怀柔,怀柔,101125044625,北京城建·府前龙樾 105平米三居室 精装修 中高,505万,47922元/平,中楼层 (共12层) 3室2厅 | 105.38平米 | 南 北,https://ke-image.ljcdn.com/110000-inspection/56d47f4c-8b43-45a8-8f8a-a53046b88a93_1000.jpg!m_fill,w_280,h_210,f_jpg?from=ke.com
20240924,怀柔,怀柔,101125040030,迎宾中路2号院 房型很板正 家居挺新  尽快出,199万,26849元/平,顶层 (共5层) 2室2厅 | 74.12平米 | 南 北,https://ke-image.ljcdn.com/110000-inspection/f0586142-01c3-4829-bfa2-5db321ecf8f0_1000.jpg!m_fill,w_280,h_210,f_jpg?from=ke.com
20240924,怀柔,怀柔,101125029867,青春路35号院业主诚意出售满五唯一,145万,25346元/平,中楼层 (共5层) 2室1厅 | 57.21平米 | 南 北,https://ke-image.ljcdn.com/110000-inspection/bb4ea205-f761-491e-8070-9ba7dff2644c_1000.jpg!m_fill,w_280,h_210,f_jpg?from=ke.com
20240924,怀柔,怀柔,101124998265,满五唯一南北通透格局号低楼层配套设施齐全,185万,24222元/平,低楼层 (共6层) 3室1厅 | 76.38平米 | 南 北,https://ke-image.ljcdn.com/110000-inspection/pc1_Uqqj3X4mv.jpg!m_fill,w_280,h_210,f_jpg?from=ke.com
20240924,怀柔,怀柔,101124993850,西园 高层 正规三居 南北通透 采光好 房龄新,195万,23418元/平,高楼层 (共6层) 3室1厅 | 83.27平米 | 南 北,https://ke-image.ljcdn.com/110000-inspection/b17df219-c192-4ed8-9440-0862e3795aa4_1000.jpg!m_fill,w_280,h_210,f_jpg?from=ke.com
20240924,怀柔,怀柔,101124993566,安乐馨居电梯房高楼层采光好,125万,19093元/平,高楼层 (共17层) 1室1厅 | 65.47平米 | 南,https://ke-image.ljcdn.com/110000-inspection/pc1_XxR728J4i.jpg!m_fill,w_280,h_210,f_jpg?from=ke.com
20240924,怀柔,怀柔,101124993460,东关一区 南北通透 采光充足 诚意出售,180万,24554元/平,顶层 (共6层) 3室1厅 | 73.31平米 | 南 北,https://ke-image.ljcdn.com/110000-inspection/c7f3dc7b-495d-4a89-8155-46e3de732d3b_1000.jpg!m_fill,w_280,h_210,f_jpg?from=ke.com
20240924,怀柔,怀柔,101124963260,影人峰汇 南北通透 精装修 采光好 拎包入住,214万,16964元/平,中楼层 (共16层) 2室2厅 | 126.15平米 | 南 北,https://ke-image.ljcdn.com/110000-inspection/8dd176cc-5a97-4f2b-9e99-81016f42c2b4_1000.jpg!m_fill,w_280,h_210,f_jpg?from=ke.com
20240924,怀柔,怀柔,101124957109,龍祥小區 满五唯一 精装修 看房效果好,155万,30700元/平,高楼层 (共7层) | 2007年 | 2室1厅 | 50.49平米 | 南 北,https://ke-image.ljcdn.com/110000-inspection/a8571c22-e596-467c-9a55-b3e4902299d7_1000.jpg!m_fill,w_280,h_210,f_jpg?from=ke.com
20240924,怀柔,怀柔,101124956866,梅苑花园 好楼层 南北通透 采光好 环境优美,280万,31689元/平,中楼层 (共6层) 3室1厅 | 88.36平米 | 南 北,https://ke-image.ljcdn.com/110000-inspection/5698e8f4-fca7-4a3e-9e69-b913bde9c7b8_1000.jpg!m_fill,w_280,h_210,f_jpg?from=ke.com
20240924,怀柔,怀柔,101124953441,房龄新电梯房小区环境好生活配套完善交通便利,235万,29394元/平,低楼层 (共15层) | 2017年 | 2室1厅 | 79.95平米 | 西,https://ke-image.ljcdn.com/110000-inspection/54e07b22-27ec-4fa2-93a3-5d844dac6324_1000.jpg!m_fill,w_280,h_210,f_jpg?from=ke.com
20240924,怀柔,怀柔,101124953388,大面宽、短进深、大开窗面享更多阳光视野明厨明卫、,385万,40463元/平,中楼层 (共6层) | 2022年 | 3室1厅 | 95.15平米 | 南 北,https://ke-image.ljcdn.com/110000-inspection/pc1_moSIUK4dx_1.jpg!m_fill,w_280,h_210,f_jpg?from=ke.com
20240924,怀柔,怀柔,101124943570,迎宾中路2号院 3室2厅 南 北,285万,26890元/平,低楼层 (共6层) 3室2厅 | 105.99平米 | 南 北,https://ke-image.ljcdn.com/110000-inspection/15dc47be-0068-4ab0-81aa-26f8321ec4f8_1000.jpg!m_fill,w_280,h_210,f_jpg?from=ke.com
20240924,怀柔,怀柔,101124935607,滨湖小区南北通透中间好楼层一梯两户满五唯一,133万,23486元/平,中楼层 (共5层) 2室1厅 | 56.63平米 | 南 北,https://ke-image.ljcdn.com/110000-inspection/7bd470ea-c39c-4942-bfbc-a588a26088f6_1000.jpg!m_fill,w_280,h_210,f_jpg?from=ke.com
20240924,怀柔,怀柔,101124931570,湖光小区 2居 通透 视野好 看房方便,139万,24712元/平,顶层 (共5层) 2室1厅 | 56.25平米 | 南 北,https://ke-image.ljcdn.com/110000-inspection/5f983abd-b2a6-4770-be77-21f48b5d2e59_1000.jpg!m_fill,w_280,h_210,f_jpg?from=ke.com
20240924,怀柔,怀柔,101124929520,东关一区 中层 南北通透客厅通阳台 满五唯一楼龄新,338万,31999元/平,中楼层 (共5层) | 2009年 | 3室2厅 | 105.63平米 | 南 北,https://ke-image.ljcdn.com/110000-inspection/99783c9f-3a4c-4684-8171-de8aafd6a2f4_1000.jpg!m_fill,w_280,h_210,f_jpg?from=ke.com
20240924,怀柔,怀柔,101124927623,南华园四区3层1-2居交通出行方便,140万,24201元/平,中楼层 (共6层) 2室1厅 | 57.85平米 | 南 北,https://ke-image.ljcdn.com/110000-inspection/993b816e-4c62-4bb0-86e4-4001857e7e83_1000.jpg!m_fill,w_280,h_210,f_jpg?from=ke.com
20240924,怀柔,怀柔,101124922666,于家园一区三居室满五唯一精装修,225万,24862元/平,高楼层 (共6层) 3室1厅 | 90.5平米 | 南 北,https://ke-image.ljcdn.com/110000-inspection/9fc89220-d928-40f7-8026-70e60fd7bffe_1000.jpg!m_fill,w_280,h_210,f_jpg?from=ke.com
20240924,怀柔,怀柔,101124921403,育龙馨居宽敞一居室电梯房楼层好,120万,24005元/平,中楼层 (共11层) | 2013年 | 1室1厅 | 49.99平米 | 南,https://ke-image.ljcdn.com/110000-inspection/6ded1a1f-1b23-4d31-a27e-427f68f133f3_1000.jpg!m_fill,w_280,h_210,f_jpg?from=ke.com
20240924,怀柔,怀柔,101124917719,青春苑四院低楼层三层双卫精装修,299万,30362元/平,中楼层 (共6层) 3室1厅 | 98.48平米 | 南 北,https://ke-image.ljcdn.com/110000-inspection/6faf668c-391e-498b-9e28-ae260748067e_1000.jpg!m_fill,w_280,h_210,f_jpg?from=ke.com
20240924,怀柔,怀柔,101124917401,雁栖一品园B区 楼层好视野宽阔采光充足,160万,20251元/平,高楼层 (共14层) 2室1厅 | 79.01平米 | 南,https://ke-image.ljcdn.com/110000-inspection/dd3b8186-31c1-4827-a914-90f4c8383a99_1000.jpg!m_fill,w_280,h_210,f_jpg?from=ke.com
20240924,怀柔,怀柔,101124917065,雁栖一品园B区 楼层好视野宽阔采光充足,160万,20251元/平,中楼层 (共14层) 2室1厅 | 79.01平米 | 南,https://ke-image.ljcdn.com/110000-inspection/6d3ba49f-1066-441d-b74e-32aeca5b1db7_1000.jpg!m_fill,w_280,h_210,f_jpg?from=ke.com
20240924,怀柔,怀柔,101124916668,小中富乐二区 3室1厅 南 北,260万,28048元/平,底层 (共6层) 3室1厅 | 92.7平米 | 南 北,https://ke-image.ljcdn.com/110000-inspection/39e9a828-c76a-4a98-a87a-bc61f163b712_1000.jpg!m_fill,w_280,h_210,f_jpg?from=ke.com
20240924,怀柔,怀柔,101124915359,青春路31号院3室一厅满五唯一视野好,212万,23077元/平,顶层 (共6层) 3室1厅 | 91.87平米 | 南 北,https://ke-image.ljcdn.com/110000-inspection/477fb07f-a99e-4141-94c8-051b31596669_1000.jpg!m_fill,w_280,h_210,f_jpg?from=ke.com
20240924,怀柔,怀柔,101124910371,益田·影人四季花园 电梯洋房高层 满五唯一 通透,215万,21757元/平,顶层 (共8层) | 2012年 | 2室1厅 | 98.82平米 | 南 北,https://ke-image.ljcdn.com/110000-inspection/fb93411a-e95d-4883-b2f8-c9f573c19c3b_1000.jpg!m_fill,w_280,h_210,f_jpg?from=ke.com
20240924,怀柔,怀柔,101124900521,潘家园小区低楼层精装修南北通透采光好。,208万,26059元/平,底层 (共6层) | 1993年 | 3室1厅 | 79.82平米 | 南 北,https://ke-image.ljcdn.com/110000-inspection/1cc7a97b-b234-4cb8-b13a-6a27ecb396c8_1000.jpg!m_fill,w_280,h_210,f_jpg?from=ke.com
20240924,怀柔,怀柔,101124888842,怀柔科学城 顶秀美泉小镇B区 电梯小复式,305万,34336元/平,顶层 (共5层) | 2015年 | 2室1厅 | 88.83平米 | 南 北,https://ke-image.ljcdn.com/110000-inspection/f79bb4da-f35c-4632-8794-b78c03c9f766_1000.jpg!m_fill,w_280,h_210,f_jpg?from=ke.com
20240924,怀柔,怀柔,101124878821,梅苑花园小区 南北通透 中间楼层 无遮挡,280万,31714元/平,中楼层 (共6层) | 1998年 | 3室1厅 | 88.29平米 | 南 北,https://ke-image.ljcdn.com/110000-inspection/pc1_GFLjn9luj.jpg!m_fill,w_280,h_210,f_jpg?from=ke.com
20240924,怀柔,怀柔,101124874051,东园北区 中间楼层 采光充足 交通便利,260万,26308元/平,中楼层 (共6层) 3室2厅 | 98.83平米 | 南 北,https://ke-image.ljcdn.com/110000-inspection/3597b4f3-24f6-4dfe-abd2-999f5a99b3a9_1000.jpg!m_fill,w_280,h_210,f_jpg?from=ke.com
20240924,怀柔,怀柔,101124872957,益田影人四季花园 电梯洋房平层 南北通透 满五唯一,360万,23579元/平,中楼层 (共8层) 3室2厅 | 152.68平米 | 南 北,https://ke-image.ljcdn.com/110000-inspection/1edc7065-4fae-47ec-857e-0c73992b81af_1000.jpg!m_fill,w_280,h_210,f_jpg?from=ke.com
20240924,怀柔,怀柔,101124857673,南华园一区 2室1厅 东 西,150万,22226元/平,中楼层 (共5层) | 1995年 | 2室1厅 | 67.49平米 | 东 西,https://ke-image.ljcdn.com/110000-inspection/9d1c7348-a6a1-44be-a27c-4a4f956af629_1000.jpg!m_fill,w_280,h_210,f_jpg?from=ke.com
20240924,怀柔,怀柔,101124842470,于家园三区新上南北通透低层2居室,170万,25438元/平,底层 (共5层) 2室1厅 | 66.83平米 | 南 北,https://ke-image.ljcdn.com/110000-inspection/4d4d3b15-9109-48eb-8ab9-34c2c78a5c00_1000.jpg!m_fill,w_280,h_210,f_jpg?from=ke.com
20240924,怀柔,怀柔,101124836738,后横街小区 满五唯一精装修拎包入住,199万,26932元/平,顶层 (共6层) 2室1厅 | 73.89平米 | 南 北,https://ke-image.ljcdn.com/110000-inspection/fe2bce76-9997-4064-9510-c7fbc93314ad_1000.jpg!m_fill,w_280,h_210,f_jpg?from=ke.com
20240924,怀柔,怀柔,101124835005,青春苑西区新上全明两居室四面有窗视野开阔,210万,25536元/平,高楼层 (共6层) | 2000年 | 2室1厅 | 82.24平米 | 南 北,https://ke-image.ljcdn.com/110000-inspection/97c780a2-4123-4c12-a433-c4e37b22071f_1000.jpg!m_fill,w_280,h_210,f_jpg?from=ke.com
20240924,怀柔,怀柔,101124831108,幸福东园1号院拎包入住低楼层5V1,139万,22078元/平,底层 (共6层) 2室1厅 | 62.96平米 | 南 北,https://ke-image.ljcdn.com/110000-inspection/122d5e95-8add-4a7c-924b-93e1fae94c07_1000.jpg!m_fill,w_280,h_210,f_jpg?from=ke.com
20240924,怀柔,怀柔,101124814305,青春路七院  好房 业主急售 着急卖,155万,24852元/平,高楼层 (共6层) 2室1厅 | 62.37平米 | 南 北,https://ke-image.ljcdn.com/110000-inspection/2854f6be-cf47-4869-a266-792e0ec1587e_1000.jpg!m_fill,w_280,h_210,f_jpg?from=ke.com
20240924,怀柔,怀柔,101124803260,于家园二区南院  南北通透   采光好   精装修,174万,26045元/平,高楼层 (共6层) 2室1厅 | 66.81平米 | 南 北,https://ke-image.ljcdn.com/110000-inspection/pc1_bOcx80mQR.jpg!m_fill,w_280,h_210,f_jpg?from=ke.com
20240924,怀柔,怀柔,101124806325,滨湖小区纯南向两居室户型方正采光好,118万,22940元/平,中楼层 (共5层) 2室1厅 | 51.44平米 | 南,https://ke-image.ljcdn.com/110000-inspection/7b393dba-2af3-43e7-8474-cc889f029131_1000.jpg!m_fill,w_280,h_210,f_jpg?from=ke.com
20240924,怀柔,怀柔,101124794730,北京城建胜悦居、中间楼层、纯南向两居室,240万,32494元/平,低楼层 (共15层) | 2018年 | 2室1厅 | 73.86平米 | 南,https://ke-image.ljcdn.com/110000-inspection/pc1_fIZXAM9Wa.jpg!m_fill,w_280,h_210,f_jpg?from=ke.com
20240924,怀柔,怀柔,101124793517,影人峰汇电梯房小区环境优美停车方便,122万,18488元/平,中楼层 (共16层) 2室1厅 | 65.99平米 | 南,https://ke-image.ljcdn.com/110000-inspection/dc0a2a46-b932-4df6-88bd-b68de7140b22_1000.jpg!m_fill,w_280,h_210,f_jpg?from=ke.com
20240924,怀柔,怀柔,101124792043,小区交通便利出行方便小区绿化高环境好,120万,20051元/平,中楼层 (共5层) 1室1厅 | 59.85平米 | 西 北,https://ke-image.ljcdn.com/110000-inspection/167e6a94-96ba-4f71-96d8-804c1db506c4_1000.jpg!m_fill,w_280,h_210,f_jpg?from=ke.com
20240924,怀柔,怀柔,101124786283,金台园 老三居户型 精装修商品房,299万,31215元/平,高楼层 (共6层) 3室1厅 | 95.79平米 | 南 北,https://ke-image.ljcdn.com/110000-inspection/fc9e251f-31ad-476a-af5d-54d6d7fe0550_1000.jpg!m_fill,w_280,h_210,f_jpg?from=ke.com
20240924,怀柔,怀柔,101124784226,乐红园 小区新 环境好 出行便利 看房很方便,228万,26138元/平,低楼层 (共6层) | 2006年 | 2室1厅 | 87.23平米 | 南 北,https://ke-image.ljcdn.com/110000-inspection/ce46d46e-6565-40a7-b178-1e6ecab2d12d_1000.jpg!m_fill,w_280,h_210,f_jpg?from=ke.com
20240924,怀柔,怀柔,101124781143,梅苑花园南北通透户型好楼层采光好精装修。,306万,34313元/平,低楼层 (共6层) 2室2厅 | 89.18平米 | 南 北,https://ke-image.ljcdn.com/110000-inspection/3b564e05-d6d0-4281-bf15-bd6ec69fa8fc_1000.jpg!m_fill,w_280,h_210,f_jpg?from=ke.com
20240924,怀柔,怀柔,101124775525,滨湖南街小区 户型方正  交通方便,320万,24981元/平,中楼层 (共6层) | 1998年 | 3室2厅 | 128.1平米 | 南 北,https://ke-image.ljcdn.com/110000-inspection/0e294f5e-ddf7-4005-a26f-496f96d183be_1000.jpg!m_fill,w_280,h_210,f_jpg?from=ke.com
20240924,怀柔,怀柔,101124767413,影人峰汇南北通透电梯房采光无遮挡,220万,16971元/平,高楼层 (共16层) 2室1厅 | 129.64平米 | 南 北,https://ke-image.ljcdn.com/110000-inspection/e83cc887-4289-4d86-9770-ec6cde5769c4_1000.jpg!m_fill,w_280,h_210,f_jpg?from=ke.com
20240924,怀柔,怀柔,101124766282,府前观邸两居室诚意出售满五年唯一可贷款看房方便。,225万,26905元/平,底层 (共2层) 2室2厅 | 83.63平米 | 东 西,https://ke-image.ljcdn.com/110000-inspection/pc1_KSiIhRsWg_1.jpg!m_fill,w_280,h_210,f_jpg?from=ke.com
20240924,怀柔,怀柔,101124765894,世嘉光织谷东区2-1-1-1 92.79㎡,195万,21016元/平,中楼层 (共5层) 2室1厅 | 92.79平米 | 南,https://ke-image.ljcdn.com/110000-inspection/6ded6708-5234-4fc9-bd9d-2024058555ca_1000.jpg!m_fill,w_280,h_210,f_jpg?from=ke.com
20240924,怀柔,怀柔,101124764589,东关二区3居室76平米南北通透采光好,210万,27632元/平,高楼层 (共6层) | 1996年 | 3室1厅 | 76平米 | 南 北,https://ke-image.ljcdn.com/110000-inspection/a0c9fbb8-7605-4520-8a89-250824a9ba88_1000.jpg!m_fill,w_280,h_210,f_jpg?from=ke.com
20240924,怀柔,怀柔,101124757796,馥郁苑二期 3室1厅 南 北,330万,26769元/平,底层 (共6层) 3室1厅 | 123.28平米 | 南 北,https://ke-image.ljcdn.com/110000-inspection/7264a1c2-0cdf-4320-bd08-7ea884651f3d_1000.jpg!m_fill,w_280,h_210,f_jpg?from=ke.com
20240924,怀柔,怀柔,101124749527,杨家园小区   精装修  满五唯一   诚意出售,180万,24969元/平,低楼层 (共6层) 3室1厅 | 72.09平米 | 南 北,https://ke-image.ljcdn.com/110000-inspection/1a4e7810-7be9-49ca-8cc7-1f2a4cabb44e_1000.jpg!m_fill,w_280,h_210,f_jpg?from=ke.com
20240924,怀柔,怀柔,101124740195,北园少见的四居室户型产权清晰南北通透,200万,18536元/平,顶层 (共6层) 4室1厅 | 107.9平米 | 南 北,https://ke-image.ljcdn.com/110000-inspection/pc1_iP5NbzEOU.jpg!m_fill,w_280,h_210,f_jpg?from=ke.com
20240924,怀柔,怀柔,101124738355,怀柔新新家园 环境优美 交通便利 诚意出售,283万,31257元/平,低楼层 (共16层) 2室1厅 | 90.54平米 | 南,https://ke-image.ljcdn.com/110000-inspection/pc1_3615MJLds.jpg!m_fill,w_280,h_210,f_jpg?from=ke.com
20240924,怀柔,怀柔,101124737355,万通龙山新新小镇平层洋房看房方便业主诚意出售,255万,20276元/平,低楼层 (共3层) | 2002年 | 3室2厅 | 125.77平米 | 南 北,https://ke-image.ljcdn.com/110000-inspection/dbd74276-9530-4ace-8db1-069b899bbd51_1000.jpg!m_fill,w_280,h_210,f_jpg?from=ke.com
20240924,怀柔,怀柔,101124736216,链家优质好房 顶秀A区二层 精装修 满五唯一 拎包,300万,26279元/平,中楼层 (共4层) 3室2厅 | 114.16平米 | 南 北,https://ke-image.ljcdn.com/110000-inspection/f4f3ef67-b4a4-4e6b-9677-3db56627eae7_1000.jpg!m_fill,w_280,h_210,f_jpg?from=ke.com
20240924,怀柔,怀柔,101124736173,南华街小区 中层 正规三居 南北通透 采光好,198万,22158元/平,中楼层 (共5层) 3室1厅 | 89.36平米 | 南 北,https://ke-image.ljcdn.com/110000-inspection/pc1_0A0P1kYMW.jpg!m_fill,w_280,h_210,f_jpg?from=ke.com
20240924,怀柔,怀柔,101124727625,此房满五唯一中楼层精装三居 视野采光,300万,26584元/平,底层 (共6层) 3室2厅 | 112.85平米 | 南 北,https://ke-image.ljcdn.com/110000-inspection/790bd623-d186-42cf-b579-f18ed50e2519_1000.jpg!m_fill,w_280,h_210,f_jpg?from=ke.com
20240924,怀柔,怀柔,101124727183,青春苑西区北院全明格局两居室采光好满五唯一只有契税,199万,24198元/平,高楼层 (共6层) | 2000年 | 2室1厅 | 82.24平米 | 东 南 北,https://ke-image.ljcdn.com/110000-inspection/c7f4459e-496e-4d50-ac47-209bba1cc839_1000.jpg!m_fill,w_280,h_210,f_jpg?from=ke.com
20240924,怀柔,怀柔,101124723347,青春路 中楼层 满五唯一 交通便利,125万,21755元/平,中楼层 (共6层) 2室1厅 | 57.46平米 | 东南,https://ke-image.ljcdn.com/110000-inspection/b07ffee5-5f93-4a72-a560-cff6c741be2b_1000.jpg!m_fill,w_280,h_210,f_jpg?from=ke.com
20240924,怀柔,怀柔,101124711510,滨湖小区满五唯一成熟小区南北通透,155万,27420元/平,中楼层 (共5层) 2室1厅 | 56.53平米 | 南 北,https://ke-image.ljcdn.com/110000-inspection/a6aa1a0b-dc91-4a16-8e70-cae6280f4139_1000.jpg!m_fill,w_280,h_210,f_jpg?from=ke.com
20240924,怀柔,怀柔,101124709499,滨湖小区    两居室   4层,140万,23330元/平,中楼层 (共5层) 2室1厅 | 60.01平米 | 南 北,https://ke-image.ljcdn.com/110000-inspection/pc1_K7WdLf8hr.jpg!m_fill,w_280,h_210,f_jpg?from=ke.com
20240924,怀柔,怀柔,101124706222,东园南区 全明格局 采光好 无遮挡  视野宽阔,279万,29984元/平,底层 (共5层) 3室2厅 | 93.05平米 | 南 北,https://ke-image.ljcdn.com/110000-inspection/299a95be-b1f4-47fe-8d3e-239fd99b0ed2_1000.jpg!m_fill,w_280,h_210,f_jpg?from=ke.com
20240924,怀柔,怀柔,101124704944,东关一区钥匙房南北通透三居室格局方正,170万,23190元/平,顶层 (共6层) 3室1厅 | 73.31平米 | 南 北,https://ke-image.ljcdn.com/110000-inspection/pc1_GWJHnKtMq.jpg!m_fill,w_280,h_210,f_jpg?from=ke.com
20240924,怀柔,怀柔,101124700949,泉河园二区  温馨三居室  健身楼层 南北通透,330万,28989元/平,高楼层 (共6层) 3室2厅 | 113.84平米 | 南 北,https://ke-image.ljcdn.com/110000-inspection/8e77f34f-7b10-4c07-9f9f-4e9beac37059_1000.jpg!m_fill,w_280,h_210,f_jpg?from=ke.com
20240924,怀柔,怀柔,101124700529,东园南区  三居室  业主诚意出售  看房方便,181万,24606元/平,低楼层 (共6层) | 1993年 | 3室1厅 | 73.56平米 | 南 北,https://ke-image.ljcdn.com/110000-inspection/2dfcb05b-d65a-481e-9eb3-64d61b48f169_1000.jpg!m_fill,w_280,h_210,f_jpg?from=ke.com
20240924,怀柔,怀柔,101124700279,青春路九院 全明格局    健身楼层  采光好,150万,23716元/平,顶层 (共6层) 2室1厅 | 63.25平米 | 南 北,https://ke-image.ljcdn.com/110000-inspection/68df3c24-046b-4365-a199-f4ebe54e9325_1000.jpg!m_fill,w_280,h_210,f_jpg?from=ke.com
20240924,怀柔,怀柔,101124699270,潘家园小区 满五唯一 采光好 业主自主 保持的很干,115万,20391元/平,顶层 (共6层) | 1992年 | 2室1厅 | 56.4平米 | 南 北,https://ke-image.ljcdn.com/110000-inspection/c3b15f43-ab6f-42b7-b0c1-a6a4874cd887_1000.jpg!m_fill,w_280,h_210,f_jpg?from=ke.com
20240924,怀柔,怀柔,101124697611,新新家园电梯房 楼龄新 小区整体环境好 周边配套齐,245万,32416元/平,中楼层 (共15层) | 2017年 | 2室1厅 | 75.58平米 | 西北,https://ke-image.ljcdn.com/110000-inspection/de158039-cda5-4400-b27c-3d7b825665c5_1000.jpg!m_fill,w_280,h_210,f_jpg?from=ke.com
20240924,怀柔,怀柔,101124695167,梦想家园西区 前排无遮挡 电梯高层,180万,20335元/平,高楼层 (共14层) | 2014年 | 2室2厅 | 88.52平米 | 南 北,https://ke-image.ljcdn.com/110000-inspection/1f30a79f-7f74-4d2a-a763-c719ea2470ed_1000.jpg!m_fill,w_280,h_210,f_jpg?from=ke.com
20240924,怀柔,怀柔,101124689854,梦想家园东区 新小区 电梯高层 满五唯一视野采光足,226万,21964元/平,高楼层 (共15层) 3室2厅 | 102.9平米 | 南 北,https://ke-image.ljcdn.com/110000-inspection/e30fe914-15f0-4e76-a25e-d46f1c4b1294_1000.jpg!m_fill,w_280,h_210,f_jpg?from=ke.com
20240924,怀柔,怀柔,101124685604,潘家园小区诚意出售看房提前约就行精装修的。,215万,28702元/平,顶层 (共6层) 3室1厅 | 74.91平米 | 南 北,https://ke-image.ljcdn.com/110000-inspection/c5392ee3-af3e-445d-82f8-a7ce0e6d7ea9_1000.jpg!m_fill,w_280,h_210,f_jpg?from=ke.com
20240924,怀柔,怀柔,101124684923,东关二区 高层 正规三居 南北通透 采光好,205万,20891元/平,顶层 (共6层) | 1999年 | 3室2厅 | 98.13平米 | 南 北,https://ke-image.ljcdn.com/110000-inspection/c51a5ede-63eb-46c3-bf2c-de776431757f_1000.jpg!m_fill,w_280,h_210,f_jpg?from=ke.com
20240924,怀柔,怀柔,101124678738,青春苑西区 1层 满五唯一 诚意出售,265万,30597元/平,底层 (共6层) 3室1厅 | 86.61平米 | 南 北,https://ke-image.ljcdn.com/110000-inspection/57828cd9-1a31-49d6-b8c5-ea5f7d75f68e_1000.jpg!m_fill,w_280,h_210,f_jpg?from=ke.com
20240924,怀柔,怀柔,101124669473,梦想家园 电梯房 诚意出售 可随时看房 随时签约。,168万,18805元/平,中楼层 (共15层) | 2014年 | 2室1厅 | 89.34平米 | 南 北,https://ke-image.ljcdn.com/110000-inspection/36ca7801-844c-466d-8aed-bf3036354c45_1000.jpg!m_fill,w_280,h_210,f_jpg?from=ke.com
20240924,怀柔,怀柔,101124658646,2019年精装修满五唯一成熟小区车位充足,241万,26040元/平,高楼层 (共6层) 3室1厅 | 92.55平米 | 南 北,https://ke-image.ljcdn.com/110000-inspection/pc1_pT8NtWJ0e_1.jpg!m_fill,w_280,h_210,f_jpg?from=ke.com
20240924,怀柔,怀柔,101124656003,小中富乐二区 3室1厅 南 北,269万,24393元/平,高楼层 (共6层) 3室1厅 | 110.28平米 | 南 北,https://ke-image.ljcdn.com/110000-inspection/b88d1838-eaea-4bcd-b3df-92047abe19bb_1000.jpg!m_fill,w_280,h_210,f_jpg?from=ke.com
20240924,怀柔,怀柔,101124655779,栖美园满五唯一南北通透大客厅,196万,20265元/平,顶层 (共6层) 2室1厅 | 96.72平米 | 南 北,https://ke-image.ljcdn.com/110000-inspection/98933da1-412b-4813-8b26-3df0d3890c4c_1000.jpg!m_fill,w_280,h_210,f_jpg?from=ke.com
20240924,怀柔,怀柔,101124631300,青春路 低层 正规三居 把边户型 采光好 房龄新,230万,27034元/平,底层 (共6层) 3室1厅 | 85.08平米 | 南 北,https://ke-image.ljcdn.com/110000-inspection/287a78a5-f12e-4ae0-8297-700f181921ec_1000.jpg!m_fill,w_280,h_210,f_jpg?from=ke.com
20240924,怀柔,怀柔,101124630135,电梯房次顶层采光好视野好精装修,190万,30483元/平,高楼层 (共11层) | 2013年 | 1室1厅 | 62.33平米 | 南,https://ke-image.ljcdn.com/110000-inspection/cf1fb1c6-b7de-4149-afa2-d39cfacaa945_1000.jpg!m_fill,w_280,h_210,f_jpg?from=ke.com
20240924,怀柔,怀柔,101124618997,宽敞大三居满五唯一采光充足周边配套齐全,200万,19218元/平,顶层 (共6层) 3室2厅 | 104.07平米 | 南 北,https://ke-image.ljcdn.com/110000-inspection/pc1_ekSXqyqtx.jpg!m_fill,w_280,h_210,f_jpg?from=ke.com
20240924,怀柔,怀柔,101124612132,青春苑四院老三居户型南北通透。视野开阔。,245万,25471元/平,高楼层 (共6层) 3室1厅 | 96.19平米 | 南 北,https://ke-image.ljcdn.com/110000-inspection/4bffb5c3-b442-4c0f-b387-22ac04fe0f64_1000.jpg!m_fill,w_280,h_210,f_jpg?from=ke.com
20240924,怀柔,怀柔,101124609216,后横街小区中间楼层三室两卫装修好适合居住,330万,32606元/平,中楼层 (共6层) 3室1厅 | 101.21平米 | 南 北,https://ke-image.ljcdn.com/110000-inspection/b567af7a-639b-4390-9945-31526b2452c7_1000.jpg!m_fill,w_280,h_210,f_jpg?from=ke.com
20240924,怀柔,怀柔,101124602771,怀柔新新家园 2室1厅 东 西,285万,32979元/平,中楼层 (共15层) | 2017年 | 2室1厅 | 86.42平米 | 东 西,https://ke-image.ljcdn.com/110000-inspection/pc1_SJUD9BpfZ.jpg!m_fill,w_280,h_210,f_jpg?from=ke.com
20240924,怀柔,怀柔,101124594251,青春路满五唯一户型方正采光通透,190万,22760元/平,顶层 (共6层) 3室1厅 | 83.48平米 | 南 北,https://ke-image.ljcdn.com/110000-inspection/pc1_Vx63QX1ep.jpg!m_fill,w_280,h_210,f_jpg?from=ke.com
20240924,怀柔,怀柔,101124579692,怡安园小区精装修户型方正南北通透,150万,20730元/平,高楼层 (共6层) 3室1厅 | 72.36平米 | 南 北,https://ke-image.ljcdn.com/110000-inspection/6865855e-ee11-4d4d-b2c0-69f1d4c9726e_1000.jpg!m_fill,w_280,h_210,f_jpg?from=ke.com
20240924,怀柔,怀柔,101124578337,电梯房环境好 配套成熟精装修 拎包入住 随时签约！,208万,28950元/平,高楼层 (共15层) | 2017年 | 2室1厅 | 71.85平米 | 东,https://ke-image.ljcdn.com/110000-inspection/7eaa4295-47b4-4666-a8e5-791f249d2b8b_1000.jpg!m_fill,w_280,h_210,f_jpg?from=ke.com
20240924,怀柔,怀柔,101124570474,梦想家园西区 高层 正规两居 南北通透 采光好,180万,20148元/平,高楼层 (共15层) | 2014年 | 2室2厅 | 89.34平米 | 南 北,https://ke-image.ljcdn.com/110000-inspection/pc1_gN1MgNsAK_1.jpg!m_fill,w_280,h_210,f_jpg?from=ke.com
20240924,怀柔,怀柔,101124566490,府前观邸大四居南北通透户型精装修适合居住,850万,42652元/平,低楼层 (共11层) 4室2厅 | 199.29平米 | 东 南 北,https://ke-image.ljcdn.com/110000-inspection/9248fb76-73d0-4a9d-954d-1609b73ceda5_1000.jpg!m_fill,w_280,h_210,f_jpg?from=ke.com
20240924,怀柔,怀柔,101124551391,富乐社区一号院满五唯一出行方便。,130万,21602元/平,顶层 (共6层) 2室1厅 | 60.18平米 | 南 北,https://ke-image.ljcdn.com/110000-inspection/pc1_isidnjlI6.jpg!m_fill,w_280,h_210,f_jpg?from=ke.com
20240924,怀柔,怀柔,101124545943,城区电梯房带车位南北通透高楼层三居室出行方便,280万,32876元/平,高楼层 (共9层) | 2015年 | 3室1厅 | 85.17平米 | 南 北,https://ke-image.ljcdn.com/110000-inspection/15d8e0dd-d2ab-4e1c-baf3-2a21dcf22dc0_1000.jpg!m_fill,w_280,h_210,f_jpg?from=ke.com
20240924,怀柔,怀柔,101124544378,湖光小区 大面积 全明格局 价格便宜,310万,26806元/平,中楼层 (共5层) 4室2厅 | 115.65平米 | 南 北,https://ke-image.ljcdn.com/110000-inspection/641cd61f-80c0-4e53-a0c6-a6cb37686475_1000.jpg!m_fill,w_280,h_210,f_jpg?from=ke.com
20240924,怀柔,怀柔,101124541386,南北通透三居室 无遮挡 水库旁,200万,24019元/平,顶层 (共6层) 3室1厅 | 83.27平米 | 南 北,https://ke-image.ljcdn.com/110000-inspection/c8c02214-1091-41f4-9b92-5978d1a03f07_1000.jpg!m_fill,w_280,h_210,f_jpg?from=ke.com
20240924,怀柔,怀柔,101124529995,柏泉庄园雁舞园A区 中楼层 无遮挡,280万,23166元/平,中楼层 (共11层) 3室2厅 | 120.87平米 | 南 北,https://ke-image.ljcdn.com/110000-inspection/c71e3d1c-ea27-48a4-9524-77d85641d6ee_1000.jpg!m_fill,w_280,h_210,f_jpg?from=ke.com
20240924,怀柔,怀柔,101124515500,此房满五唯一客厅通阳台精装修南北通透,268万,30012元/平,高楼层 (共6层) 3室1厅 | 89.3平米 | 南 北,https://ke-image.ljcdn.com/110000-inspection/021417dd-6dcd-4573-9acd-4ff3503020eb_1000.jpg!m_fill,w_280,h_210,f_jpg?from=ke.com
20240924,怀柔,怀柔,101124515095,柏泉庄园雁鸣园B区 精装修 双卧室朝南,165万,23927元/平,低楼层 (共12层) 2室1厅 | 68.96平米 | 南 北,https://ke-image.ljcdn.com/110000-inspection/e7b337e2-738b-40c1-9bbb-ac26a45685b4_1000.jpg!m_fill,w_280,h_210,f_jpg?from=ke.com
20240924,怀柔,怀柔,101124498737,龙山御景 高楼层 采光好 南北通透 观景房,470万,36936元/平,高楼层 (共26层) | 2014年 | 3室2厅 | 127.25平米 | 南 北,https://ke-image.ljcdn.com/110000-inspection/54c9f2db-d187-41e6-9c9a-0d7d38b82a0e_1000.jpg!m_fill,w_280,h_210,f_jpg?from=ke.com
20240924,怀柔,怀柔,101124494842,*金台园”满五唯一老式装修,185万,23327元/平,中楼层 (共6层) 3室1厅 | 79.31平米 | 南 北,https://ke-image.ljcdn.com/110000-inspection/05b03f74-69d2-46e8-978c-ba2291b55f8c_1000.jpg!m_fill,w_280,h_210,f_jpg?from=ke.com
20240924,怀柔,怀柔,101124484689,东关一区 3室1厅 南 北,240万,25735元/平,中楼层 (共7层) 3室1厅 | 93.26平米 | 南 北,https://ke-image.ljcdn.com/110000-inspection/47170779-a75d-4722-a8fd-8ad03b995c56_1000.jpg!m_fill,w_280,h_210,f_jpg?from=ke.com
20240924,怀柔,怀柔,101124471589,青春路一院二层满五唯一2000年,300万,29464元/平,低楼层 (共6层) 3室1厅 | 101.82平米 | 南 北,https://ke-image.ljcdn.com/110000-inspection/pc1_KDcUo2SZ5.jpg!m_fill,w_280,h_210,f_jpg?from=ke.com
20240924,怀柔,怀柔,101124471420,怡安园小区三居室南北通透。中等楼层,170万,23494元/平,中楼层 (共6层) 3室1厅 | 72.36平米 | 南 北,https://ke-image.ljcdn.com/110000-inspection/18c7f854-41ab-4f83-99e3-f7c1af45d390_1000.jpg!m_fill,w_280,h_210,f_jpg?from=ke.com
20240924,怀柔,怀柔,101124469137,金台园 采光好 南北通透 随时可看房,175万,23993元/平,高楼层 (共6层) 3室1厅 | 72.94平米 | 南 北,https://ke-image.ljcdn.com/110000-inspection/a36747f2-10d2-4741-8f62-a0d770b614ad_1000.jpg!m_fill,w_280,h_210,f_jpg?from=ke.com
20240924,怀柔,怀柔,101124468969,东关一区   三居室  客厅有窗户  卫生间有窗户,169万,23453元/平,低楼层 (共6层) 3室1厅 | 72.06平米 | 南 北,https://ke-image.ljcdn.com/110000-inspection/5b2c4302-b416-4d92-a73c-d264c5e97d72_1000.jpg!m_fill,w_280,h_210,f_jpg?from=ke.com
20240924,怀柔,怀柔,101124464144,金台园南北通透两居室房龄新有地下室,215万,23881元/平,高楼层 (共6层) 2室2厅 | 90.03平米 | 南 北,https://ke-image.ljcdn.com/110000-inspection/d1593e8a-6188-47c6-bb19-6e6f892d6dc0_1000.jpg!m_fill,w_280,h_210,f_jpg?from=ke.com
20240924,怀柔,怀柔,101124446595,八龙桥雅苑二层低楼层上下楼方便南北通透,180万,18515元/平,中楼层 (共5层) 3室2厅 | 97.22平米 | 南 北,https://ke-image.ljcdn.com/110000-inspection/aa315fa6-a9a7-49ec-a472-db4c21488224_1000.jpg!m_fill,w_280,h_210,f_jpg?from=ke.com
20240924,怀柔,怀柔,101124445921,乐红园 3室2厅 南 北,295万,32873元/平,底层 (共6层) 3室2厅 | 89.74平米 | 南 北,https://ke-image.ljcdn.com/110000-inspection/pc1_dhxj9PqLD.jpg!m_fill,w_280,h_210,f_jpg?from=ke.com
20240924,怀柔,怀柔,101124444638,南华大街 1室1厅 南,135万,37594元/平,底层 (共1层) 1室1厅 | 35.91平米 | 南,https://ke-image.ljcdn.com/110000-inspection/95e2eb77-2ac1-4adb-a071-d5f140f52846_1000.jpg!m_fill,w_280,h_210,f_jpg?from=ke.com
20240924,怀柔,怀柔,101124427390,顶秀美泉小镇A区 低层 大两居 南北通透 采光好,290万,25072元/平,底层 (共4层) 2室2厅 | 115.67平米 | 南 北,https://ke-image.ljcdn.com/110000-inspection/6b4ffc8a-bf91-4e4f-88d5-df0be7883f33_1000.jpg!m_fill,w_280,h_210,f_jpg?from=ke.com
20240924,怀柔,怀柔,101124421680,于家园一区 3室1厅 南 北,258万,30821元/平,中楼层 (共6层) 3室1厅 | 83.71平米 | 南 北,https://ke-image.ljcdn.com/110000-inspection/3b93167e-9f18-4597-b9f2-eb4bc2d8a6db_1000.jpg!m_fill,w_280,h_210,f_jpg?from=ke.com
20240924,怀柔,怀柔,101124402162,顶秀美泉C区 两居室 南北通透,238万,26516元/平,中楼层 (共5层) | 2012年 | 2室2厅 | 89.76平米 | 南 北,https://ke-image.ljcdn.com/110000-inspection/086ce2e9-6530-4b66-ad21-726bcd240a90_1000.jpg!m_fill,w_280,h_210,f_jpg?from=ke.com
20240924,怀柔,怀柔,101124400782,于家园一区健身楼层三室两厅一厨一卫,225万,24378元/平,顶层 (共6层) 3室2厅 | 92.3平米 | 南 北,https://ke-image.ljcdn.com/110000-inspection/71b72849-95ac-41e3-b074-7bdc3a9c3f64_1000.jpg!m_fill,w_280,h_210,f_jpg?from=ke.com
20240924,怀柔,怀柔,101124367724,钓鱼台小区南北通透三居室随时签,385万,32887元/平,中楼层 (共6层) 3室2厅 | 117.07平米 | 南 北,https://ke-image.ljcdn.com/110000-inspection/2626af40-489a-4e44-9e54-ececc6f271e6_1000.jpg!m_fill,w_280,h_210,f_jpg?from=ke.com
20240924,怀柔,怀柔,101124357049,府前官邸 客厅通阳台格局 满五唯一,510万,38206元/平,低楼层 (共9层) 3室2厅 | 133.49平米 | 南 北,https://ke-image.ljcdn.com/110000-inspection/e5a871bf-240e-4463-81a5-38c1064bf457_1000.jpg!m_fill,w_280,h_210,f_jpg?from=ke.com
20240924,怀柔,怀柔,101124352670,金善名居精装修诚意卖看房方便南北通透,150万,19740元/平,高楼层 (共6层) 2室1厅 | 75.99平米 | 南 北,https://ke-image.ljcdn.com/110000-inspection/93fe8f67-bbb0-4dde-a2d9-135e93eb417b_1000.jpg!m_fill,w_280,h_210,f_jpg?from=ke.com
20240924,怀柔,怀柔,101124351855,开利园小区格局方正东西南朝向采光很好,290万,16862元/平,中楼层 (共4层) 4室2厅 | 171.99平米 | 东 西,https://ke-image.ljcdn.com/110000-inspection/pc1_bNSVjO8D7_1.jpg!m_fill,w_280,h_210,f_jpg?from=ke.com
20240924,怀柔,怀柔,101124350468,后横街小区 2室1厅 南 北,230万,28632元/平,顶层 (共6层) 2室1厅 | 80.33平米 | 南 北,https://ke-image.ljcdn.com/110000-inspection/a6173a17-4fb3-4cc2-8476-a6b6f962eea0_1000.jpg!m_fill,w_280,h_210,f_jpg?from=ke.com
20240924,怀柔,怀柔,101124346145,新村4号楼南北通透客厅通阳台动静分离,195万,21249元/平,顶层 (共5层) 3室2厅 | 91.77平米 | 南 北,https://ke-image.ljcdn.com/110000-inspection/f2372aec-816d-4856-a58d-930b2ed81e95_1000.jpg!m_fill,w_280,h_210,f_jpg?from=ke.com
20240924,怀柔,怀柔,101124339397,于家园三区 满五唯一 客厅通阳台 随时看,189万,28231元/平,顶层 (共5层) 2室1厅 | 66.95平米 | 南 北,https://ke-image.ljcdn.com/110000-inspection/2ee40543-bf07-4fed-b140-6148ff4f06cd_1000.jpg!m_fill,w_280,h_210,f_jpg?from=ke.com
20240924,怀柔,怀柔,101124338818,青春苑2院3-1-1-1 78.46㎡ 210万,185万,23579元/平,低楼层 (共6层) 3室1厅 | 78.46平米 | 东 西,https://ke-image.ljcdn.com/110000-inspection/pc1_0bTJy9DeD.jpg!m_fill,w_280,h_210,f_jpg?from=ke.com
20240924,怀柔,怀柔,101124324999,裕华园一区电梯房上下楼方便南向采光好,84万,16465元/平,高楼层 (共15层) | 2014年 | 1室1厅 | 51.02平米 | 南,https://ke-image.ljcdn.com/110000-inspection/ef5258c9-1207-477e-87e3-ad719463b235_1000.jpg!m_fill,w_280,h_210,f_jpg?from=ke.com
20240924,怀柔,怀柔,101124322829,楼层四层 业主诚意出售  随时签约,170万,24056元/平,中楼层 (共6层) | 1992年 | 3室1厅 | 70.67平米 | 南 北,https://ke-image.ljcdn.com/110000-inspection/f833537f-42ef-4b87-abf2-4d7a6c0e7818_1000.jpg!m_fill,w_280,h_210,f_jpg?from=ke.com
20240924,怀柔,怀柔,101124320477,泉河园二区 客厅通阳台 采光好 视野开阔,350万,25322元/平,顶层 (共5层) 3室2厅 | 138.22平米 | 南 北,https://ke-image.ljcdn.com/110000-inspection/8b953be0-388a-4262-8442-6add6cc49d25_1000.jpg!m_fill,w_280,h_210,f_jpg?from=ke.com
20240924,怀柔,怀柔,101124306216,湖光小区业主诚心出售看房有钥匙,130万,24446元/平,底层 (共5层) 2室1厅 | 53.18平米 | 南 北,https://ke-image.ljcdn.com/110000-inspection/50de2905-262a-4090-9e09-7fa7c1362dfe_1000.jpg!m_fill,w_280,h_210,f_jpg?from=ke.com
20240924,怀柔,怀柔,101124299410,梦想家园西区  把边 全明格局 不临街,217万,24114元/平,中楼层 (共15层) | 2014年 | 2室1厅 | 89.99平米 | 南 北,https://ke-image.ljcdn.com/110000-inspection/7bd9321c-ba52-4d96-9774-147ee00e6822_1000.jpg!m_fill,w_280,h_210,f_jpg?from=ke.com
20240924,怀柔,怀柔,101124297169,中间层南北朝向出小区是公交站距离商铺门店街比,189万,21090元/平,中楼层 (共5层) 3室1厅 | 89.62平米 | 南 北,https://ke-image.ljcdn.com/110000-inspection/3dcba641-2195-41a9-8de0-09f04946a3bc_1000.jpg!m_fill,w_280,h_210,f_jpg?from=ke.com
20240924,怀柔,怀柔,101124296948,于家园二区南院 2室1厅 南 北,186万,25383元/平,中楼层 (共6层) 2室1厅 | 73.28平米 | 南 北,https://ke-image.ljcdn.com/110000-inspection/pc1_NvAhullcS_1.jpg!m_fill,w_280,h_210,f_jpg?from=ke.com
20240924,怀柔,怀柔,101124296623,后横街小区满五唯一不临街低楼层,230万,29598元/平,底层 (共6层) 3室1厅 | 77.71平米 | 南 北,https://ke-image.ljcdn.com/110000-inspection/07bffa18-e8c0-48b0-acbe-d16200c3f366_1000.jpg!m_fill,w_280,h_210,f_jpg?from=ke.com
20240924,怀柔,怀柔,101124296537,栖美园电梯房高层精装修采光充足,265万,19242元/平,顶层 (共6层) 3室1厅 | 137.72平米 | 南 北,https://ke-image.ljcdn.com/110000-inspection/62fb63af-1d3f-432a-b3ef-fa54478934ef_1000.jpg!m_fill,w_280,h_210,f_jpg?from=ke.com
20240924,怀柔,怀柔,101124296442,富乐社区一号院 低层 正规三居 南北通透 采光好,195万,26309元/平,低楼层 (共6层) 3室1厅 | 74.12平米 | 南 北,https://ke-image.ljcdn.com/110000-inspection/cf6530d7-058d-459a-89de-264f49e90662_1000.jpg!m_fill,w_280,h_210,f_jpg?from=ke.com
20240924,怀柔,怀柔,101124291181,采光充足满五唯一宽敞三居一梯两户,226万,27438元/平,中楼层 (共6层) 3室1厅 | 82.37平米 | 南 北,https://ke-image.ljcdn.com/110000-inspection/66cf1f04-0eaf-4afc-b3d2-ee63ed9b70ef_1000.jpg!m_fill,w_280,h_210,f_jpg?from=ke.com
20240924,怀柔,怀柔,101124281316,南华园四区南北通透业主诚意出售,159万,22310元/平,中楼层 (共6层) 2室1厅 | 71.27平米 | 南 北,https://ke-image.ljcdn.com/110000-inspection/744f30a1-b7b5-4164-ad34-c037e55a2bb1_1000.jpg!m_fill,w_280,h_210,f_jpg?from=ke.com
20240924,怀柔,怀柔,101124266612,此房满五唯一南北通透采光好,305万,32733元/平,中楼层 (共6层) | 1999年 | 3室2厅 | 93.18平米 | 南 北,https://ke-image.ljcdn.com/110000-inspection/80bfc3c7-3e6e-4971-8c81-c0b86b330da4_1000.jpg!m_fill,w_280,h_210,f_jpg?from=ke.com
20240924,怀柔,怀柔,101124262958,满五唯一可贷款南北通透适合各类人群。,140万,24159元/平,顶层 (共9层) | 2011年 | 1室1厅 | 57.95平米 | 南 北,https://ke-image.ljcdn.com/110000-inspection/1c32a882-a13a-49f0-99e6-8cfd0df546a0_1000.jpg!m_fill,w_280,h_210,f_jpg?from=ke.com
20240924,怀柔,怀柔,101124259283,一品园  朝南户型 楼龄新 前后无遮挡  视野好,175万,22954元/平,中楼层 (共15层) 2室1厅 | 76.24平米 | 南,https://ke-image.ljcdn.com/110000-inspection/b5d89908-4080-4af6-b1e1-c83540dd5285_1000.jpg!m_fill,w_280,h_210,f_jpg?from=ke.com
20240924,怀柔,怀柔,101124257954,北宅村800号 采光好 随时可以看房,260万,17909元/平,顶层 (共5层) 2室2厅 | 145.18平米 | 东 西,https://ke-image.ljcdn.com/110000-inspection/pc1_NsQfhngIl.jpg!m_fill,w_280,h_210,f_jpg?from=ke.com
20240924,怀柔,怀柔,101124255897,青春路六院精装修两居室 近万达居住便利,245万,27653元/平,顶层 (共4层) 3室1厅 | 88.6平米 | 南 北,https://ke-image.ljcdn.com/110000-inspection/pc1_cus7dJpgV_1.jpg!m_fill,w_280,h_210,f_jpg?from=ke.com
20240924,怀柔,怀柔,101124254372,链家优选房源 水岸雁栖新房高楼层 南北通透,280万,33614元/平,中楼层 (共5层) | 2021年 | 2室1厅 | 83.3平米 | 南 北,https://ke-image.ljcdn.com/110000-inspection/023dc8a4-b690-4816-9113-54cedaeda265_1000.jpg!m_fill,w_280,h_210,f_jpg?from=ke.com
20240924,怀柔,怀柔,101124249512,安乐馨居,198万,16267元/平,高楼层 (共12层) 3室2厅 | 121.72平米 | 南 北,https://ke-image.ljcdn.com/110000-inspection/9b65658b-ebb1-4a76-9e42-436afc4581ab_1000.jpg!m_fill,w_280,h_210,f_jpg?from=ke.com
20240924,怀柔,怀柔,101124246743,益田影人峰汇南北通透全明格局,280万,16773元/平,低楼层 (共10层) 3室2厅 | 166.94平米 | 南 北,https://ke-image.ljcdn.com/110000-inspection/pc1_QqjSUFuh8.jpg!m_fill,w_280,h_210,f_jpg?from=ke.com
20240924,怀柔,怀柔,101124244122,府东一条业主诚意出售把边户型全明格局。房主自荐,180万,28695元/平,中楼层 (共6层) 2室1厅 | 62.73平米 | 南 北,https://ke-image.ljcdn.com/110000-inspection/110b2744-486a-4f85-9691-8a8155501a90_1000.jpg!m_fill,w_280,h_210,f_jpg?from=ke.com
20240924,怀柔,怀柔,101124240457,富乐大街9号院 南北通透 满五唯一 低楼层 出行方便,225万,23268元/平,低楼层 (共6层) 3室1厅 | 96.7平米 | 南 北,https://ke-image.ljcdn.com/110000-inspection/d28ae992-bbd8-43da-a00e-c8093468643e_1000.jpg!m_fill,w_280,h_210,f_jpg?from=ke.com
20240924,怀柔,怀柔,101124237194,滨湖南街小区南北通透采光充足满五唯一,228万,20142元/平,顶层 (共6层) 3室2厅 | 113.2平米 | 南 北 西,https://ke-image.ljcdn.com/110000-inspection/2d2f3015-a756-42f4-a7ab-b61a00e93b0f_1000.jpg!m_fill,w_280,h_210,f_jpg?from=ke.com
20240924,怀柔,怀柔,101124231989,雁栖一品园B区满五不唯一可配合唯一,250万,24886元/平,中楼层 (共14层) 2室1厅 | 100.46平米 | 南 北,https://ke-image.ljcdn.com/110000-inspection/07f3a5dc-c566-407b-b36b-7a05ec6a35a5_1000.jpg!m_fill,w_280,h_210,f_jpg?from=ke.com
20240924,怀柔,怀柔,101124229681,兆龙居小区  南北通透  中间楼层,190万,23348元/平,中楼层 (共6层) 3室1厅 | 81.38平米 | 南 北,https://ke-image.ljcdn.com/110000-inspection/09ce299c-ebad-4125-9a5a-b13c52254810_1000.jpg!m_fill,w_280,h_210,f_jpg?from=ke.com
20240924,怀柔,怀柔,101124211832,融城园北区大平米房子带HANZHENG房,285万,21503元/平,底层 (共6层) 4室2厅 | 132.54平米 | 南 北,https://ke-image.ljcdn.com/110000-inspection/pc1_gXrV4qfpX_1.jpg!m_fill,w_280,h_210,f_jpg?from=ke.com
20240924,怀柔,怀柔,101124209064,青春路一院  两居室出售    南北通透  采光亮堂,145万,25926元/平,底层 (共6层) 2室1厅 | 55.93平米 | 南 北,https://ke-image.ljcdn.com/110000-inspection/1bf89e58-40ae-4c10-abac-a77e89d71075_1000.jpg!m_fill,w_280,h_210,f_jpg?from=ke.com
20240924,怀柔,怀柔,101124204074,融城园北区中间楼层采光好质地板,265万,22940元/平,中楼层 (共6层) 3室2厅 | 115.52平米 | 北 南,https://ke-image.ljcdn.com/110000-inspection/455a0c0e-4c3d-40d7-bba3-df89e7e3c790_1000.jpg!m_fill,w_280,h_210,f_jpg?from=ke.com
20240924,怀柔,怀柔,101124202020,于家园一区 南北通透 有地下室房主自荐,200万,22900元/平,顶层 (共6层) 3室1厅 | 87.34平米 | 南 北,https://ke-image.ljcdn.com/110000-inspection/c453cad1-016e-499c-b1fc-cdfa94e5b676_1000.jpg!m_fill,w_280,h_210,f_jpg?from=ke.com
20240924,怀柔,怀柔,101124200464,南北通透客厅通阳台 通风效果好采光充足,125万,21098元/平,顶层 (共5层) 2室1厅 | 59.25平米 | 南 北,https://ke-image.ljcdn.com/110000-inspection/d0524725-43e4-4a4a-b2df-f58d4bcbea22_1000.jpg!m_fill,w_280,h_210,f_jpg?from=ke.com
20240924,怀柔,怀柔,101124197922,栖美园 满五唯一 次顶层 采光好,240万,23329元/平,高楼层 (共6层) 3室2厅 | 102.88平米 | 南,https://ke-image.ljcdn.com/110000-inspection/pc1_Z81I2hAXf_1.jpg!m_fill,w_280,h_210,f_jpg?from=ke.com
20240924,怀柔,怀柔,101124197279,东关一区南北通透三居室采光好无遮挡,195万,26600元/平,高楼层 (共6层) 3室1厅 | 73.31平米 | 南 北,https://ke-image.ljcdn.com/110000-inspection/pc1_CQgxLDgD6.jpg!m_fill,w_280,h_210,f_jpg?from=ke.com
20240924,怀柔,怀柔,101124194029,青春路64号楼 低楼层  交通便利,226万,27089元/平,底层 (共6层) 3室1厅 | 83.43平米 | 南 北,https://ke-image.ljcdn.com/110000-inspection/pc1_oCbsA3oMu.jpg!m_fill,w_280,h_210,f_jpg?from=ke.com
20240924,怀柔,怀柔,101124177793,馥郁苑二期南北通透的大三居精装修适宜居住,460万,33809元/平,中楼层 (共7层) 3室2厅 | 136.06平米 | 南 北,https://ke-image.ljcdn.com/110000-inspection/b7751734-83ad-4e4f-a80c-a502e54b9ccb_1000.jpg!m_fill,w_280,h_210,f_jpg?from=ke.com
20240924,怀柔,怀柔,101124151001,于家园一区独楼独院2002年房子楼龄新,260万,27306元/平,中楼层 (共6层) 3室2厅 | 95.22平米 | 南 北,https://ke-image.ljcdn.com/110000-inspection/e192a423-c0de-4141-a07e-6b0cfd81d160_1000.jpg!m_fill,w_280,h_210,f_jpg?from=ke.com
20240924,怀柔,怀柔,101124149540,益田影人四季花园 2室2厅 南 北,262万,24901元/平,低楼层 (共8层) 2室2厅 | 105.22平米 | 南 北,https://ke-image.ljcdn.com/110000-inspection/pc1_EWMHD0bHb.jpg!m_fill,w_280,h_210,f_jpg?from=ke.com
20240924,怀柔,怀柔,101124146098,安乐馨居全明户型南北通透电梯房楼层好,160万,19289元/平,高楼层 (共12层) 2室1厅 | 82.95平米 | 南 北,https://ke-image.ljcdn.com/110000-inspection/a4d11814-468a-48f0-879c-f99e20ae2809_1000.jpg!m_fill,w_280,h_210,f_jpg?from=ke.com
20240924,怀柔,怀柔,101124135965,此房满五唯一 南北户型 楼层好采光充足,159万,26382元/平,中楼层 (共6层) 2室1厅 | 60.27平米 | 南 北,https://ke-image.ljcdn.com/110000-inspection/66e294f5-bb10-4b57-be84-499d971044e7_1000.jpg!m_fill,w_280,h_210,f_jpg?from=ke.com
20240924,怀柔,怀柔,101124129807,新新家园  毛坯房  满二   看房有钥匙,230万,27876元/平,中楼层 (共15层) | 2017年 | 2室1厅 | 82.51平米 | 东 西,https://ke-image.ljcdn.com/110000-inspection/686061a4-bdb7-4ff4-a404-a1543f362c83_1000.jpg!m_fill,w_280,h_210,f_jpg?from=ke.com
20240924,怀柔,怀柔,101124117074,育龙馨居  电梯房  诚意出售  看房方便,105万,21005元/平,中楼层 (共11层) | 2013年 | 1室1厅 | 49.99平米 | 南,https://ke-image.ljcdn.com/110000-inspection/pc1_resKt1sgU.jpg!m_fill,w_280,h_210,f_jpg?from=ke.com
20240924,怀柔,怀柔,101124117031,育龙馨居  电梯房  诚意出售 看房方便,189万,20915元/平,高楼层 (共9层) | 2013年 | 3室1厅 | 90.37平米 | 南 北,https://ke-image.ljcdn.com/110000-inspection/aad8c788-0f8c-42ab-a495-314600a54404_1000.jpg!m_fill,w_280,h_210,f_jpg?from=ke.com
20240924,怀柔,怀柔,101124114018,东关二区小区满五唯一低楼层采光好,258万,26579元/平,中楼层 (共4层) 3室1厅 | 97.07平米 | 南 北,https://ke-image.ljcdn.com/110000-inspection/ba773d5a-bf87-4a97-a79b-830abd24906c_1000.jpg!m_fill,w_280,h_210,f_jpg?from=ke.com
20240924,怀柔,怀柔,101124113233,采光视野好前后无遮挡不临街业主诚意,170万,21129元/平,顶层 (共6层) 3室1厅 | 80.46平米 | 南 北,https://ke-image.ljcdn.com/110000-inspection/559c9cc4-20f2-4068-ac28-0eb8656e7518_1000.jpg!m_fill,w_280,h_210,f_jpg?from=ke.com
20240924,怀柔,怀柔,101124105009,府东一条 3室1厅 南 北 东,190万,26110元/平,中楼层 (共6层) 3室1厅 | 72.77平米 | 南 北 东,https://ke-image.ljcdn.com/110000-inspection/6443ef4e-2439-4fcc-91a9-fa8d91f8a9c7_1000.jpg!m_fill,w_280,h_210,f_jpg?from=ke.com
20240924,怀柔,怀柔,101124104112,青春路九院 2室0厅 南 北,149万,26396元/平,底层 (共4层) 2室0厅 | 56.45平米 | 南 北,https://ke-image.ljcdn.com/110000-inspection/e6fcd91a-5d28-4c38-8194-571512a7f7a5_1000.jpg!m_fill,w_280,h_210,f_jpg?from=ke.com
20240924,怀柔,怀柔,101124103618,益田影人四季花园 南北通透 精装修 拎包入住房主自荐,247万,25044元/平,中楼层 (共8层) | 2012年 | 2室2厅 | 98.63平米 | 南 北,https://ke-image.ljcdn.com/110000-inspection/4a43e036-58a9-4df9-91ab-ac2b8e667364_1000.jpg!m_fill,w_280,h_210,f_jpg?from=ke.com
20240924,怀柔,怀柔,101124102273,东园南区优质小区成熟配套独立下水,176万,29266元/平,底层 (共6层) | 1993年 | 3室1厅 | 60.14平米 | 南 北,https://ke-image.ljcdn.com/110000-inspection/pc1_m5rRZbDT1.jpg!m_fill,w_280,h_210,f_jpg?from=ke.com
20240924,怀柔,怀柔,101124101734,潘家园小区满五唯一南北通透正常贷款采光好,138万,23773元/平,中楼层 (共6层) 2室1厅 | 58.05平米 | 南 北,https://ke-image.ljcdn.com/110000-inspection/pc1_FaMHJL6K8.jpg!m_fill,w_280,h_210,f_jpg?from=ke.com
20240924,怀柔,怀柔,101124089208,南北通透格局视野宽阔采光充足配套设施齐全,132万,20903元/平,顶层 (共6层) 2室1厅 | 63.15平米 | 南 北,https://ke-image.ljcdn.com/110000-inspection/pc1_00952PiZ4.jpg!m_fill,w_280,h_210,f_jpg?from=ke.com
20240924,怀柔,怀柔,101124081565,幸福东园3号院南北通透两居室,128万,16549元/平,中楼层 (共7层) 2室1厅 | 77.35平米 | 南 北,https://ke-image.ljcdn.com/110000-inspection/7ce8c87b-f0e9-4898-9035-5c9a5c3ffe5c_1000.jpg!m_fill,w_280,h_210,f_jpg?from=ke.com
20240924,怀柔,怀柔,101124069338,东园南区 业主诚心出售 价格便宜,225万,27965元/平,顶层 (共6层) | 1995年 | 3室1厅 | 80.46平米 | 南 北,https://ke-image.ljcdn.com/110000-inspection/4b529cdd-f746-4d1e-b108-257658a8d108_1000.jpg!m_fill,w_280,h_210,f_jpg?from=ke.com
20240924,怀柔,怀柔,101124068812,北街二号院 低层 正规三居 全明格局 南北通透,330万,29140元/平,中楼层 (共6层) 3室2厅 | 113.25平米 | 南 北,https://ke-image.ljcdn.com/110000-inspection/2cc442b3-5b96-4640-a9b1-fb3045330314_1000.jpg!m_fill,w_280,h_210,f_jpg?from=ke.com
20240924,怀柔,怀柔,101124037429,顶秀美泉小镇B区 电梯入户 全明格局 户型方正 景色美,418万,30915元/平,高楼层 (共7层) | 2015年 | 3室2厅 | 135.21平米 | 南 北,https://ke-image.ljcdn.com/110000-inspection/d662a204-7b32-41cf-9d18-97bba4bf31ee_1000.jpg!m_fill,w_280,h_210,f_jpg?from=ke.com
20240924,怀柔,怀柔,101124032053,龙山御景  电梯房  精装修   采光好,489万,37677元/平,高楼层 (共20层) 3室2厅 | 129.79平米 | 南 北,https://ke-image.ljcdn.com/110000-inspection/2525dfe6-d666-47b5-bbe7-0de4edd2085f_1000.jpg!m_fill,w_280,h_210,f_jpg?from=ke.com
20240924,怀柔,怀柔,101124031885,北京市 怀柔区 育龙馨居小区111,210万,23133元/平,中楼层 (共9层) | 2013年 | 3室1厅 | 90.78平米 | 东 南 北,https://ke-image.ljcdn.com/110000-inspection/f2a62ae5-44b7-4df2-ab34-8914f96a3d81_1000.jpg!m_fill,w_280,h_210,f_jpg?from=ke.com
20240924,怀柔,怀柔,101124031827,小区名称：”湖光小区”今年6月21号满五南北通透,131万,23248元/平,顶层 (共5层) 2室1厅 | 56.35平米 | 南 北,https://ke-image.ljcdn.com/110000-inspection/182e4863-2f3e-4c46-88b8-a0404d40cb0e_1000.jpg!m_fill,w_280,h_210,f_jpg?from=ke.com
20240924,怀柔,怀柔,101124031257,金善名居四层全屋精定制客厅通阳台,188万,23236元/平,中楼层 (共6层) 2室1厅 | 80.91平米 | 南 北,https://ke-image.ljcdn.com/110000-inspection/db973c33-2daa-44eb-9622-28a0787b5d0e_1000.jpg!m_fill,w_280,h_210,f_jpg?from=ke.com
20240924,怀柔,怀柔,101124022429,雁栖一品园B区小区纯南向一居室,155万,20294元/平,低楼层 (共15层) 1室1厅 | 76.38平米 | 南,https://ke-image.ljcdn.com/110000-inspection/db8e3273-f83a-4cc6-bc95-3acf01e0ce2e_1000.jpg!m_fill,w_280,h_210,f_jpg?from=ke.com
20240924,怀柔,怀柔,101124012767,富乐社区一号院 精装修 南北通透,149万,23595元/平,高楼层 (共6层) 2室1厅 | 63.15平米 | 南 北,https://ke-image.ljcdn.com/110000-inspection/pc1_cISfWBWTp.jpg!m_fill,w_280,h_210,f_jpg?from=ke.com
20240924,怀柔,怀柔,101124003692,青春路六院 2室1厅 南,220万,25594元/平,低楼层 (共9层) | 2015年 | 2室1厅 | 85.96平米 | 南,https://ke-image.ljcdn.com/110000-inspection/3b22c51f-251f-4e94-97fd-bdef1ac07bea_1000.jpg!m_fill,w_280,h_210,f_jpg?from=ke.com
20240924,怀柔,怀柔,101123994081,裕华园一区电梯住房精装修拎包入住,155万,19229元/平,高楼层 (共14层) | 2013年 | 2室1厅 | 80.61平米 | 南 北,https://ke-image.ljcdn.com/110000-inspection/e11cbc24-8894-46e9-96e6-075b0117ad20_1000.jpg!m_fill,w_280,h_210,f_jpg?from=ke.com
20240924,怀柔,怀柔,101123985850,翠zhu园2层东边户南北通透精装修拎包入住房主自荐,305万,33758元/平,中楼层 (共5层) 3室1厅 | 90.35平米 | 南 北,https://ke-image.ljcdn.com/110000-inspection/988aa4db-4c7e-49e2-abcd-430b9476ff8a_1000.jpg!m_fill,w_280,h_210,f_jpg?from=ke.com
20240924,怀柔,怀柔,101123977567,金台园 低楼层 2001年建 把边 客厅有窗户,138万,28124元/平,低楼层 (共6层) 1室1厅 | 49.07平米 | 南 北,https://ke-image.ljcdn.com/110000-inspection/4bf90c73-edad-4e53-bf64-e936e48ce45f_1000.jpg!m_fill,w_280,h_210,f_jpg?from=ke.com
20240924,怀柔,怀柔,101123973378,满五南北通透中楼层视野采光佳配套齐全,255万,25472元/平,中楼层 (共6层) 3室2厅 | 100.11平米 | 南 北,https://ke-image.ljcdn.com/110000-inspection/698356a2-6d56-46ae-85b2-a1f65bd96704_1000.jpg!m_fill,w_280,h_210,f_jpg?from=ke.com
20240924,怀柔,怀柔,101123941170,府前街小区 南北通透采光通风好房主自荐,165万,26237元/平,高楼层 (共6层) 2室1厅 | 62.89平米 | 南 北,https://ke-image.ljcdn.com/110000-inspection/54fd144a-f992-4478-9d15-d3ea6a5985b4_1000.jpg!m_fill,w_280,h_210,f_jpg?from=ke.com
20240924,怀柔,怀柔,101123927423,此房满五年唯一南北通透业主诚心出售,280万,28175元/平,底层 (共6层) 3室1厅 | 99.38平米 | 南 北,https://ke-image.ljcdn.com/110000-inspection/pc1_F0nJsw7Jr.jpg!m_fill,w_280,h_210,f_jpg?from=ke.com
20240924,怀柔,怀柔,101123920840,南华园四区 南北通透 价格合适,190万,25314元/平,顶层 (共6层) 2室1厅 | 75.06平米 | 南 北,https://ke-image.ljcdn.com/110000-inspection/pc1_ihVHxuuRr.jpg!m_fill,w_280,h_210,f_jpg?from=ke.com
20240924,怀柔,怀柔,101123920600,东园北区  南北通透  采光好  随时可看,230万,21072元/平,顶层 (共6层) 3室2厅 | 109.15平米 | 南 北,https://ke-image.ljcdn.com/110000-inspection/3e82c151-6a8a-44af-b9c6-21d936aeee0c_1000.jpg!m_fill,w_280,h_210,f_jpg?from=ke.com
20240924,怀柔,怀柔,101123913356,府前东街满五唯一 采光充足,140万,22903元/平,顶层 (共6层) 2室1厅 | 61.13平米 | 西南,https://ke-image.ljcdn.com/110000-inspection/4e9da70e-2053-4728-9d55-e62cdf39ae52_1000.jpg!m_fill,w_280,h_210,f_jpg?from=ke.com
20240924,怀柔,怀柔,101123909512,金台园 3室1厅 南 北,260万,21893元/平,高楼层 (共6层) 3室1厅 | 118.76平米 | 南 北,https://ke-image.ljcdn.com/110000-inspection/660b4f0b-e61b-4699-ba54-51c1bb43703c_1000.jpg!m_fill,w_280,h_210,f_jpg?from=ke.com
20240924,怀柔,怀柔,101123907025,湖光小区丙31号院 南北通透 4居室,615万,30071元/平,底层 (共4层) | 2001年 | 4室3厅 | 204.52平米 | 东 南 北,https://ke-image.ljcdn.com/110000-inspection/c8cb2a08-7b4a-48bd-94b0-a5a943965b86_1000.jpg!m_fill,w_280,h_210,f_jpg?from=ke.com
20240924,怀柔,怀柔,101123900209,青春苑西区 2室1厅 南 北,280万,32370元/平,低楼层 (共6层) | 2000年 | 2室1厅 | 86.5平米 | 南 北,https://ke-image.ljcdn.com/110000-inspection/pc1_k6jigVjTC.jpg!m_fill,w_280,h_210,f_jpg?from=ke.com
20240924,怀柔,怀柔,101123898315,裕华园一区 满五唯一中间楼层 采光好,170万,18959元/平,中楼层 (共16层) 3室1厅 | 89.67平米 | 南 北,https://ke-image.ljcdn.com/110000-inspection/fb413bb1-d1f2-46b8-b9cf-97004b11d918_1000.jpg!m_fill,w_280,h_210,f_jpg?from=ke.com
20240924,怀柔,怀柔,101123883442,南华园三区   三居室    采光好,179万,21181元/平,高楼层 (共6层) 3室1厅 | 84.51平米 | 南 北,https://ke-image.ljcdn.com/110000-inspection/b956cf57-133c-4e02-893b-7a01ba04248d_1000.jpg!m_fill,w_280,h_210,f_jpg?from=ke.com
20240924,怀柔,怀柔,101123880761,东关二区小区满五唯一南北通透格局好,260万,25436元/平,顶层 (共6层) | 1999年 | 3室2厅 | 102.22平米 | 南 北,https://ke-image.ljcdn.com/110000-inspection/33010f7d-e806-45fc-ab12-6a1cfc4e354f_1000.jpg!m_fill,w_280,h_210,f_jpg?from=ke.com
20240924,怀柔,怀柔,101123865681,雁栖一品园B区  环境优美  配套齐全,300万,28711元/平,高楼层 (共15层) 2室2厅 | 104.49平米 | 南,https://ke-image.ljcdn.com/110000-inspection/17f22c62-a044-4acf-bdb7-51381d5518d5_1000.jpg!m_fill,w_280,h_210,f_jpg?from=ke.com
20240924,怀柔,怀柔,101123846385,迎宾中路 三居中间楼层 采光好,265万,28309元/平,中楼层 (共6层) 3室2厅 | 93.61平米 | 东 西,https://ke-image.ljcdn.com/110000-inspection/ec5c0449-debe-49b1-aef4-299923524a61_1000.jpg!m_fill,w_280,h_210,f_jpg?from=ke.com
20240924,怀柔,怀柔,101123845680,青春苑西区南北通透采光好中间楼层,315万,33806元/平,中楼层 (共6层) 3室1厅 | 93.18平米 | 南 北,https://ke-image.ljcdn.com/110000-inspection/eebd9ae5-bfc3-4304-9595-72ca557bbafe_1000.jpg!m_fill,w_280,h_210,f_jpg?from=ke.com
20240924,怀柔,怀柔,101123845039,青春路九院 4室3厅 南 北,320万,29887元/平,底层 (共6层) 4室3厅 | 107.07平米 | 南 北,https://ke-image.ljcdn.com/110000-inspection/a92a676e-2a77-44d5-8310-8a293f75d5e1_1000.jpg!m_fill,w_280,h_210,f_jpg?from=ke.com
20240924,怀柔,怀柔,101123840456,成熟社区 南北通透 采光充足视野好诚意卖 随时签约！,204万,22254元/平,顶层 (共6层) 2室2厅 | 91.67平米 | 南 北,https://ke-image.ljcdn.com/110000-inspection/14898236-882c-4a9b-bd3c-72a0fd9c0e30_1000.jpg!m_fill,w_280,h_210,f_jpg?from=ke.com
20240924,怀柔,怀柔,101123838256,潘家园小区 3室2厅 南 北,200万,21902元/平,高楼层 (共6层) 3室2厅 | 91.32平米 | 南 北,https://ke-image.ljcdn.com/110000-inspection/03188b76-a403-42e4-9975-35e57d2a8902_1000.jpg!m_fill,w_280,h_210,f_jpg?from=ke.com
20240924,怀柔,怀柔,101123836988,栖美园 2室2厅 南 北,215万,21296元/平,中楼层 (共6层) 2室2厅 | 100.96平米 | 南 北,https://ke-image.ljcdn.com/110000-inspection/e1049fee-9c2d-4906-afa5-9d9038c1b1ca_1000.jpg!m_fill,w_280,h_210,f_jpg?from=ke.com
20240924,怀柔,怀柔,101123829347,裕华园一区  采光好  南北朝向,160万,19976元/平,低楼层 (共14层) | 2013年 | 2室1厅 | 80.1平米 | 南 北,https://ke-image.ljcdn.com/110000-inspection/af627b75-b56c-4414-9923-e1ad5f087376_1000.jpg!m_fill,w_280,h_210,f_jpg?from=ke.com
20240924,怀柔,怀柔,101123819919,梅苑花园南北通透两居室中层采光好带电梯,308万,34537元/平,中楼层 (共6层) 3室1厅 | 89.18平米 | 南 北,https://ke-image.ljcdn.com/110000-inspection/2d923147-8ebf-4a2b-aa6f-b70fa56162c7_1000.jpg!m_fill,w_280,h_210,f_jpg?from=ke.com
20240924,怀柔,怀柔,101123812363,顶秀美泉小镇A区精装修大三居南北通透,298万,26100元/平,中楼层 (共4层) 3室2厅 | 114.18平米 | 南 北,https://ke-image.ljcdn.com/110000-inspection/5db27502-1a2c-4cca-8531-4cc3d01ed485_1000.jpg!m_fill,w_280,h_210,f_jpg?from=ke.com
20240924,怀柔,怀柔,101123800577,此房满五唯一中楼层出入方便楼间距大采光好精装,280万,30346元/平,中楼层 (共6层) 3室1厅 | 92.27平米 | 南 北,https://ke-image.ljcdn.com/110000-inspection/f6934725-06b7-4718-9dc9-a939237a69e4_1000.jpg!m_fill,w_280,h_210,f_jpg?from=ke.com
20240924,怀柔,怀柔,101123790137,于家园三区 南北通透 满五唯一,140万,21342元/平,顶层 (共5层) 2室1厅 | 65.6平米 | 南 北,https://ke-image.ljcdn.com/110000-inspection/pc1_GU0j4wq52_1.jpg!m_fill,w_280,h_210,f_jpg?from=ke.com
20240924,怀柔,怀柔,101123784126,青春路一院 3室2厅 南 北,320万,29012元/平,高楼层 (共6层) | 2000年 | 3室2厅 | 110.3平米 | 南 北,https://ke-image.ljcdn.com/110000-inspection/cbc2e7ed-0243-4c2b-994d-d72f30a25776_1000.jpg!m_fill,w_280,h_210,f_jpg?from=ke.com
20240924,怀柔,怀柔,101123777576,凤翔四园满五唯一采光充足南北通透,180万,18940元/平,高楼层 (共6层) 3室2厅 | 95.04平米 | 南 北,https://ke-image.ljcdn.com/110000-inspection/6815770c-81ec-4822-9c33-90c97aad1778_1000.jpg!m_fill,w_280,h_210,f_jpg?from=ke.com
20240924,怀柔,怀柔,101123772080,东园南区 三室一厅 价格实惠 看房方便,205万,24455元/平,高楼层 (共6层) 3室1厅 | 83.83平米 | 南 北,https://ke-image.ljcdn.com/110000-inspection/f0f35a6b-4f65-4363-a674-5e65b8a51699_1000.jpg!m_fill,w_280,h_210,f_jpg?from=ke.com
20240924,怀柔,怀柔,101123758434,府东一条 低楼层 简装修 东西通透 三居室,190万,32630元/平,底层 (共6层) 3室1厅 | 58.23平米 | 东 西,https://ke-image.ljcdn.com/110000-inspection/5153753b-00db-426d-927c-920da564065f_1000.jpg!m_fill,w_280,h_210,f_jpg?from=ke.com
20240924,怀柔,怀柔,101123751135,于家园三区 南北通透两居室 客厅通阳台采光好,138万,19437元/平,顶层 (共6层) 2室1厅 | 71平米 | 南 北,https://ke-image.ljcdn.com/110000-inspection/2ac712a3-9434-40ab-bb22-cee260ba70ca_1000.jpg!m_fill,w_280,h_210,f_jpg?from=ke.com
20240924,怀柔,怀柔,101123743194,湖光小区  精装修 南北通透  诚意出售,194万,22496元/平,顶层 (共5层) 3室1厅 | 86.24平米 | 南 北,https://ke-image.ljcdn.com/110000-inspection/pc1_C2Xs58Nvm.jpg!m_fill,w_280,h_210,f_jpg?from=ke.com
20240924,怀柔,怀柔,101123743129,泉河街道北园社区  南北通透 诚意出售  钥匙房,145万,20020元/平,高楼层 (共6层) 3室1厅 | 72.43平米 | 南 北,https://ke-image.ljcdn.com/110000-inspection/1e18f04c-82e2-415b-863c-e2ece52fca48_1000.jpg!m_fill,w_280,h_210,f_jpg?from=ke.com
20240924,怀柔,怀柔,101123742147,府前街小区   装修好    随时配合看房子,255万,30842元/平,顶层 (共5层) 2室1厅 | 82.68平米 | 南 北,https://ke-image.ljcdn.com/110000-inspection/pc1_pSiPtsc9s.jpg!m_fill,w_280,h_210,f_jpg?from=ke.com
20240924,怀柔,怀柔,101123740625,府前东街小区中楼层好位置满五唯一,245万,30032元/平,中楼层 (共6层) | 2003年 | 3室1厅 | 81.58平米 | 南 北,https://ke-image.ljcdn.com/110000-inspection/60f47d75-1a2e-408c-bb27-221fe2d35438_1000.jpg!m_fill,w_280,h_210,f_jpg?from=ke.com
20240924,怀柔,怀柔,101123740540,南北通透 满五唯一 出行方便 位置佳,175万,28563元/平,低楼层 (共6层) 2室1厅 | 61.27平米 | 南 北,https://ke-image.ljcdn.com/110000-inspection/pc1_T9DiOeYMn.jpg!m_fill,w_280,h_210,f_jpg?from=ke.com
20240924,怀柔,怀柔,101123722041,世嘉光织谷东区  环境优美  配套齐全,205万,26148元/平,中楼层 (共7层) | 2013年 | 1室1厅 | 78.4平米 | 南,https://ke-image.ljcdn.com/110000-inspection/76d4bbb2-2186-4839-bf03-8dc80a6e517b_1000.jpg!m_fill,w_280,h_210,f_jpg?from=ke.com
20240924,怀柔,怀柔,101123719423,青春路七院辣小二对面社区中间楼层南北通透随时看。,168万,26937元/平,中楼层 (共6层) | 1991年 | 2室1厅 | 62.37平米 | 南 北,https://ke-image.ljcdn.com/110000-inspection/pc1_O5hwPJUEv.jpg!m_fill,w_280,h_210,f_jpg?from=ke.com
20240924,怀柔,怀柔,101123719228,富乐小区南里精装修看房方便交通便利,135万,18301元/平,顶层 (共6层) | 1996年 | 2室1厅 | 73.77平米 | 南 北,https://ke-image.ljcdn.com/110000-inspection/f8829073-9b0f-4b2d-bb11-cc20517261e0_1000.jpg!m_fill,w_280,h_210,f_jpg?from=ke.com
20240924,怀柔,怀柔,101123709098,青春路九院南北通透大三居中间楼层适合居住,310万,27299元/平,中楼层 (共6层) 3室2厅 | 113.56平米 | 南 北,https://ke-image.ljcdn.com/110000-inspection/7f98d2e3-645c-43fa-9fe2-58666c183bb7_1000.jpg!m_fill,w_280,h_210,f_jpg?from=ke.com
20240924,怀柔,怀柔,101123706701,满五南朝向大两居配套齐全楼间距大自采暖,200万,19461元/平,顶层 (共15层) 2室1厅 | 102.77平米 | 南 北,https://ke-image.ljcdn.com/110000-inspection/6078663d-9ddb-41ae-883e-8921aff9198c_1000.jpg!m_fill,w_280,h_210,f_jpg?from=ke.com
20240924,怀柔,怀柔,101123706070,满五唯一南北通透采光充足楼层低。,220万,30467元/平,中楼层 (共6层) 2室2厅 | 72.21平米 | 南 北,https://ke-image.ljcdn.com/110000-inspection/75f4acbf-9975-4566-a4de-4a6b6c2cc954_1000.jpg!m_fill,w_280,h_210,f_jpg?from=ke.com
20240924,怀柔,怀柔,101123697173,新贤家园 2室1厅 南,240万,33856元/平,高楼层 (共10层) 2室1厅 | 70.89平米 | 南,https://ke-image.ljcdn.com/110000-inspection/2123dfc2-5b68-40e0-a8f0-e07500ec5f71_1000.jpg!m_fill,w_280,h_210,f_jpg?from=ke.com
20240924,怀柔,怀柔,101123696028,此房相当于满五唯一精装修业主没怎么住过。,279万,27035元/平,中楼层 (共8层) | 2012年 | 2室2厅 | 103.2平米 | 南 北,https://ke-image.ljcdn.com/110000-inspection/pc1_1bpLUAfIN.jpg!m_fill,w_280,h_210,f_jpg?from=ke.com
20240924,怀柔,怀柔,101123672036,怀柔科学城 顶秀美泉小镇B区 电梯两居室,350万,39580元/平,中楼层 (共5层) | 2015年 | 2室1厅 | 88.43平米 | 南 北,https://ke-image.ljcdn.com/110000-inspection/pc1_RkTmo5Bvb.jpg!m_fill,w_280,h_210,f_jpg?from=ke.com
20240924,怀柔,怀柔,101123664818,东关一区低楼层满五唯一南北通透3居停车方便,315万,31909元/平,底层 (共6层) 3室2厅 | 98.72平米 | 南 北,https://ke-image.ljcdn.com/110000-inspection/cc567142-bffc-411f-b814-cbf3079b7f14_1000.jpg!m_fill,w_280,h_210,f_jpg?from=ke.com
20240924,怀柔,怀柔,101123664372,滨湖小区 南北通透三居室户型好,210万,25156元/平,顶层 (共6层) 3室1厅 | 83.48平米 | 南 北,https://ke-image.ljcdn.com/110000-inspection/e1ed0c7e-6be5-4f19-b4ea-6b1e7cd0895b_1000.jpg!m_fill,w_280,h_210,f_jpg?from=ke.com
20240924,怀柔,怀柔,101123664130,梦想家园西区 满五唯一 楼层好 采光好,192万,21540元/平,高楼层 (共14层) | 2014年 | 2室2厅 | 89.14平米 | 南 北,https://ke-image.ljcdn.com/110000-inspection/ba758bb1-d595-4942-b4bb-a7eacb377c7f_1000.jpg!m_fill,w_280,h_210,f_jpg?from=ke.com
20240924,怀柔,怀柔,101123655931,汇都家园 3室2厅 南 北,365万,28348元/平,高楼层 (共6层) 3室2厅 | 128.76平米 | 南 北,https://ke-image.ljcdn.com/110000-inspection/f1c8e5b5-f96a-4356-9a16-9b858afd9a47_1000.jpg!m_fill,w_280,h_210,f_jpg?from=ke.com
20240924,怀柔,怀柔,101123654083,南华街小区 全名格局 单价低 满五唯一能贷款,235万,19921元/平,顶层 (共5层) 4室1厅 | 117.97平米 | 东 南 北,https://ke-image.ljcdn.com/110000-inspection/203e816e-00ce-439d-9237-545ac0993d06_1000.jpg!m_fill,w_280,h_210,f_jpg?from=ke.com
20240924,怀柔,怀柔,101123652743,顶秀美泉小镇C区3-2-1-2,352万,25116元/平,中楼层 (共4层) 3室2厅 | 140.15平米 | 南 北,https://ke-image.ljcdn.com/110000-inspection/800e1595-fbda-4e5a-8e52-34b6910fc325_1000.jpg!m_fill,w_280,h_210,f_jpg?from=ke.com
20240924,怀柔,怀柔,101123650600,泉河园二区新上大面积4居室房源房主自荐,300万,25061元/平,顶层 (共6层) 4室1厅 | 119.71平米 | 南 北,https://ke-image.ljcdn.com/110000-inspection/e5a130a7-0551-4455-bb1e-17774f00d7d6_1000.jpg!m_fill,w_280,h_210,f_jpg?from=ke.com
20240924,怀柔,怀柔,101123642128,府前观邸 电梯房 次顶层 精装修 可贷款,338万,33855元/平,高楼层 (共9层) 2室1厅 | 99.84平米 | 南 北,https://ke-image.ljcdn.com/110000-inspection/d308ce82-2cf4-41e7-83e5-ccbf80524c9d_1000.jpg!m_fill,w_280,h_210,f_jpg?from=ke.com
20240924,怀柔,怀柔,101123640726,此房满五唯一南北通透精装修视野开阔采光好房主自荐,320万,32541元/平,低楼层 (共6层) 3室2厅 | 98.34平米 | 南 北,https://ke-image.ljcdn.com/110000-inspection/aa3af94a-4933-4020-8c3b-d3bd9ccee91b_1000.jpg!m_fill,w_280,h_210,f_jpg?from=ke.com
20240924,怀柔,怀柔,101123640485,此房南北通透大三居户型客厅通阳台 采光充足。,380万,35376元/平,顶层 (共6层) | 2004年 | 3室2厅 | 107.42平米 | 南 北,https://ke-image.ljcdn.com/110000-inspection/f00208b7-c1c3-4021-804d-f5780bb0e03d_1000.jpg!m_fill,w_280,h_210,f_jpg?from=ke.com
20240924,怀柔,怀柔,101123634146,纯南精装1居室满五唯一交通便利,130万,29769元/平,顶层 (共5层) 1室1厅 | 43.67平米 | 南,https://ke-image.ljcdn.com/110000-inspection/71ddfc27-902b-491b-9cd6-1f9ee02feeca_1000.jpg!m_fill,w_280,h_210,f_jpg?from=ke.com
20240924,怀柔,怀柔,101123631449,新樂園 3室2厅 南 北,280万,25684元/平,高楼层 (共6层) 3室2厅 | 109.02平米 | 南 北,https://ke-image.ljcdn.com/110000-inspection/8ebdb631-4e6e-48e7-b0da-7b5331d75547_1000.jpg!m_fill,w_280,h_210,f_jpg?from=ke.com
20240924,怀柔,怀柔,101123629940,馥郁苑 精装修 低楼层 格局方正,348万,37136元/平,低楼层 (共6层) 3室2厅 | 93.71平米 | 南 北,https://ke-image.ljcdn.com/110000-inspection/1efb6d2a-dbdf-4884-96c1-b3239e99a36d_1000.jpg!m_fill,w_280,h_210,f_jpg?from=ke.com
20240924,怀柔,怀柔,101123625603,青春路一院 2室1厅 南 北,160万,26153元/平,顶层 (共6层) 2室1厅 | 61.18平米 | 南 北,https://ke-image.ljcdn.com/110000-inspection/d3749d16-af36-4104-81ba-18182e5f4cef_1000.jpg!m_fill,w_280,h_210,f_jpg?from=ke.com
20240924,怀柔,怀柔,101123620677,湖光小区精装修采光充足楼层好,155万,33148元/平,中楼层 (共6层) 1室1厅 | 46.76平米 | 南,https://ke-image.ljcdn.com/110000-inspection/pc1_d2sNSWaHj.jpg!m_fill,w_280,h_210,f_jpg?from=ke.com
20240924,怀柔,怀柔,101123605790,府前观邸  电梯房楼龄新  南北通透,335万,36993元/平,低楼层 (共9层) 2室1厅 | 90.56平米 | 南 北,https://ke-image.ljcdn.com/110000-inspection/pc1_8RTVNzS9H.jpg!m_fill,w_280,h_210,f_jpg?from=ke.com
20240924,怀柔,怀柔,101123603021,南华园二区南北通透大三居无遮挡视野好,235万,25720元/平,顶层 (共6层) 3室1厅 | 91.37平米 | 南 北,https://ke-image.ljcdn.com/110000-inspection/05a685cc-dbc9-4dd3-9244-fdea28f4c23b_1000.jpg!m_fill,w_280,h_210,f_jpg?from=ke.com
20240924,怀柔,怀柔,101123592035,育龙铭居  环境优美 配套齐全,135万,19447元/平,中楼层 (共6层) | 2011年 | 2室1厅 | 69.42平米 | 东 西,https://ke-image.ljcdn.com/110000-inspection/dbdc1746-1181-43f6-b6d5-5978213a691e_1000.jpg!m_fill,w_280,h_210,f_jpg?from=ke.com
20240924,怀柔,怀柔,101123579936,金善名居满五唯一楼层好视野开阔,145万,19082元/平,高楼层 (共6层) 2室1厅 | 75.99平米 | 南 北,https://ke-image.ljcdn.com/110000-inspection/5cc58d16-ef4b-40f2-9c88-8053636418a9_1000.jpg!m_fill,w_280,h_210,f_jpg?from=ke.com
20240924,怀柔,怀柔,101123575033,南华街小区 南北通透建成年代约1996年可公积金贷款,190万,21263元/平,中楼层 (共5层) 3室1厅 | 89.36平米 | 南 北,https://ke-image.ljcdn.com/110000-inspection/pc1_YKV5WcnD0.jpg!m_fill,w_280,h_210,f_jpg?from=ke.com
20240924,怀柔,怀柔,101123574874,东关一区宽敞大两居视野开阔业主诚意出售,180万,18115元/平,顶层 (共6层) 2室1厅 | 99.37平米 | 南 北,https://ke-image.ljcdn.com/110000-inspection/a8d26152-4019-4bb7-ad4e-adbe086dd389_1000.jpg!m_fill,w_280,h_210,f_jpg?from=ke.com
20240924,怀柔,怀柔,101123574640,业主诚心出售 楼层好 北京城建胜悦居,285万,34842元/平,顶层 (共15层) | 2018年 | 2室1厅 | 81.8平米 | 南,https://ke-image.ljcdn.com/110000-inspection/aa444153-7e55-4808-a10b-4d69e513c7ba_1000.jpg!m_fill,w_280,h_210,f_jpg?from=ke.com
20240924,怀柔,怀柔,101123568120,顶秀美泉欧式小镇 2层南北三居精装修 拎包入住,299万,25699元/平,中楼层 (共4层) | 2012年 | 3室2厅 | 116.35平米 | 南 北,https://ke-image.ljcdn.com/110000-inspection/pc1_CA3LV4tEG.jpg!m_fill,w_280,h_210,f_jpg?from=ke.com
20240924,怀柔,怀柔,101123564052,乐红园 精装修 客厅通阳台 中层 诚意出售,370万,29846元/平,中楼层 (共6层) 3室2厅 | 123.97平米 | 南 北,https://ke-image.ljcdn.com/110000-inspection/2553f668-5e7a-4021-ad61-b141ddba22c8_1000.jpg!m_fill,w_280,h_210,f_jpg?from=ke.com
20240924,怀柔,怀柔,101123559692,北京城建·胜悦居  随时可看 人车分流 楼龄新,238万,32237元/平,顶层 (共15层) | 2018年 | 2室1厅 | 73.83平米 | 南,https://ke-image.ljcdn.com/110000-inspection/pc1_rJioyjBby.jpg!m_fill,w_280,h_210,f_jpg?from=ke.com
20240924,怀柔,怀柔,101123557918,雁栖一品园B区  随时可以看房,299万,28460元/平,低楼层 (共15层) 2室2厅 | 105.06平米 | 南 北,https://ke-image.ljcdn.com/110000-inspection/8ee6cbce-e4f8-4c9d-8738-23b015dc326e_1000.jpg!m_fill,w_280,h_210,f_jpg?from=ke.com
20240924,怀柔,怀柔,101123554103,西园水库边南北通透中间楼层采光好,220万,24795元/平,中楼层 (共6层) 3室1厅 | 88.73平米 | 南 北,https://ke-image.ljcdn.com/110000-inspection/pc1_Q3a7qykAR.jpg!m_fill,w_280,h_210,f_jpg?from=ke.com
20240924,怀柔,怀柔,101123553242,新贤家园 2室1厅 南,290万,40811元/平,中楼层 (共10层) 2室1厅 | 71.06平米 | 南,https://ke-image.ljcdn.com/110000-inspection/b6e763bc-53c3-407e-bffd-ced30a76f0a6_1000.jpg!m_fill,w_280,h_210,f_jpg?from=ke.com
20240924,怀柔,怀柔,101123550395,顶秀美泉小镇A区两室一厅一厨一卫 88.2平,255万,28902元/平,顶层 (共4层) 2室1厅 | 88.23平米 | 南 北,https://ke-image.ljcdn.com/110000-inspection/ec653369-8d72-4e98-8d6b-6517d6b0928e_1000.jpg!m_fill,w_280,h_210,f_jpg?from=ke.com
20240924,怀柔,怀柔,101123548275,北京城建胜悦居楼龄新装修好随时签不临街,250万,33862元/平,高楼层 (共15层) | 2018年 | 2室1厅 | 73.83平米 | 南,https://ke-image.ljcdn.com/110000-inspection/pc1_8FTRAviRM.jpg!m_fill,w_280,h_210,f_jpg?from=ke.com
20240924,怀柔,怀柔,101123539407,胜悦居 南北通透两居室 卫生间带窗 高楼层 采光通风好,315万,35808元/平,中楼层 (共11层) 2室1厅 | 87.97平米 | 南 北,https://ke-image.ljcdn.com/110000-inspection/ee89dfdb-bd94-4aee-9b5c-4ca55a8cb8bf_1000.jpg!m_fill,w_280,h_210,f_jpg?from=ke.com
20240924,怀柔,怀柔,101123537753,八龙桥雅苑 次顶层大一居室装修好房主自荐,110万,18380元/平,中楼层 (共5层) 1室1厅 | 59.85平米 | 西 北,https://ke-image.ljcdn.com/110000-inspection/pc1_CROiaNDBN.jpg!m_fill,w_280,h_210,f_jpg?from=ke.com
20240924,怀柔,怀柔,101123526145,育龙馨居2016年电梯房南北通透小区环境好配套齐全,169万,20865元/平,中楼层 (共11层) 2室1厅 | 81平米 | 南 北,https://ke-image.ljcdn.com/110000-inspection/fe8c4d76-910f-4cc6-86ce-63b14485d6e5_1000.jpg!m_fill,w_280,h_210,f_jpg?from=ke.com
20240924,怀柔,怀柔,101123525971,西园满五唯一南北通透2居室,126万,22428元/平,中楼层 (共5层) 2室1厅 | 56.18平米 | 南 北,https://ke-image.ljcdn.com/110000-inspection/5f32567a-5551-40e6-b834-fae20007c07a_1000.jpg!m_fill,w_280,h_210,f_jpg?from=ke.com
20240924,怀柔,怀柔,101123521908,青春路 南北通透三居室 看房方便,190万,22244元/平,中楼层 (共5层) 3室1厅 | 85.42平米 | 南 北,https://ke-image.ljcdn.com/110000-inspection/pc1_7w6wDhnYt_1.jpg!m_fill,w_280,h_210,f_jpg?from=ke.com
20240924,怀柔,怀柔,101123519759,于家园一区    满五唯一   带地下室  健身楼层 采光好,190万,23603元/平,顶层 (共6层) 3室1厅 | 80.5平米 | 南 北,https://ke-image.ljcdn.com/110000-inspection/dba01ecc-3743-4e93-84fa-107626446976_1000.jpg!m_fill,w_280,h_210,f_jpg?from=ke.com
20240924,怀柔,怀柔,101123499842,成熟社区 客厅通阳台大落地窗 主卧带阳台 南北通透,335万,33767元/平,顶层 (共6层) 3室2厅 | 99.21平米 | 南 北,https://ke-image.ljcdn.com/110000-inspection/ed1a3c6d-f8d9-4d0f-942a-63bd06441e8b_1000.jpg!m_fill,w_280,h_210,f_jpg?from=ke.com
20240924,怀柔,怀柔,101123477494,青春路1号院 南北通透 满五唯一 采光充足,179万,22511元/平,顶层 (共6层) 3室1厅 | 79.52平米 | 南 北,https://ke-image.ljcdn.com/110000-inspection/79a5a219-6330-4ba5-9a26-1d8de9ae016b_1000.jpg!m_fill,w_280,h_210,f_jpg?from=ke.com
20240924,怀柔,怀柔,101123471961,金台园 配套齐全 户型方正 适合居住,265万,29985元/平,顶层 (共6层) 3室1厅 | 88.38平米 | 南 北,https://ke-image.ljcdn.com/110000-inspection/b90cb96d-f481-48e9-b12a-9d2b9c2c063d_1000.jpg!m_fill,w_280,h_210,f_jpg?from=ke.com
20240924,怀柔,怀柔,101123466210,家天下次顶层三居楼层高视野好看房方便,315万,24712元/平,高楼层 (共6层) 3室2厅 | 127.47平米 | 南 北,https://ke-image.ljcdn.com/110000-inspection/82709974-e8e5-4678-84e6-ff823fdf8749_1000.jpg!m_fill,w_280,h_210,f_jpg?from=ke.com
20240924,怀柔,怀柔,101123464376,迎宾中路 3室2厅 南 北,268万,25578元/平,中楼层 (共7层) 3室2厅 | 104.78平米 | 南 北,https://ke-image.ljcdn.com/110000-inspection/50870423-56a6-40cb-9497-5b2419d9fd6c_1000.jpg!m_fill,w_280,h_210,f_jpg?from=ke.com
20240924,怀柔,怀柔,101123428285,泊岸 南北通透 电梯房 采光好,500万,35314元/平,低楼层 (共6层) | 2012年 | 3室2厅 | 141.59平米 | 南 北,https://ke-image.ljcdn.com/110000-inspection/e938792f-7089-4ad4-b3b1-b092e6a0daaf_1000.jpg!m_fill,w_280,h_210,f_jpg?from=ke.com
20240924,怀柔,怀柔,101123419152,育龙铭居 满五唯一 低楼层 楼龄新 有电梯,129万,19490元/平,底层 (共9层) 2室1厅 | 66.19平米 | 东 西,https://ke-image.ljcdn.com/110000-inspection/pc1_DD1THdUKF.jpg!m_fill,w_280,h_210,f_jpg?from=ke.com
20240924,怀柔,怀柔,101123415584,大一居室 南北通透  看房方便  业主诚意出售,121万,20938元/平,高楼层 (共15层) 1室1厅 | 57.79平米 | 南 北,https://ke-image.ljcdn.com/110000-inspection/0b715d7b-bdad-4872-b8c7-8d42ed346d25_1000.jpg!m_fill,w_280,h_210,f_jpg?from=ke.com
20240924,怀柔,怀柔,101123411873,富乐小区南里大三居两卫低楼层适合居住,350万,29631元/平,中楼层 (共6层) | 2000年 | 3室2厅 | 118.12平米 | 南 西 北,https://ke-image.ljcdn.com/110000-inspection/caa5457b-af2e-4e86-b159-bd57bc513a27_1000.jpg!m_fill,w_280,h_210,f_jpg?from=ke.com
20240924,怀柔,怀柔,101123406843,东园南区 南北通透 成熟社区 采光好房主自荐,300万,32155元/平,顶层 (共6层) 3室1厅 | 93.3平米 | 南 北,https://ke-image.ljcdn.com/110000-inspection/85a960f0-3448-4e9c-8cd9-c5bd438b6b3d_1000.jpg!m_fill,w_280,h_210,f_jpg?from=ke.com
20240924,怀柔,怀柔,101123396351,东关一区 电梯房 纯南户型 采光好,180万,24736元/平,顶层 (共6层) 2室1厅 | 72.77平米 | 南 北,https://ke-image.ljcdn.com/110000-inspection/cfa8c3c8-35ae-4ba4-848c-1620b1acfe0e_1000.jpg!m_fill,w_280,h_210,f_jpg?from=ke.com
20240924,怀柔,怀柔,101123390301,停车方便。楼间距大交通便利 精装修,199万,17901元/平,低楼层 (共6层) 3室2厅 | 111.17平米 | 南 北,https://ke-image.ljcdn.com/110000-inspection/69496355-2a70-47b1-b30c-e552fee6c895_1000.jpg!m_fill,w_280,h_210,f_jpg?from=ke.com
20240924,怀柔,怀柔,101123385660,新贤家园 方正一居视野采光充足 小区环境好人车分流,192万,30804元/平,顶层 (共11层) | 2013年 | 1室1厅 | 62.33平米 | 南,https://ke-image.ljcdn.com/110000-inspection/a998260e-1287-4882-a552-e37f01581af7_1000.jpg!m_fill,w_280,h_210,f_jpg?from=ke.com
20240924,怀柔,怀柔,101123378588,小区名称：*富乐小区北里”此房满五年可以配合唯一,150万,20702元/平,中楼层 (共5层) 3室1厅 | 72.46平米 | 南 北,https://ke-image.ljcdn.com/110000-inspection/1cab6fba-2c3e-4cfb-b468-f3ad12f43376_1000.jpg!m_fill,w_280,h_210,f_jpg?from=ke.com
20240924,怀柔,怀柔,101123375451,潘家园小区 采光充足 交通便利 视野宽阔,110万,24865元/平,低楼层 (共6层) 1室1厅 | 44.24平米 | 南,https://ke-image.ljcdn.com/110000-inspection/281f7ad0-5c4e-4762-a07e-f1e38d0a4203_1000.jpg!m_fill,w_280,h_210,f_jpg?from=ke.com
20240924,怀柔,怀柔,101123367796,东苑小区 楼龄新 中间楼层 可公积金贷款 位置好,280万,28364元/平,中楼层 (共6层) 3室1厅 | 98.72平米 | 南 北,https://ke-image.ljcdn.com/110000-inspection/bda08416-b60f-4c66-85c4-bfec932e0d42_1000.jpg!m_fill,w_280,h_210,f_jpg?from=ke.com
20240924,怀柔,怀柔,101123362737,兴怀大街14号院 3室2厅 南 北,255万,26349元/平,顶层 (共6层) | 1998年 | 3室2厅 | 96.78平米 | 南 北,https://ke-image.ljcdn.com/110000-inspection/d44d3ffc-8487-40e5-a5e9-3ec64bbf6a4a_1000.jpg!m_fill,w_280,h_210,f_jpg?from=ke.com
20240924,怀柔,怀柔,101123353877,南华园一区 大三居 精装修  拎包入住,259万,29336元/平,高楼层 (共6层) 3室1厅 | 88.29平米 | 南 北,https://ke-image.ljcdn.com/110000-inspection/pc1_JKjbB81QK.jpg!m_fill,w_280,h_210,f_jpg?from=ke.com
20240924,怀柔,怀柔,101123340360,东园南区 中层 三居室 满五唯一 采光充足,200万,24858元/平,中楼层 (共6层) 3室1厅 | 80.46平米 | 南 北,https://ke-image.ljcdn.com/110000-inspection/b2ddf9c2-3b47-4b95-b086-663c31db3d3b_1000.jpg!m_fill,w_280,h_210,f_jpg?from=ke.com
20240924,怀柔,怀柔,101123338461,杨家园小区 低楼层三居室 南北通透 视野无遮挡,205万,28335元/平,低楼层 (共6层) 3室1厅 | 72.35平米 | 南 北,https://ke-image.ljcdn.com/110000-inspection/765c62e6-d77b-446d-a3e4-adfe36b9b1b1_1000.jpg!m_fill,w_280,h_210,f_jpg?from=ke.com
20240924,怀柔,怀柔,101123317382,湖光小区  95年房龄  满五唯一  客厅通阳台,225万,25404元/平,高楼层 (共6层) 2室2厅 | 88.57平米 | 南 北,https://ke-image.ljcdn.com/110000-inspection/pc1_D2a2TLDKs_1.jpg!m_fill,w_280,h_210,f_jpg?from=ke.com
20240924,怀柔,怀柔,101123315818,龙山御景 2室1厅 南,345万,34267元/平,低楼层 (共18层) 2室1厅 | 100.68平米 | 南,https://ke-image.ljcdn.com/110000-inspection/b3c115c2-c16f-4c92-b09d-62288cf3b794_1000.jpg!m_fill,w_280,h_210,f_jpg?from=ke.com
20240924,怀柔,怀柔,101123311408,下园  满二唯一 出行方便 位置佳 采光好,169万,29859元/平,底层 (共6层) 3室1厅 | 56.6平米 | 南 北,https://ke-image.ljcdn.com/110000-inspection/1a677fb3-b75c-44e8-a8ed-bae7edccb80e_1000.jpg!m_fill,w_280,h_210,f_jpg?from=ke.com
20240924,怀柔,怀柔,101123309805,南华园四区   3层   大三居室,190万,23615元/平,中楼层 (共6层) 3室1厅 | 80.46平米 | 南 北,https://ke-image.ljcdn.com/110000-inspection/c87ce813-3a67-432e-885d-7f057eebe839_1000.jpg!m_fill,w_280,h_210,f_jpg?from=ke.com
20240924,怀柔,怀柔,101123309401,迎宾中路 2室1厅 南 北,140万,21958元/平,中楼层 (共4层) 2室1厅 | 63.76平米 | 南 北,https://ke-image.ljcdn.com/110000-inspection/02179918-6e68-488d-abb7-c672b70f912a_1000.jpg!m_fill,w_280,h_210,f_jpg?from=ke.com
20240924,怀柔,怀柔,101123298375,富乐家园 满五唯一 楼层好 采光通透,230万,24082元/平,中楼层 (共5层) 2室2厅 | 95.51平米 | 东 西,https://ke-image.ljcdn.com/110000-inspection/f89b4f49-6fe7-4cde-a760-42021edd3375_1000.jpg!m_fill,w_280,h_210,f_jpg?from=ke.com
20240924,怀柔,怀柔,101123295521,潘家园小区   房龄新  客厅带窗户  健身楼层,240万,20952元/平,顶层 (共5层) 3室2厅 | 114.55平米 | 南 北,https://ke-image.ljcdn.com/110000-inspection/pc1_jNWXAETmh.jpg!m_fill,w_280,h_210,f_jpg?from=ke.com
20240924,怀柔,怀柔,101123286844,金台园顶层 南北通透三居 楼南是平房无遮挡 视野开阔,199万,25092元/平,顶层 (共6层) | 1996年 | 3室1厅 | 79.31平米 | 南 北,https://ke-image.ljcdn.com/110000-inspection/f7bb28c2-0af6-4a15-bc11-de8187bb24f9_1000.jpg!m_fill,w_280,h_210,f_jpg?from=ke.com
20240924,怀柔,怀柔,101123274115,泉河园二区  南北通透  采光好  无任何遮挡房主自荐,274万,26748元/平,顶层 (共6层) | 2003年 | 3室2厅 | 102.44平米 | 南 北,https://ke-image.ljcdn.com/110000-inspection/8311b71b-8523-47c8-be93-0c26ac0e54a9_1000.jpg!m_fill,w_280,h_210,f_jpg?from=ke.com
20240924,怀柔,怀柔,101123268460,凤瑞二园一层俩居室适合老人换房居住。,140万,20468元/平,底层 (共6层) 2室1厅 | 68.4平米 | 南 北,https://ke-image.ljcdn.com/110000-inspection/32869d41-7cd4-45f9-88e6-d1bac1b16f59_1000.jpg!m_fill,w_280,h_210,f_jpg?from=ke.com
20240924,怀柔,怀柔,101123257144,泉河园二区客厅通阳台前后无遮挡不临街小区中间位置,399万,35763元/平,中楼层 (共5层) 3室1厅 | 111.57平米 | 南 北,https://ke-image.ljcdn.com/110000-inspection/pc1_2Df2eRJKG.jpg!m_fill,w_280,h_210,f_jpg?from=ke.com
20240924,怀柔,怀柔,101123254739,府前东街13号院 小区干净整洁 点击咨询了解,200万,26018元/平,中楼层 (共6层) 3室1厅 | 76.87平米 | 南 北,https://ke-image.ljcdn.com/110000-inspection/9ee4f043-8282-4bb1-b014-908c5b7d9f2c_1000.jpg!m_fill,w_280,h_210,f_jpg?from=ke.com
20240924,怀柔,怀柔,101123254544,小中富乐二区 精装修 次顶层三居室 南北通透,220万,25095元/平,高楼层 (共6层) 3室2厅 | 87.67平米 | 南 北,https://ke-image.ljcdn.com/110000-inspection/bbadaca5-40a2-4070-b232-12b1a0ebc58d_1000.jpg!m_fill,w_280,h_210,f_jpg?from=ke.com
20240924,怀柔,怀柔,101123250619,乐红园 诚意出售 采光充足 南北通透,203万,22397元/平,高楼层 (共6层) 3室1厅 | 90.64平米 | 南 北,https://ke-image.ljcdn.com/110000-inspection/11f7f417-76a1-40ca-9639-c96332ef6611_1000.jpg!m_fill,w_280,h_210,f_jpg?from=ke.com
20240924,怀柔,怀柔,101123241788,成熟社区经典小三居配套完善随时签约！！！,155万,21230元/平,顶层 (共6层) 3室1厅 | 73.01平米 | 南 北,https://ke-image.ljcdn.com/110000-inspection/5137d8d6-7bf3-4958-bc45-5029577584c1_1000.jpg!m_fill,w_280,h_210,f_jpg?from=ke.com
20240924,怀柔,怀柔,101123240226,中楼层户型方正青山绿水空气清新休闲适合宜居,220万,15157元/平,中楼层 (共5层) 2室2厅 | 145.15平米 | 东 西,https://ke-image.ljcdn.com/110000-inspection/e3a22cd8-4077-4950-9c4c-49e7390b05b0_1000.jpg!m_fill,w_280,h_210,f_jpg?from=ke.com
20240924,怀柔,怀柔,101123236625,西园、不唯一、诚心出售、看房方便、出租中,248万,24528元/平,底层 (共5层) 4室2厅 | 101.11平米 | 南 北,https://ke-image.ljcdn.com/110000-inspection/416a7c23-d794-4431-94dd-702e1e07aae4_1000.jpg!m_fill,w_280,h_210,f_jpg?from=ke.com
20240924,怀柔,怀柔,101123213828,龙山御景 3室2厅 南 北 西,699万,48337元/平,低楼层 (共21层) | 2014年 | 3室2厅 | 144.61平米 | 南 北 西,https://ke-image.ljcdn.com/110000-inspection/pc1_WoqUA2wl6_1.jpg!m_fill,w_280,h_210,f_jpg?from=ke.com
20240924,怀柔,怀柔,101123212515,于家园一区 南北通透 小区停车方便  诚意出售,205万,24876元/平,顶层 (共6层) 3室1厅 | 82.41平米 | 南 北,https://ke-image.ljcdn.com/110000-inspection/187dcf8f-3873-42a7-9ebd-0c41bc697358_1000.jpg!m_fill,w_280,h_210,f_jpg?from=ke.com
20240924,怀柔,怀柔,101123204205,成熟社区配套完善 客厅通阳台南北通透随时签约！,283万,30984元/平,中楼层 (共6层) 2室1厅 | 91.34平米 | 南 北,https://ke-image.ljcdn.com/110000-inspection/pc1_6kcv5MCPa.jpg!m_fill,w_280,h_210,f_jpg?from=ke.com
20240924,怀柔,怀柔,101123194084,富乐小区南里 业主诚心出售 带地库（储藏间）,140万,24319元/平,中楼层 (共6层) 1室2厅 | 57.57平米 | 南 西 北,https://ke-image.ljcdn.com/110000-inspection/pc1_PVikM408w.jpg!m_fill,w_280,h_210,f_jpg?from=ke.com
20240924,怀柔,怀柔,101123190997,南华街小区 把边 全明户型 四居室,250万,21030元/平,顶层 (共5层) 4室1厅 | 118.88平米 | 南 北,https://ke-image.ljcdn.com/110000-inspection/48c0ed9c-0ba3-46fe-a419-54e55ff2210d_1000.jpg!m_fill,w_280,h_210,f_jpg?from=ke.com
20240924,怀柔,怀柔,101123187508,小中富乐二区 满五唯一 看房方便 采光好,205万,21994元/平,顶层 (共6层) 3室1厅 | 93.21平米 | 南 北,https://ke-image.ljcdn.com/110000-inspection/d7222dc4-3319-4cf2-935a-f6e4e112b3d2_1000.jpg!m_fill,w_280,h_210,f_jpg?from=ke.com
20240924,怀柔,怀柔,101123187011,南华园四区 客厅通阳台户型 高楼层采光充足,175万,18239元/平,顶层 (共6层) 2室2厅 | 95.95平米 | 南 北,https://ke-image.ljcdn.com/110000-inspection/8ee394b9-4c02-41d4-91fd-8601a3ed0898_1000.jpg!m_fill,w_280,h_210,f_jpg?from=ke.com
20240924,怀柔,怀柔,101123185350,青春路九院  满五唯一 业主诚意出售,160万,25245元/平,顶层 (共6层) 2室1厅 | 63.38平米 | 南 北,https://ke-image.ljcdn.com/110000-inspection/144e2245-65e0-453e-9aae-327db1b2af16_1000.jpg!m_fill,w_280,h_210,f_jpg?from=ke.com
20240924,怀柔,怀柔,101123184664,康馨家园经典南北通透两居室客厅通阳台,219万,30054元/平,高楼层 (共6层) 2室1厅 | 72.87平米 | 南 北,https://ke-image.ljcdn.com/110000-inspection/2e269851-eba4-4356-bd05-fc4a74f84bcb_1000.jpg!m_fill,w_280,h_210,f_jpg?from=ke.com
20240924,怀柔,怀柔,101123180328,房子格局好精装修南北通透适合居住。,220万,20913元/平,高楼层 (共6层) 3室2厅 | 105.2平米 | 南 西 北,https://ke-image.ljcdn.com/110000-inspection/pc1_5bcCcr3Y9_1.jpg!m_fill,w_280,h_210,f_jpg?from=ke.com
20240924,怀柔,怀柔,101123177100,潘家园小区 南北通透 出行方便 前后无遮挡,190万,25030元/平,底层 (共5层) 2室1厅 | 75.91平米 | 南 北,https://ke-image.ljcdn.com/110000-inspection/pc1_931I9cQXX_1.jpg!m_fill,w_280,h_210,f_jpg?from=ke.com
20240924,怀柔,怀柔,101123175915,滨湖小区 满五唯一 楼层好 位置好 交通便利,178万,23652元/平,中楼层 (共5层) 2室1厅 | 75.26平米 | 南 西 北,https://ke-image.ljcdn.com/110000-inspection/pc1_k6KnM3fJw_1.jpg!m_fill,w_280,h_210,f_jpg?from=ke.com
20240924,怀柔,怀柔,101123169736,此房满五年唯一全新精装修保持的很好随时入住,279万,31118元/平,中楼层 (共4层) 2室1厅 | 89.66平米 | 东 南 北,https://ke-image.ljcdn.com/110000-inspection/pc1_1V8J2bfOD_1.jpg!m_fill,w_280,h_210,f_jpg?from=ke.com
20240924,怀柔,怀柔,101123168862,西园 二层有窗户 看房有钥匙 采光充足 南北通透,170万,23727元/平,中楼层 (共5层) 2室1厅 | 71.65平米 | 南 北,https://ke-image.ljcdn.com/110000-inspection/86af940a-ed90-42a9-9d68-c5b82d130e5e_1000.jpg!m_fill,w_280,h_210,f_jpg?from=ke.com
20240924,怀柔,怀柔,101123161691,融城园南区精装修南北通透三居室采光好,258万,22209元/平,中楼层 (共6层) 3室2厅 | 116.17平米 | 南 北,https://ke-image.ljcdn.com/110000-inspection/8e05d47c-0e73-46d4-a0f7-240ee905921a_1000.jpg!m_fill,w_280,h_210,f_jpg?from=ke.com
20240924,怀柔,怀柔,101123160277,新贤家园大三居高楼层采光好诚意卖,438万,34929元/平,高楼层 (共11层) 3室1厅 | 125.4平米 | 南 北,https://ke-image.ljcdn.com/110000-inspection/4b74657d-7cc5-4a21-9b53-97ad1f704f11_1000.jpg!m_fill,w_280,h_210,f_jpg?from=ke.com
20240924,怀柔,怀柔,101123159931,怀柔科学城顶秀美泉小镇A区南北两居室房主自荐,246万,27650元/平,底层 (共4层) 2室1厅 | 88.97平米 | 南 北,https://ke-image.ljcdn.com/110000-inspection/a73a130c-c9ff-4fb8-af1f-87d22fff1296_1000.jpg!m_fill,w_280,h_210,f_jpg?from=ke.com
20240924,怀柔,怀柔,101123139988,北街二号院  业主诚意出售    随时签约,182万,19976元/平,顶层 (共6层) 3室1厅 | 91.11平米 | 南 北,https://ke-image.ljcdn.com/110000-inspection/a2cf7092-9eef-4d8c-924b-3fe4c808a2bb_1000.jpg!m_fill,w_280,h_210,f_jpg?from=ke.com
20240924,怀柔,怀柔,101123137708,东关一区 低层 正规三居 南北通透 房龄新 采光好,310万,29125元/平,底层 (共6层) 3室1厅 | 106.44平米 | 南 北,https://ke-image.ljcdn.com/110000-inspection/26cc6f58-a993-4e0d-813f-101e25081ba4_1000.jpg!m_fill,w_280,h_210,f_jpg?from=ke.com
20240924,怀柔,怀柔,101123127062,于家园二区北院南北通透三居室视野开阔,189万,25792元/平,中楼层 (共6层) 3室1厅 | 73.28平米 | 南 北,https://ke-image.ljcdn.com/110000-inspection/5e703ffc-54e1-402e-834b-18d239222fd8_1000.jpg!m_fill,w_280,h_210,f_jpg?from=ke.com
20240924,怀柔,怀柔,101123120636,幸福东园3号院中间层2居5V1商品房随时看。,137万,17712元/平,中楼层 (共7层) 2室2厅 | 77.35平米 | 南 北,https://ke-image.ljcdn.com/110000-inspection/aafbc163-5bfe-4563-a510-cdb8770642ce_1000.jpg!m_fill,w_280,h_210,f_jpg?from=ke.com
20240924,怀柔,怀柔,101123116133,业主诚心出售南北通透格局户型方正没有浪费面积,256万,20606元/平,顶层 (共6层) 4室2厅 | 124.24平米 | 南 北,https://ke-image.ljcdn.com/110000-inspection/8c42abc9-6bc7-44cc-ad84-5dc6d2b5440d_1000.jpg!m_fill,w_280,h_210,f_jpg?from=ke.com
20240924,怀柔,怀柔,101123106926,光织谷西区 精装3居 满五唯一 楼层好,298万,24782元/平,低楼层 (共7层) | 2012年 | 3室2厅 | 120.25平米 | 南 北,https://ke-image.ljcdn.com/110000-inspection/bb45bc0f-9719-4c72-9d70-a9beb68cf7d7_1000.jpg!m_fill,w_280,h_210,f_jpg?from=ke.com
20240924,怀柔,怀柔,101123102607,青春路 3室1厅 东 西,230万,24034元/平,高楼层 (共6层) 3室1厅 | 95.7平米 | 东 西,https://ke-image.ljcdn.com/110000-inspection/d6a7fe72-1928-4d42-bd0f-e9f19a3cb1c2_1000.jpg!m_fill,w_280,h_210,f_jpg?from=ke.com
20240924,怀柔,怀柔,101123102244,东关二区小区满五唯一低楼层精装修,226万,29347元/平,底层 (共6层) 3室1厅 | 77.01平米 | 南 北,https://ke-image.ljcdn.com/110000-inspection/96c6b3ea-a34d-4593-8166-26611a886520_1000.jpg!m_fill,w_280,h_210,f_jpg?from=ke.com
20240924,怀柔,怀柔,101123102063,益田影人四季花园 南北通透电梯房精装修 拎包入住,233万,22552元/平,顶层 (共8层) | 2012年 | 2室1厅 | 103.32平米 | 南 北,https://ke-image.ljcdn.com/110000-inspection/e53649d5-eafc-4c98-bc1c-2ba2f306ccb0_1000.jpg!m_fill,w_280,h_210,f_jpg?from=ke.com
20240924,怀柔,怀柔,101123099294,迎宾中路 低层 正规三居 全明格局 房龄新 采光好房主自荐,290万,25749元/平,低楼层 (共6层) 3室2厅 | 112.63平米 | 北 南,https://ke-image.ljcdn.com/110000-inspection/e247eefe-0eb3-4f6e-b966-ec993ba70644_1000.jpg!m_fill,w_280,h_210,f_jpg?from=ke.com
20240924,怀柔,怀柔,101123091714,府东一条 2室1厅 南 北,195万,31245元/平,高楼层 (共6层) 2室1厅 | 62.41平米 | 南 北,https://ke-image.ljcdn.com/110000-inspection/7cdf74c3-462d-4b84-8a15-1f682b69307b_1000.jpg!m_fill,w_280,h_210,f_jpg?from=ke.com
20240924,怀柔,怀柔,101123088924,裕华园一区 1室1厅 南 北,115万,22214元/平,中楼层 (共14层) | 2014年 | 1室1厅 | 51.77平米 | 南 北,https://ke-image.ljcdn.com/110000-inspection/f58a19b6-fe16-4319-8b91-44fbae23ad5e_1000.jpg!m_fill,w_280,h_210,f_jpg?from=ke.com
20240924,怀柔,怀柔,101123087771,育龙铭居 满五年唯一 精装修两居室,160万,24217元/平,中楼层 (共8层) 2室1厅 | 66.07平米 | 南 北,https://ke-image.ljcdn.com/110000-inspection/d7cf799b-8114-4f00-9e85-e76e7c814bd0_1000.jpg!m_fill,w_280,h_210,f_jpg?from=ke.com
20240924,怀柔,怀柔,101123085643,康馨家园    两居室  带地下室   随时配合看房子,239万,33872元/平,中楼层 (共6层) 2室1厅 | 70.56平米 | 南,https://ke-image.ljcdn.com/110000-inspection/pc1_LFBtBVtoW.jpg!m_fill,w_280,h_210,f_jpg?from=ke.com
20240924,怀柔,怀柔,101123075461,龙湖花园三号楼一层三居室采光好,238万,27968元/平,底层 (共6层) 3室1厅 | 85.1平米 | 南 北,https://ke-image.ljcdn.com/110000-inspection/196c49e0-c998-42aa-9218-5aabb6740ea3_1000.jpg!m_fill,w_280,h_210,f_jpg?from=ke.com
20240924,怀柔,怀柔,101123071855,世嘉光织谷西区 电梯房 1室1厅,186万,34343元/平,中楼层 (共6层) | 2012年 | 1室1厅 | 54.16平米 | 南 北,https://ke-image.ljcdn.com/110000-inspection/ebf62678-83af-4c62-bd69-f4f48cfb6273_1000.jpg!m_fill,w_280,h_210,f_jpg?from=ke.com
20240924,怀柔,怀柔,101123068278,凤翔四园南北通透3居视野开阔采光充足。,200万,21044元/平,中楼层 (共6层) 3室1厅 | 95.04平米 | 南 北,https://ke-image.ljcdn.com/110000-inspection/8b86eea4-c170-49cb-a2e1-ca73430fb5fe_1000.jpg!m_fill,w_280,h_210,f_jpg?from=ke.com
20240924,怀柔,怀柔,101123051262,南华大街 南北通透 全明格局满五唯一低楼层,186万,23506元/平,低楼层 (共6层) 2室1厅 | 79.13平米 | 南 北,https://ke-image.ljcdn.com/110000-inspection/bfce2c52-5780-484b-9bee-314f3594ba86_1000.jpg!m_fill,w_280,h_210,f_jpg?from=ke.com
20240924,怀柔,怀柔,101123050566,北京城建·胜悦居  看房子提前预约,370万,33757元/平,底层 (共15层) | 2018年 | 3室2厅 | 109.61平米 | 南 北,https://ke-image.ljcdn.com/110000-inspection/a353df35-4b68-46e9-abe2-cad8e7b8c29a_1000.jpg!m_fill,w_280,h_210,f_jpg?from=ke.com
20240924,怀柔,怀柔,101123045466,新新家园  大三居室 自住精装修  业主诚意出售,428万,33920元/平,高楼层 (共15层) | 2017年 | 3室2厅 | 126.18平米 | 南 北,https://ke-image.ljcdn.com/110000-inspection/a44c6e3b-6430-4818-910d-44a98036a751_1000.jpg!m_fill,w_280,h_210,f_jpg?from=ke.com
20240924,怀柔,怀柔,101123036029,于家园三区南北通透的三居室视野宽阔采光充足,370万,27016元/平,低楼层 (共6层) 3室2厅 | 136.96平米 | 南 北,https://ke-image.ljcdn.com/110000-inspection/f52422ce-dd63-4216-a69b-60b551288538_1000.jpg!m_fill,w_280,h_210,f_jpg?from=ke.com
20240924,怀柔,怀柔,101123032961,电梯房 小两居 2013年楼龄 满五唯一,145万,20915元/平,低楼层 (共13层) 2室1厅 | 69.33平米 | 南,https://ke-image.ljcdn.com/110000-inspection/pc1_RRlp7jyD5.jpg!m_fill,w_280,h_210,f_jpg?from=ke.com
20240924,怀柔,怀柔,101123026961,八龙桥雅苑 小区绿化好 低楼层,205万,22832元/平,中楼层 (共5层) | 2008年 | 2室1厅 | 89.79平米 | 南 北,https://ke-image.ljcdn.com/110000-inspection/90e55081-1c33-4bd4-9348-5f0f164cb343_1000.jpg!m_fill,w_280,h_210,f_jpg?from=ke.com
20240924,怀柔,怀柔,101123022634,怀柔科学城 顶秀美泉小镇B区 电梯入户三居室,355万,29777元/平,中楼层 (共7层) | 2015年 | 3室2厅 | 119.22平米 | 南 北,https://ke-image.ljcdn.com/110000-inspection/a00573ab-d98a-4b61-8a3e-beadb9619593_1000.jpg!m_fill,w_280,h_210,f_jpg?from=ke.com
20240924,怀柔,怀柔,101123008080,育龙铭居 南北通透 两居室 户型方正,145万,20792元/平,高楼层 (共6层) | 2011年 | 2室1厅 | 69.74平米 | 南 北,https://ke-image.ljcdn.com/110000-inspection/pc1_7gKXbTMRX.jpg!m_fill,w_280,h_210,f_jpg?from=ke.com
20240924,怀柔,怀柔,101123005074,此房满五唯一 南北通透视野好位置好,290万,30543元/平,顶层 (共6层) 2室2厅 | 94.95平米 | 南 北,https://ke-image.ljcdn.com/110000-inspection/aea09047-abbc-4bfb-8baa-a632cd26c5dd_1000.jpg!m_fill,w_280,h_210,f_jpg?from=ke.com
20240924,怀柔,怀柔,101123004851,雁栖一品园B区 满五唯一 采光充足,208万,20417元/平,低楼层 (共14层) 2室1厅 | 101.88平米 | 南 北,https://ke-image.ljcdn.com/110000-inspection/0b648380-40be-43f0-b18d-6dee28a8d36f_1000.jpg!m_fill,w_280,h_210,f_jpg?from=ke.com
20240924,怀柔,怀柔,101123000581,柏泉庄园雁舞园A区新房源卖点介绍,280万,23166元/平,底层 (共11层) 3室1厅 | 120.87平米 | 南 北,https://ke-image.ljcdn.com/110000-inspection/424113d4-5b52-48e7-8447-5e3885503812_1000.jpg!m_fill,w_280,h_210,f_jpg?from=ke.com
20240924,怀柔,怀柔,101122999999,柏泉庄园雁舞园A区三居室业主诚意出售 看房方便,246万,20266元/平,底层 (共11层) 3室1厅 | 121.39平米 | 南 北,https://ke-image.ljcdn.com/110000-inspection/463927f2-5e66-4066-a60b-dd487c83ebeb_1000.jpg!m_fill,w_280,h_210,f_jpg?from=ke.com
20240924,怀柔,怀柔,101122965402,滨河馨居优质房源诚意出售多多推荐,220万,23490元/平,中楼层 (共11层) 3室1厅 | 93.66平米 | 南 北,https://ke-image.ljcdn.com/110000-inspection/fa972acd-21df-421d-9cda-444431b648aa_1000.jpg!m_fill,w_280,h_210,f_jpg?from=ke.com
20240924,怀柔,怀柔,101122958205,小中富乐二区 满五唯一 南北通透三居 高层视野采光好,230万,18808元/平,顶层 (共6层) 3室2厅 | 122.29平米 | 南 北,https://ke-image.ljcdn.com/110000-inspection/355d56b6-97b1-4d7f-95e1-5b4e12a350ef_1000.jpg!m_fill,w_280,h_210,f_jpg?from=ke.com
20240924,怀柔,怀柔,101122949720,青春路六院电梯房满三年唯一的商品房,232万,29886元/平,低楼层 (共9层) | 2015年 | 3室1厅 | 77.63平米 | 南 北,https://ke-image.ljcdn.com/110000-inspection/7ca82c18-0b8f-4601-96e5-a3c0d3a94aa6_1000.jpg!m_fill,w_280,h_210,f_jpg?from=ke.com
20240924,怀柔,怀柔,101122948459,南北通透两居室采光好通风好居住舒适配套齐全,155万,23326元/平,顶层 (共8层) | 2012年 | 2室1厅 | 66.45平米 | 南 北,https://ke-image.ljcdn.com/110000-inspection/9347f9cb-0916-42e3-a1c6-954c72107144_1000.jpg!m_fill,w_280,h_210,f_jpg?from=ke.com
20240924,怀柔,怀柔,101122945362,幸福东园1号院南北通透三居室,150万,18264元/平,中楼层 (共6层) 3室1厅 | 82.13平米 | 南 北,https://ke-image.ljcdn.com/110000-inspection/0f7cc225-8cd6-4758-98b8-ddabd44d38e2_1000.jpg!m_fill,w_280,h_210,f_jpg?from=ke.com
20240924,怀柔,怀柔,101122934492,顶秀美泉小镇B区南北通透电梯房,225万,25143元/平,底层 (共5层) | 2015年 | 2室1厅 | 89.49平米 | 南 北,https://ke-image.ljcdn.com/110000-inspection/e842411d-aac5-4e06-8f88-90f4d4771767_1000.jpg!m_fill,w_280,h_210,f_jpg?from=ke.com
20240924,怀柔,怀柔,101122927886,泉河园二区 3室2厅 南 北,279万,26289元/平,顶层 (共6层) 3室2厅 | 106.13平米 | 南 北,https://ke-image.ljcdn.com/110000-inspection/b40d928a-2914-4405-bc38-b36987cff04f_1000.jpg!m_fill,w_280,h_210,f_jpg?from=ke.com
20240924,怀柔,怀柔,101122917237,八龙桥雅苑 2室2厅 南 北,208万,23142元/平,中楼层 (共5层) 2室2厅 | 89.88平米 | 南 北,https://ke-image.ljcdn.com/110000-inspection/ca765d13-5e76-40b4-8ba2-f9b19cbaaa0e_1000.jpg!m_fill,w_280,h_210,f_jpg?from=ke.com
20240924,怀柔,怀柔,101122897370,府前东街13号院 3室1厅 南 北,180万,23417元/平,顶层 (共6层) 3室1厅 | 76.87平米 | 南 北,https://ke-image.ljcdn.com/110000-inspection/bec2b043-bd55-4f37-9e24-2f290224aec5_1000.jpg!m_fill,w_280,h_210,f_jpg?from=ke.com
20240924,怀柔,怀柔,101122888236,滨河馨居房源多多推荐诚意出售楼层采光好,209万,22315元/平,中楼层 (共11层) 3室1厅 | 93.66平米 | 南 北,https://ke-image.ljcdn.com/110000-inspection/b1922877-7e21-46f5-b5a5-3f1ea90d0f3c_1000.jpg!m_fill,w_280,h_210,f_jpg?from=ke.com
20240924,怀柔,怀柔,101122886232,滨湖小区 3室1厅 南 北,230万,28060元/平,低楼层 (共6层) | 1991年 | 3室1厅 | 81.97平米 | 南 北,https://ke-image.ljcdn.com/110000-inspection/pc1_kc8srDQlw.jpg!m_fill,w_280,h_210,f_jpg?from=ke.com
20240924,怀柔,怀柔,101122882591,融城园南区 南北通透 三居室 视野好,156万,18969元/平,顶层 (共6层) 3室1厅 | 82.24平米 | 南 北,https://ke-image.ljcdn.com/110000-inspection/b2036c4d-a303-4d2e-8d62-30307643efa4_1000.jpg!m_fill,w_280,h_210,f_jpg?from=ke.com
20240924,怀柔,怀柔,101122870246,富乐社区一号院南北通透业主人很好,165万,25103元/平,低楼层 (共6层) 2室1厅 | 65.73平米 | 南 北,https://ke-image.ljcdn.com/110000-inspection/c5dfd264-8220-4778-8d03-2d89edd14ff2_1000.jpg!m_fill,w_280,h_210,f_jpg?from=ke.com
20240924,怀柔,怀柔,101122868293,凤瑞二园  采光好楼层低,127万,18568元/平,中楼层 (共5层) 2室1厅 | 68.4平米 | 南 北,https://ke-image.ljcdn.com/110000-inspection/06f37a0d-a0c4-4bb2-a4a2-104b3be161da_1000.jpg!m_fill,w_280,h_210,f_jpg?from=ke.com
20240924,怀柔,怀柔,101122842104,此房采光充足南北通透前后无遮挡满五唯一,238万,22916元/平,顶层 (共6层) 2室2厅 | 103.86平米 | 南 北,https://ke-image.ljcdn.com/110000-inspection/e33adeec-2ba4-45a8-a50c-ee5746f7340e_1000.jpg!m_fill,w_280,h_210,f_jpg?from=ke.com
20240924,怀柔,怀柔,101122834146,融城园南区 大三居 双卫 南北通透 采光好 落地窗 可议,240万,19161元/平,高楼层 (共6层) 3室2厅 | 125.26平米 | 南 北,https://ke-image.ljcdn.com/110000-inspection/pc1_heKm6YI0V_1.jpg!m_fill,w_280,h_210,f_jpg?from=ke.com
20240924,怀柔,怀柔,101122814388,红螺家园 2居南北通透 采光好视野宽阔,230万,25656元/平,顶层 (共5层) 2室2厅 | 89.65平米 | 南 北,https://ke-image.ljcdn.com/110000-inspection/72d00789-542e-4fe6-a5fc-5c7b12862651_1000.jpg!m_fill,w_280,h_210,f_jpg?from=ke.com
20240924,怀柔,怀柔,101122810121,东关一区满五唯一南北通透格局楼层好采光充足房主自荐,240万,25735元/平,中楼层 (共7层) 3室1厅 | 93.26平米 | 南 北,https://ke-image.ljcdn.com/110000-inspection/562dbf25-e28c-48fb-87e8-84c3d27940e0_1000.jpg!m_fill,w_280,h_210,f_jpg?from=ke.com
20240924,怀柔,怀柔,101122809672,金善名居南北通透低楼层采光好,185万,22806元/平,底层 (共6层) 2室1厅 | 81.12平米 | 南 北,https://ke-image.ljcdn.com/110000-inspection/5ce42eb0-8660-490f-ac01-6c9be2a82c31_1000.jpg!m_fill,w_280,h_210,f_jpg?from=ke.com
20240924,怀柔,怀柔,101122806926,房子中等楼层  诚意出售   看房方便,150万,18597元/平,中楼层 (共7层) 2室1厅 | 80.66平米 | 南 北,https://ke-image.ljcdn.com/110000-inspection/48656417-611b-41ef-9b49-99febde60bf8_1000.jpg!m_fill,w_280,h_210,f_jpg?from=ke.com
20240924,怀柔,怀柔,101122802294,北京城建胜悦居新上两居室中层采光好看房提前约,295万,37870元/平,中楼层 (共15层) 2室1厅 | 77.9平米 | 南,https://ke-image.ljcdn.com/110000-inspection/47073e89-0a5e-490a-87db-caf47a4a1580_1000.jpg!m_fill,w_280,h_210,f_jpg?from=ke.com
20240924,怀柔,怀柔,101122797057,馥郁苑二期   三居室  电梯房业主诚意出售,243万,26707元/平,底层 (共6层) | 2017年 | 3室1厅 | 90.99平米 | 南 北,https://ke-image.ljcdn.com/110000-inspection/5b1675e8-7080-4762-a0f0-1aa3b8a2ada3_1000.jpg!m_fill,w_280,h_210,f_jpg?from=ke.com
20240924,怀柔,怀柔,101122785935,梦想家园东区大三居采光充足格局方正,290万,28183元/平,中楼层 (共15层) 3室1厅 | 102.9平米 | 南 北,https://ke-image.ljcdn.com/110000-inspection/ee0225ff-b177-4597-b841-5939780f304a_1000.jpg!m_fill,w_280,h_210,f_jpg?from=ke.com
20240924,怀柔,怀柔,101122778941,青春苑西区 中楼层 南北通透 前边有花园,249万,33961元/平,中楼层 (共7层) 2室1厅 | 73.32平米 | 北 南,https://ke-image.ljcdn.com/110000-inspection/205f396b-8d2e-4e0d-b8aa-230110cdc4a0_1000.jpg!m_fill,w_280,h_210,f_jpg?from=ke.com
20240924,怀柔,怀柔,101122768621,顶秀美泉小镇C区精装修三居室南北通透采光充足,360万,25629元/平,中楼层 (共4层) 3室2厅 | 140.47平米 | 南 北,https://ke-image.ljcdn.com/110000-inspection/2a599b73-bbd0-4137-bdb6-538309110f9c_1000.jpg!m_fill,w_280,h_210,f_jpg?from=ke.com
20240924,怀柔,怀柔,101122751446,顶秀美泉小镇B区带电梯 南北通透采光通风好 户型方正,290万,32439元/平,中楼层 (共5层) | 2015年 | 2室1厅 | 89.4平米 | 南 北,https://ke-image.ljcdn.com/110000-inspection/8d57b635-3d9c-44f6-961a-fa7827ed9bb8_1000.jpg!m_fill,w_280,h_210,f_jpg?from=ke.com
20240924,怀柔,怀柔,101122743918,杨家园小区 采光充足 南北通透 诚意出售,188万,26036元/平,中楼层 (共6层) 3室1厅 | 72.21平米 | 南 北,https://ke-image.ljcdn.com/110000-inspection/96cd6248-d291-4ddc-af4b-e793279fa0d8_1000.jpg!m_fill,w_280,h_210,f_jpg?from=ke.com
20240924,怀柔,怀柔,101122738372,电梯房顶层南北通透满五不唯一  业主诚意出售,297万,24451元/平,顶层 (共11层) 3室2厅 | 121.47平米 | 南 北,https://ke-image.ljcdn.com/110000-inspection/efdd11ae-e402-4c23-8949-04c5bbce9951_1000.jpg!m_fill,w_280,h_210,f_jpg?from=ke.com
20240924,怀柔,怀柔,101122738254,此房朝南北户型采光充足电梯房满五唯一,200万,22445元/平,底层 (共12层) 2室1厅 | 89.11平米 | 南 北,https://ke-image.ljcdn.com/110000-inspection/2a52de4b-c946-40b4-a5a8-4487bbecc9f9_1000.jpg!m_fill,w_280,h_210,f_jpg?from=ke.com
20240924,怀柔,怀柔,101122737889,东关一区南北通透满五唯一户型好,250万,27794元/平,高楼层 (共6层) 3室1厅 | 89.95平米 | 南 北,https://ke-image.ljcdn.com/110000-inspection/37c8acec-79c1-418a-b100-df18052e5130_1000.jpg!m_fill,w_280,h_210,f_jpg?from=ke.com
20240924,怀柔,怀柔,101122737156,怀柔新新家园南北通透配套设施齐全交通便利,215万,30737元/平,底层 (共6层) 2室1厅 | 69.95平米 | 南 北,https://ke-image.ljcdn.com/110000-inspection/d7d67445-d3d7-453f-87da-584628ed5890_1000.jpg!m_fill,w_280,h_210,f_jpg?from=ke.com
20240924,怀柔,怀柔,101122734652,新贤家园  人车分流  楼龄新   带地下室,235万,32517元/平,中楼层 (共11层) | 2013年 | 2室1厅 | 72.27平米 | 东北,https://ke-image.ljcdn.com/110000-inspection/6b2c61f1-b623-44f6-8a42-51af85a425cf_1000.jpg!m_fill,w_280,h_210,f_jpg?from=ke.com
20240924,怀柔,怀柔,101122729531,柏泉庄园雁舞园A区   大三居室  客厅通阳台  落地窗,260万,21419元/平,底层 (共9层) 3室2厅 | 121.39平米 | 南 北,https://ke-image.ljcdn.com/110000-inspection/pc1_T8mG6wSoT.jpg!m_fill,w_280,h_210,f_jpg?from=ke.com
20240924,怀柔,怀柔,101122723693,青春路七院 中间楼层 采光好 位置好 出行便利,176万,31273元/平,中楼层 (共5层) 2室1厅 | 56.28平米 | 南,https://ke-image.ljcdn.com/110000-inspection/3648dc3e-65b5-4dbc-aa1f-53dd05759dc4_1000.jpg!m_fill,w_280,h_210,f_jpg?from=ke.com
20240924,怀柔,怀柔,101122707646,水岸雁栖 顶层带大隔层视野开阔户型方正 景色美,547万,38743元/平,顶层 (共5层) | 2021年 | 3室2厅 | 141.19平米 | 西 南,https://ke-image.ljcdn.com/110000-inspection/1535cc85-70ff-4c44-ba7e-725cf9047479_1000.jpg!m_fill,w_280,h_210,f_jpg?from=ke.com
20240924,怀柔,怀柔,101122704167,后横街小区 低楼层 满五唯一 拎包入住,118万,29656元/平,底层 (共6层) 2室1厅 | 39.79平米 | 南,https://ke-image.ljcdn.com/110000-inspection/f46b2d5e-093a-4c51-8a52-543beee2d051_1000.jpg!m_fill,w_280,h_210,f_jpg?from=ke.com
20240924,怀柔,怀柔,101122699055,迎宾中路 2室2厅 南 北,178万,20550元/平,顶层 (共6层) 2室2厅 | 86.62平米 | 南 北,https://ke-image.ljcdn.com/110000-inspection/8f974210-0ba6-4560-9c72-6f06d93ff357_1000.jpg!m_fill,w_280,h_210,f_jpg?from=ke.com
20240924,怀柔,怀柔,101122697169,青春路一院 低层 正规两居 全明格局 采光好,190万,31694元/平,底层 (共6层) 2室1厅 | 59.95平米 | 东 西 北,https://ke-image.ljcdn.com/110000-inspection/d14f1475-2be7-489d-bab2-843ed34e6dea_1000.jpg!m_fill,w_280,h_210,f_jpg?from=ke.com
20240924,怀柔,怀柔,101122680579,滨湖小区  二居室  看房方便  业主诚意出售,135万,21966元/平,顶层 (共6层) | 1991年 | 2室1厅 | 61.46平米 | 南 北,https://ke-image.ljcdn.com/110000-inspection/8018ffde-0210-4107-80b9-a1134e1bb8d8_1000.jpg!m_fill,w_280,h_210,f_jpg?from=ke.com
20240924,怀柔,怀柔,101122672761,东关一区南北通透楼层高视野开阔采光充足,285万,28870元/平,顶层 (共6层) 3室1厅 | 98.72平米 | 南 北,https://ke-image.ljcdn.com/110000-inspection/81cad8ac-9e02-402b-96d0-7bbd8f5a9cab_1000.jpg!m_fill,w_280,h_210,f_jpg?from=ke.com
20240924,怀柔,怀柔,101122662571,融城北区  低层业主诚意出售  随时签约,170万,21272元/平,底层 (共6层) 2室1厅 | 79.92平米 | 南 北,https://ke-image.ljcdn.com/110000-inspection/d561b592-550f-411a-ab3d-1f148c72b999_1000.jpg!m_fill,w_280,h_210,f_jpg?from=ke.com
20240924,怀柔,怀柔,101122654917,府前东街2000年以后优质小区出售,285万,34970元/平,中楼层 (共6层) 3室1厅 | 81.5平米 | 南 北,https://ke-image.ljcdn.com/110000-inspection/5561e995-efdb-4679-aa58-3f19e764f387_1000.jpg!m_fill,w_280,h_210,f_jpg?from=ke.com
20240924,怀柔,怀柔,101122652038,世嘉光织谷西区边户四居室满五年唯一看房提前预约,508万,28099元/平,中楼层 (共4层) 4室2厅 | 180.79平米 | 南 西 北,https://ke-image.ljcdn.com/110000-inspection/9520205d-864c-41f0-a256-e715ddeb0889_1000.jpg!m_fill,w_280,h_210,f_jpg?from=ke.com
20240924,怀柔,怀柔,101122648078,世嘉光织谷东区电梯房南北通透配套齐全,230万,24979元/平,中楼层 (共7层) 2室1厅 | 92.08平米 | 南,https://ke-image.ljcdn.com/110000-inspection/e5d8a304-1e2d-4abf-8aef-b8632523543b_1000.jpg!m_fill,w_280,h_210,f_jpg?from=ke.com
20240924,怀柔,怀柔,101122646302,裕华园一区  电梯房  精装修 采光好,130万,19778元/平,中楼层 (共15层) 2室1厅 | 65.73平米 | 东 南,https://ke-image.ljcdn.com/110000-inspection/765e1372-bf6b-4b41-806b-7db1e6886849_1000.jpg!m_fill,w_280,h_210,f_jpg?from=ke.com
20240924,怀柔,怀柔,101122633199,金台园 六层 客厅通阳台户型南北通透采光充足,246万,26063元/平,顶层 (共6层) 3室2厅 | 94.39平米 | 南 北,https://ke-image.ljcdn.com/110000-inspection/e85a56f0-77c9-4fc9-90de-f7e7318ee4a8_1000.jpg!m_fill,w_280,h_210,f_jpg?from=ke.com
20240924,怀柔,怀柔,101122627136,和泰家园   三居室   落地窗采光好,318万,29245元/平,中楼层 (共6层) 3室2厅 | 108.74平米 | 南 北,https://ke-image.ljcdn.com/110000-inspection/72fac067-c88c-48c8-bfd1-55102c066cd3_1000.jpg!m_fill,w_280,h_210,f_jpg?from=ke.com
20240924,怀柔,怀柔,101122618972,湖光小区 中层 朝南户型 采光好 诚意出售 价格可议,115万,21532元/平,中楼层 (共5层) 2室1厅 | 53.41平米 | 南,https://ke-image.ljcdn.com/110000-inspection/1390b0a7-3c8b-42be-bdac-848e3f5a1d0d_1000.jpg!m_fill,w_280,h_210,f_jpg?from=ke.com
20240924,怀柔,怀柔,101122604363,府前龙樾 楼龄新 电梯入户 高层采光足 精装拎包住房主自荐,660万,44607元/平,中楼层 (共12层) 4室2厅 | 147.96平米 | 南 北,https://ke-image.ljcdn.com/110000-inspection/pc1_yA8qhiWNA.jpg!m_fill,w_280,h_210,f_jpg?from=ke.com
20240924,怀柔,怀柔,101122597711,精装修 中层 客厅通阳台 满五,360万,30628元/平,中楼层 (共5层) 3室1厅 | 117.54平米 | 南 北,https://ke-image.ljcdn.com/110000-inspection/c8697a40-6220-4874-ac23-9fb677bc5f30_1000.jpg!m_fill,w_280,h_210,f_jpg?from=ke.com
20240924,怀柔,怀柔,101122593641,湖光小区南通透采光好看房方便诚意出售,189万,28568元/平,顶层 (共5层) 2室1厅 | 66.16平米 | 南,https://ke-image.ljcdn.com/110000-inspection/30f6cf39-2171-4b49-8ff6-e1feb9e7073f_1000.jpg!m_fill,w_280,h_210,f_jpg?from=ke.com
20240924,怀柔,怀柔,101122588978,水岸雁栖精装修电梯房交通便利居住舒适,307.5万,36573元/平,中楼层 (共5层) | 2021年 | 2室1厅 | 84.08平米 | 东 西,https://ke-image.ljcdn.com/110000-inspection/6dbabd09-f42c-49c2-b786-8c95bf6ba64d_1000.jpg!m_fill,w_280,h_210,f_jpg?from=ke.com
20240924,怀柔,怀柔,101122588670,于家园二区南院 顶层东西通透 精装三居 层高2.8米,200万,21952元/平,顶层 (共6层) | 1999年 | 3室1厅 | 91.11平米 | 东 西,https://ke-image.ljcdn.com/110000-inspection/0430b7bd-6f96-4661-a78c-9547c62f4aa7_1000.jpg!m_fill,w_280,h_210,f_jpg?from=ke.com
20240924,怀柔,怀柔,101122588189,滨湖小区楼层好视野开阔配套齐全诚心出售,175万,28474元/平,高楼层 (共6层) | 1991年 | 2室1厅 | 61.46平米 | 南 北,https://ke-image.ljcdn.com/110000-inspection/34808271-0c0e-4b5c-b837-82888a88f28a_1000.jpg!m_fill,w_280,h_210,f_jpg?from=ke.com
20240924,怀柔,怀柔,101122585543,于家园一区  视野采光充足 无遮挡,265万,29547元/平,高楼层 (共6层) 3室2厅 | 89.69平米 | 南 北,https://ke-image.ljcdn.com/110000-inspection/pc1_BWkyK0kj7.jpg!m_fill,w_280,h_210,f_jpg?from=ke.com
20240924,怀柔,怀柔,101122585211,青春路1号院   两居室  1层 把西边  全明格局,210万,28713元/平,底层 (共6层) 2室1厅 | 73.14平米 | 南 北,https://ke-image.ljcdn.com/110000-inspection/pc1_xc2yso9kJ_1.jpg!m_fill,w_280,h_210,f_jpg?from=ke.com
20240924,怀柔,怀柔,101122581278,裕华园一区电梯房  能贷款 南北通透,100万,19328元/平,低楼层 (共15层) | 2014年 | 1室1厅 | 51.74平米 | 南 北,https://ke-image.ljcdn.com/110000-inspection/75fad5e0-71c1-4783-a19a-14bfb97e180f_1000.jpg!m_fill,w_280,h_210,f_jpg?from=ke.com
20240924,怀柔,怀柔,101122566695,潘家园小区 南北通透采光好 视野宽阔 楼层好 交通便利,280万,26975元/平,底层 (共6层) 3室1厅 | 103.8平米 | 南 北,https://ke-image.ljcdn.com/110000-inspection/d0aa8e40-79cd-4beb-bd36-eaf42cac6fe8_1000.jpg!m_fill,w_280,h_210,f_jpg?from=ke.com
20240924,怀柔,怀柔,101122540068,精装修 楼层新 高层 电梯房 采光通透度好,280万,30475元/平,顶层 (共6层) 2室2厅 | 91.88平米 | 南 北,https://ke-image.ljcdn.com/110000-inspection/b0cce1c8-b333-4cdd-b0e0-1621569e36a2_1000.jpg!m_fill,w_280,h_210,f_jpg?from=ke.com
20240924,怀柔,怀柔,101122528568,湖光小区   两居室  满五唯一,115万,20522元/平,顶层 (共6层) 2室1厅 | 56.04平米 | 东 南,https://ke-image.ljcdn.com/110000-inspection/ef2fe6e7-6d7f-4071-b69e-ebca07cbcde0_1000.jpg!m_fill,w_280,h_210,f_jpg?from=ke.com
20240924,怀柔,怀柔,101122524084,富乐大街9号院 满五唯一 产权清晰,269万,28021元/平,高楼层 (共6层) 3室1厅 | 96平米 | 南 北,https://ke-image.ljcdn.com/110000-inspection/1984489e-668c-4076-81fa-0c2cec3f0b2e_1000.jpg!m_fill,w_280,h_210,f_jpg?from=ke.com
20240924,怀柔,怀柔,101122521206,龙山御景南北双阳台观水景致臻装修畅享生活满五唯一,600万,38683元/平,中楼层 (共25层) 3室2厅 | 155.11平米 | 南 北,https://ke-image.ljcdn.com/110000-inspection/b1994940-9ec5-4154-9a45-acd5b6e582e2_1000.jpg!m_fill,w_280,h_210,f_jpg?from=ke.com
20240924,怀柔,怀柔,101122518471,此房低楼层青山绿水空气清新休闲适合宜居,200万,13733元/平,底层 (共5层) 2室2厅 | 145.64平米 | 东 西,https://ke-image.ljcdn.com/110000-inspection/ac67b95d-9779-4a45-9486-445be90cd760_1000.jpg!m_fill,w_280,h_210,f_jpg?from=ke.com
20240924,怀柔,怀柔,101122508711,栖美园  两居室   精装修  满五唯一,130万,18152元/平,顶层 (共6层) 2室1厅 | 71.62平米 | 西 北,https://ke-image.ljcdn.com/110000-inspection/665404ff-841f-469b-be70-83e573d59f19_1000.jpg!m_fill,w_280,h_210,f_jpg?from=ke.com
20240924,怀柔,怀柔,101122508399,青春路六院电梯房低楼层西南朝向,165万,25863元/平,低楼层 (共9层) | 2015年 | 2室1厅 | 63.8平米 | 南 西,https://ke-image.ljcdn.com/110000-inspection/73d74057-ad48-40bd-8e60-73059b126ce0_1000.jpg!m_fill,w_280,h_210,f_jpg?from=ke.com
20240924,怀柔,怀柔,101122498007,栖美园  满五唯一  诚意出售  看房方便,159万,20682元/平,底层 (共6层) | 2003年 | 2室1厅 | 76.88平米 | 东 北,https://ke-image.ljcdn.com/110000-inspection/bdc9b7ea-0181-494b-88bc-4528af6fb542_1000.jpg!m_fill,w_280,h_210,f_jpg?from=ke.com
20240924,怀柔,怀柔,101122496464,栖美园   大两居室   带电梯  看房子有钥匙,265万,20829元/平,中楼层 (共6层) | 2005年 | 2室2厅 | 127.23平米 | 南 北,https://ke-image.ljcdn.com/110000-inspection/00084764-0b78-4939-ae1a-c743946114fc_1000.jpg!m_fill,w_280,h_210,f_jpg?from=ke.com
20240924,怀柔,怀柔,101122495604,丽湖馨居 2室1厅 南,325万,31926元/平,低楼层 (共12层) | 2004年 | 2室1厅 | 101.8平米 | 南,https://ke-image.ljcdn.com/110000-inspection/0e79c785-53ae-4331-b179-cd9fcf0d232c_1000.jpg!m_fill,w_280,h_210,f_jpg?from=ke.com
20240924,怀柔,怀柔,101122480125,潘家园小区满五唯一视野宽阔采光好配套齐全。,200万,21480元/平,高楼层 (共6层) | 1997年 | 3室1厅 | 93.11平米 | 南 北,https://ke-image.ljcdn.com/110000-inspection/dc7b0bfe-2488-4a57-b8ab-6315bd4bd3be_1000.jpg!m_fill,w_280,h_210,f_jpg?from=ke.com
20240924,怀柔,怀柔,101122468678,西园南北通透把边户楼层好采光充足！！！,178万,22833元/平,中楼层 (共5层) 3室1厅 | 77.96平米 | 南 北,https://ke-image.ljcdn.com/110000-inspection/26544f45-5d54-4c81-9275-4ecf6c1319d2_1000.jpg!m_fill,w_280,h_210,f_jpg?from=ke.com
20240924,怀柔,怀柔,101122467749,怀柔新新家园2-1-1-1 72.00m² 240 万,230万,32052元/平,中楼层 (共15层) | 2017年 | 2室1厅 | 71.76平米 | 东 南,https://ke-image.ljcdn.com/110000-inspection/3d41ca10-082d-43a5-84f9-afd3ef1c79fe_1000.jpg!m_fill,w_280,h_210,f_jpg?from=ke.com
20240924,怀柔,怀柔,101122455119,怀柔北大街 2室1厅 南 北,179万,24239元/平,高楼层 (共6层) 2室1厅 | 73.85平米 | 南 北,https://ke-image.ljcdn.com/110000-inspection/pc1_G5YFarrJ9_1.jpg!m_fill,w_280,h_210,f_jpg?from=ke.com
20240924,怀柔,怀柔,101122432520,南华园一区满五唯一两居室一梯两户,158万,22595元/平,中楼层 (共5层) 2室1厅 | 69.93平米 | 南 北,https://ke-image.ljcdn.com/110000-inspection/4d1b77ba-c231-4b10-bb17-5af1b941d7bc_1000.jpg!m_fill,w_280,h_210,f_jpg?from=ke.com
20240924,怀柔,怀柔,101122416310,怀柔新新家园 2室1厅 东 西,275万,31855元/平,高楼层 (共15层) | 2017年 | 2室1厅 | 86.33平米 | 东 西,https://ke-image.ljcdn.com/110000-inspection/b4f07c7f-7f66-4431-bf48-622093968f25_1000.jpg!m_fill,w_280,h_210,f_jpg?from=ke.com
20240924,怀柔,怀柔,101122410242,西园 南北通透 户型方正 低楼层,168万,26773元/平,中楼层 (共5层) 2室1厅 | 62.75平米 | 东南 北,https://ke-image.ljcdn.com/110000-inspection/a471ef29-a660-43d7-bccc-39d7ea7a0480_1000.jpg!m_fill,w_280,h_210,f_jpg?from=ke.com
20240924,怀柔,怀柔,101122383546,富乐社区一号院    东西通透   两居室,130万,21667元/平,中楼层 (共6层) 2室1厅 | 60平米 | 东 西,https://ke-image.ljcdn.com/110000-inspection/18f13267-ac03-45a4-9059-37f0e6af23e8_1000.jpg!m_fill,w_280,h_210,f_jpg?from=ke.com
20240924,怀柔,怀柔,101122375502,低楼层 南北通透 客厅通阳台 两室两厅双卫 看房方便,240万,24794元/平,低楼层 (共6层) 2室1厅 | 96.8平米 | 南 北,https://ke-image.ljcdn.com/110000-inspection/pc1_Kj9e3Qvh7_1.jpg!m_fill,w_280,h_210,f_jpg?from=ke.com
20240924,怀柔,怀柔,101122374683,裕华园 电梯房 两居室 诚意出售 看房方便,120万,17855元/平,高楼层 (共15层) | 2014年 | 2室1厅 | 67.21平米 | 南 北,https://ke-image.ljcdn.com/110000-inspection/36435e44-3e9a-479d-aa9e-d40f8438caa7_1000.jpg!m_fill,w_280,h_210,f_jpg?from=ke.com
20240924,怀柔,怀柔,101122360988,精装修电梯房客厅通阳台诚意卖,140万,21069元/平,中楼层 (共8层) | 2011年 | 2室1厅 | 66.45平米 | 南 北,https://ke-image.ljcdn.com/110000-inspection/7147a648-3de3-43ed-b650-5f4c8f87ffe9_1000.jpg!m_fill,w_280,h_210,f_jpg?from=ke.com
20240924,怀柔,怀柔,101122351650,下园此房满五交通便利高楼层视野开阔,135万,22226元/平,顶层 (共6层) 2室1厅 | 60.74平米 | 南 北,https://ke-image.ljcdn.com/110000-inspection/efec7ada-2af4-4703-8489-a6657f5065f4_1000.jpg!m_fill,w_280,h_210,f_jpg?from=ke.com
20240924,怀柔,怀柔,101122348691,于家园二区北院二层三室一厅出售,182万,24898元/平,低楼层 (共6层) 3室1厅 | 73.1平米 | 南 北,https://ke-image.ljcdn.com/110000-inspection/pc1_qRoYJk39m_1.jpg!m_fill,w_280,h_210,f_jpg?from=ke.com
20240924,怀柔,怀柔,101122348138,水岸雁栖 精装电梯房 客厅通阳台 四室双卫,530万,37269元/平,高楼层 (共6层) | 2021年 | 4室2厅 | 142.21平米 | 南 北,https://ke-image.ljcdn.com/110000-inspection/8904b361-0bf8-4c2c-aa74-72dc459ce34c_1000.jpg!m_fill,w_280,h_210,f_jpg?from=ke.com
20240924,怀柔,怀柔,101122333249,滨湖小区 商业繁华区 交通便利 优质两居,135万,26098元/平,顶层 (共5层) 2室1厅 | 51.73平米 | 东 北,https://ke-image.ljcdn.com/110000-inspection/pc1_yepWfTIks_1.jpg!m_fill,w_280,h_210,f_jpg?from=ke.com
20240924,怀柔,怀柔,101122328779,小中富乐二区高层南北通透4居室房主自荐,260万,17433元/平,顶层 (共6层) 4室2厅 | 149.15平米 | 南 北,https://ke-image.ljcdn.com/110000-inspection/0005d1a5-fb89-4a54-b714-830c81240767_1000.jpg!m_fill,w_280,h_210,f_jpg?from=ke.com
20240924,怀柔,怀柔,101122326792,青春路一院 南北通透 卧室朝南 采光充足 户型方正,175万,28807元/平,顶层 (共6层) 2室1厅 | 60.75平米 | 南 北,https://ke-image.ljcdn.com/110000-inspection/5efcef58-5f44-4872-ab16-08fee1585a7a_1000.jpg!m_fill,w_280,h_210,f_jpg?from=ke.com
20240924,怀柔,怀柔,101122320882,滨湖小区 南北通透 低楼层  诚意出售 可随时签约,195万,32425元/平,中楼层 (共5层) 2室1厅 | 60.14平米 | 南 北,https://ke-image.ljcdn.com/110000-inspection/57428d4b-caff-45a7-8c2e-956dafa411c1_1000.jpg!m_fill,w_280,h_210,f_jpg?from=ke.com
20240924,怀柔,怀柔,101122320811,融城园北区看房效果好适合居住,200万,20326元/平,中楼层 (共6层) 3室1厅 | 98.4平米 | 南 北,https://ke-image.ljcdn.com/110000-inspection/dc681832-4afe-469d-87c3-e4075599b946_1000.jpg!m_fill,w_280,h_210,f_jpg?from=ke.com
20240924,怀柔,怀柔,101122320374,安乐馨居 3室2厅 南 北,225万,18556元/平,低楼层 (共15层) 3室2厅 | 121.26平米 | 南 北,https://ke-image.ljcdn.com/110000-inspection/d8eba369-584f-4249-aeb1-09da31c6a62e_1000.jpg!m_fill,w_280,h_210,f_jpg?from=ke.com
20240924,怀柔,怀柔,101122320356,安乐馨居 1室2厅 南 北,138万,19701元/平,低楼层 (共17层) 1室2厅 | 70.05平米 | 南 北,https://ke-image.ljcdn.com/110000-inspection/9da57b80-4753-45ce-b6d3-6c7c930ffe70_1000.jpg!m_fill,w_280,h_210,f_jpg?from=ke.com
20240924,怀柔,怀柔,101122320345,安乐馨居 2室2厅 南 北,168万,19590元/平,中楼层 (共17层) 2室2厅 | 85.76平米 | 南 北,https://ke-image.ljcdn.com/110000-inspection/pc1_trM04hSH3_1.jpg!m_fill,w_280,h_210,f_jpg?from=ke.com
20240924,怀柔,怀柔,101122310335,梦想家园西区 2室1厅 南 北,195万,22087元/平,低楼层 (共14层) | 2014年 | 2室1厅 | 88.29平米 | 南 北,https://ke-image.ljcdn.com/110000-inspection/0fff794f-e3f7-4d5c-9b63-ec19489bcdcb_1000.jpg!m_fill,w_280,h_210,f_jpg?from=ke.com
20240924,怀柔,怀柔,101122302134,电梯房  南北通透 业主诚意出售,160万,19844元/平,中楼层 (共11层) 2室1厅 | 80.63平米 | 南 北,https://ke-image.ljcdn.com/110000-inspection/a4c6657b-dbfc-4a98-b2d8-532be3a8cceb_1000.jpg!m_fill,w_280,h_210,f_jpg?from=ke.com
20240924,怀柔,怀柔,101122299010,付了大街9号院 低楼层 满五唯一看房方便,310万,30865元/平,底层 (共6层) 1室3厅 | 100.44平米 | 南 北,https://ke-image.ljcdn.com/110000-inspection/382d80dd-ad46-4181-acdc-91f097912256_1000.jpg!m_fill,w_280,h_210,f_jpg?from=ke.com
20240924,怀柔,怀柔,101122287367,光织谷西区是商品房社区有电梯双南两居室无遮挡,205万,22237元/平,低楼层 (共6层) 2室1厅 | 92.19平米 | 南,https://ke-image.ljcdn.com/110000-inspection/0e5595a8-4214-405e-93ee-a229af672c6a_1000.jpg!m_fill,w_280,h_210,f_jpg?from=ke.com
20240924,怀柔,怀柔,101122280985,青春路一院南北通透采光好,300万,25923元/平,中楼层 (共6层) 3室1厅 | 115.73平米 | 南 北,https://ke-image.ljcdn.com/110000-inspection/pc1_ruVm1bIZo_1.jpg!m_fill,w_280,h_210,f_jpg?from=ke.com
20240924,怀柔,怀柔,101122280349,此房满五唯一视野宽阔采光好配套设施齐全,210万,23210元/平,中楼层 (共6层) 3室1厅 | 90.48平米 | 南 北,https://ke-image.ljcdn.com/110000-inspection/b829ce3c-5719-4c19-9269-2f2f45920702_1000.jpg!m_fill,w_280,h_210,f_jpg?from=ke.com
20240924,怀柔,怀柔,101122267825,开利园小区南北通透顶层采光好,235万,20033元/平,顶层 (共6层) 3室1厅 | 117.31平米 | 南 北,https://ke-image.ljcdn.com/110000-inspection/1dabf47c-d65e-482e-a015-9286e602c72b_1000.jpg!m_fill,w_280,h_210,f_jpg?from=ke.com
20240924,怀柔,怀柔,101122267685,融城园南区交通便利小区环境好,255万,21706元/平,中楼层 (共6层) | 2006年 | 3室1厅 | 117.48平米 | 南 北,https://ke-image.ljcdn.com/110000-inspection/a1701c39-0081-49a4-b80e-ee92935225fd_1000.jpg!m_fill,w_280,h_210,f_jpg?from=ke.com
20240924,怀柔,怀柔,101122266983,开利园小区无遮挡采光充足 楼层好交通便利,180万,26830元/平,中楼层 (共4层) 2室1厅 | 67.09平米 | 西,https://ke-image.ljcdn.com/110000-inspection/pc1_zdnxppIGm_1.jpg!m_fill,w_280,h_210,f_jpg?from=ke.com
20240924,怀柔,怀柔,101122266468,客厅通阳台 精装修 南北通透 诚意出售,260万,25034元/平,顶层 (共6层) 2室2厅 | 103.86平米 | 南 北,https://ke-image.ljcdn.com/110000-inspection/91f036b6-29d2-4231-a509-3c48a6654b48_1000.jpg!m_fill,w_280,h_210,f_jpg?from=ke.com
20240924,怀柔,怀柔,101122255338,顶秀美泉小镇B区电梯房南北通透居住舒适,239万,26743元/平,底层 (共4层) | 2015年 | 2室1厅 | 89.37平米 | 南 北,https://ke-image.ljcdn.com/110000-inspection/pc1_Rm9xdrjW8.jpg!m_fill,w_280,h_210,f_jpg?from=ke.com
20240924,怀柔,怀柔,101122255038,南华园四区交通方便采光好户型通透,230万,25367元/平,顶层 (共6层) 3室1厅 | 90.67平米 | 南 北,https://ke-image.ljcdn.com/110000-inspection/479b8f82-2cec-42eb-8889-185a754f49f4_1000.jpg!m_fill,w_280,h_210,f_jpg?from=ke.com
20240924,怀柔,怀柔,101122253119,下园南北通透交通便利采光好,170万,27989元/平,高楼层 (共6层) 2室1厅 | 60.74平米 | 南 北,https://ke-image.ljcdn.com/110000-inspection/pc1_6xyXKHJb5.jpg!m_fill,w_280,h_210,f_jpg?from=ke.com
20240924,怀柔,怀柔,101122251780,杨家园小区交通便利高楼层采光好,178万,24603元/平,高楼层 (共6层) 3室1厅 | 72.35平米 | 南 北,https://ke-image.ljcdn.com/110000-inspection/pc1_lXR8BMJrZ.jpg!m_fill,w_280,h_210,f_jpg?from=ke.com
20240924,怀柔,怀柔,101122243047,裕华园一区此房南北通透 采光充足 拎包入住,165万,20644元/平,高楼层 (共16层) 2室2厅 | 79.93平米 | 南 北,https://ke-image.ljcdn.com/110000-inspection/e6048bde-73df-4c9e-9954-1eced42cc642_1000.jpg!m_fill,w_280,h_210,f_jpg?from=ke.com
20240924,怀柔,怀柔,101122233320,北大街1号院 高层 南北通透 正规三居 采光好 诚意出售,170万,20078元/平,顶层 (共6层) 3室1厅 | 84.67平米 | 南 北,https://ke-image.ljcdn.com/110000-inspection/80d2bb3f-c21a-4dec-a5ab-a48c8cfd3014_1000.jpg!m_fill,w_280,h_210,f_jpg?from=ke.com
20240924,怀柔,怀柔,101122231928,欧郡香水城精装修南北通透2居室房主自荐,238万,25085元/平,低楼层 (共3层) 3室1厅 | 94.88平米 | 南 北,https://ke-image.ljcdn.com/110000-inspection/pc1_cMgMZUPyO_1.jpg!m_fill,w_280,h_210,f_jpg?from=ke.com
20240924,怀柔,怀柔,101122231884,北街二号采光好通风好地段好,300万,32307元/平,高楼层 (共6层) 3室1厅 | 92.86平米 | 南 北,https://ke-image.ljcdn.com/110000-inspection/pc1_DtSUhDfyU_1.jpg!m_fill,w_280,h_210,f_jpg?from=ke.com
20240924,怀柔,怀柔,101122211868,胜悦居 电梯房  户型方正 视野宽阔,245万,33171元/平,高楼层 (共15层) | 2018年 | 2室1厅 | 73.86平米 | 南,https://ke-image.ljcdn.com/110000-inspection/a2cd5962-ffd2-4647-b155-29e3bce3a3d2_1000.jpg!m_fill,w_280,h_210,f_jpg?from=ke.com
20240924,怀柔,怀柔,101122193990,莲馨苑  业主回家发展卖房 新装修 紧凑小三居,175万,20373元/平,顶层 (共6层) 3室1厅 | 85.9平米 | 南 北,https://ke-image.ljcdn.com/110000-inspection/72fb7f38-3b39-4722-b003-4a1a0fe49f59_1000.jpg!m_fill,w_280,h_210,f_jpg?from=ke.com
20240924,怀柔,怀柔,101122187998,怀柔城区 汇都家园 三居室 精装修,339万,29389元/平,顶层 (共6层) 3室2厅 | 115.35平米 | 南 北,https://ke-image.ljcdn.com/110000-inspection/e340de0b-e2b3-4dbb-a6f9-b2e4a4d2b782_1000.jpg!m_fill,w_280,h_210,f_jpg?from=ke.com
20240924,怀柔,怀柔,101122186230,东园紧凑优质小户型客厅有窗户亮堂高楼层,110万,21232元/平,顶层 (共6层) 2室1厅 | 51.81平米 | 南,https://ke-image.ljcdn.com/110000-inspection/0e1e88db-d278-4eee-bff5-bf99ccb75bca_1000.jpg!m_fill,w_280,h_210,f_jpg?from=ke.com
20240924,怀柔,怀柔,101122178706,府前观邸南北通透全明格局三室两卫。,580万,40843元/平,中楼层 (共12层) 3室2厅 | 142.01平米 | 南 北,https://ke-image.ljcdn.com/110000-inspection/a27e44da-2857-4585-969a-d7679b5da22c_1000.jpg!m_fill,w_280,h_210,f_jpg?from=ke.com
20240924,怀柔,怀柔,101122145558,此房满五年唯一视野开阔采光充足配套齐全交通,179万,23208元/平,中楼层 (共6层) 2室1厅 | 77.13平米 | 南 北,https://ke-image.ljcdn.com/110000-inspection/pc1_cXAw2U4B2_1.jpg!m_fill,w_280,h_210,f_jpg?from=ke.com
20240924,怀柔,怀柔,101122104859,北京城建胜悦居楼龄新不临街南北通透户型好,395万,44902元/平,低楼层 (共11层) 2室1厅 | 87.97平米 | 南 北,https://ke-image.ljcdn.com/110000-inspection/pc1_N3z01Xi33_1.jpg!m_fill,w_280,h_210,f_jpg?from=ke.com
20240924,怀柔,怀柔,101122102967,龙山东路2号院 精装修南向两居室,300万,38193元/平,低楼层 (共26层) | 2014年 | 2室1厅 | 78.55平米 | 南,https://ke-image.ljcdn.com/110000-inspection/898d99a9-ff17-493a-8fd4-ed3f2e8d0edb_1000.jpg!m_fill,w_280,h_210,f_jpg?from=ke.com
20240924,怀柔,怀柔,101122093716,梦想家东区    大三居室  客厅通阳台,230万,21287元/平,中楼层 (共15层) 3室2厅 | 108.05平米 | 南 北,https://ke-image.ljcdn.com/110000-inspection/373e8f7a-5a8c-42c9-9e58-83405e7891df_1000.jpg!m_fill,w_280,h_210,f_jpg?from=ke.com
20240924,怀柔,怀柔,101122092040,湖光小区满五唯一精装修98年房龄中间楼层3居室房主自荐,196万,24442元/平,中楼层 (共6层) 3室1厅 | 80.19平米 | 南 北,https://ke-image.ljcdn.com/110000-inspection/pc1_2SjPRcUPu_1.jpg!m_fill,w_280,h_210,f_jpg?from=ke.com
20240924,怀柔,怀柔,101122072445,东关一区 低楼层 精装修 房子新,300万,30212元/平,低楼层 (共6层) | 2009年 | 3室1厅 | 99.3平米 | 南 北,https://ke-image.ljcdn.com/110000-inspection/4f64c3b2-c802-412d-9a3f-60382c133481_1000.jpg!m_fill,w_280,h_210,f_jpg?from=ke.com
20240924,怀柔,怀柔,101122072282,于家园一区 3室1厅 南 北,173万,21396元/平,高楼层 (共6层) 3室1厅 | 80.86平米 | 南 北,https://ke-image.ljcdn.com/110000-inspection/e1ca58ad-9b49-4e82-a910-f96efc12540c_1000.jpg!m_fill,w_280,h_210,f_jpg?from=ke.com
20240924,怀柔,怀柔,101122049272,房子满五唯一 看房方便  诚意出售,160万,22757元/平,中楼层 (共6层) | 2013年 | 1室1厅 | 70.31平米 | 南,https://ke-image.ljcdn.com/110000-inspection/b10acaa1-7e9a-492f-8dc2-ffb81f427079_1000.jpg!m_fill,w_280,h_210,f_jpg?from=ke.com
20240924,怀柔,怀柔,101122035310,龙祥小区    大三居室  客厅通阳台,390万,30109元/平,高楼层 (共6层) 3室2厅 | 129.53平米 | 南 北,https://ke-image.ljcdn.com/110000-inspection/pc1_RXt10HZMx_1.jpg!m_fill,w_280,h_210,f_jpg?from=ke.com
20240924,怀柔,怀柔,101122020317,此房业主诚心出售南北通透格局没有浪费面积,175万,28117元/平,高楼层 (共6层) 2室1厅 | 62.24平米 | 南 北,https://ke-image.ljcdn.com/110000-inspection/pc1_eZTAhwZzh_1.jpg!m_fill,w_280,h_210,f_jpg?from=ke.com
20240924,怀柔,怀柔,101122018407,凤翔四园 满五年唯一 南北通透,231.5万,17698元/平,中楼层 (共6层) 3室2厅 | 130.81平米 | 南 北,https://ke-image.ljcdn.com/110000-inspection/ba2d2d65-650f-4030-94f8-292c44e6fae0_1000.jpg!m_fill,w_280,h_210,f_jpg?from=ke.com
20240924,怀柔,怀柔,101122017963,南华园二区  小三居   南北通透  业主出售,199万,28052元/平,中楼层 (共5层) 3室1厅 | 70.94平米 | 南 北,https://ke-image.ljcdn.com/110000-inspection/pc1_kTh4U59NQ.jpg!m_fill,w_280,h_210,f_jpg?from=ke.com
20240924,怀柔,怀柔,101121992269,新兴居中间层楼龄新位置好停车方便,258万,28885元/平,中楼层 (共6层) 3室1厅 | 89.32平米 | 南 北,https://ke-image.ljcdn.com/110000-inspection/pc1_3Jm3x7bdz.jpg!m_fill,w_280,h_210,f_jpg?from=ke.com
20240924,怀柔,怀柔,101121979635,开利园小区 西向一居室 视野开阔房主自荐,105万,21333元/平,顶层 (共4层) | 2000年 | 1室1厅 | 49.22平米 | 西,https://ke-image.ljcdn.com/110000-inspection/pc1_etNbxcnl1_1.jpg!m_fill,w_280,h_210,f_jpg?from=ke.com
20240924,怀柔,怀柔,101121975525,后横街小区 满五唯一 南北通透 业主诚意出售 可随时签,178万,30979元/平,中楼层 (共6层) 2室1厅 | 57.46平米 | 南 北,https://ke-image.ljcdn.com/110000-inspection/pc1_21dEgEEYO_1.jpg!m_fill,w_280,h_210,f_jpg?from=ke.com
20240924,怀柔,怀柔,101121961695,融城园北区 南北通透 楼层低 适合宜居,220万,25759元/平,低楼层 (共6层) 2室2厅 | 85.41平米 | 南 北,https://ke-image.ljcdn.com/110000-inspection/pc1_J1AmbrIji_1.jpg!m_fill,w_280,h_210,f_jpg?from=ke.com
20240924,怀柔,怀柔,101121949442,70年产权满五年商品房有电梯,300万,33773元/平,中楼层 (共5层) | 2015年 | 2室1厅 | 88.83平米 | 南 北,https://ke-image.ljcdn.com/110000-inspection/a21f5e0b-f9d3-424d-b689-9f81b9844dd6_1000.jpg!m_fill,w_280,h_210,f_jpg?from=ke.com
20240924,怀柔,怀柔,101121949051,满五唯一  中间楼层  全明格局,325万,31167元/平,中楼层 (共6层) 3室1厅 | 104.28平米 | 东 南 西 北,https://ke-image.ljcdn.com/110000-inspection/4affbf24-c3d7-4232-8bc5-9f0481ce74da_1000.jpg!m_fill,w_280,h_210,f_jpg?from=ke.com
20240924,怀柔,怀柔,101121928654,富乐月亮门小区全明格局两居室南北向诚意出售。,215万,28663元/平,中楼层 (共6层) | 1991年 | 2室1厅 | 75.01平米 | 南 北 东,https://ke-image.ljcdn.com/110000-inspection/pc1_ACEtHv4cj_1.jpg!m_fill,w_280,h_210,f_jpg?from=ke.com
20240924,怀柔,怀柔,101121925095,北京城建·胜悦居 采光好  价格可议,258万,34931元/平,中楼层 (共15层) | 2018年 | 2室1厅 | 73.86平米 | 南,https://ke-image.ljcdn.com/110000-inspection/8be2b86f-95dd-4093-bdda-2e63d4af0bc4_1000.jpg!m_fill,w_280,h_210,f_jpg?from=ke.com
20240924,怀柔,怀柔,101121923149,精装修大三居 采光好 格局方正 南北通透 采光充足房主自荐,212万,27373元/平,高楼层 (共6层) 3室1厅 | 77.45平米 | 南 北,https://ke-image.ljcdn.com/110000-inspection/5f6e1396-3915-4781-a977-96c037019b4e_1000.jpg!m_fill,w_280,h_210,f_jpg?from=ke.com
20240924,怀柔,怀柔,101121857609,金台园    1层     3室2厅2卫生间     前后无遮挡,360万,30736元/平,底层 (共6层) 3室2厅 | 117.13平米 | 南 北,https://ke-image.ljcdn.com/110000-inspection/pc1_J8jQBgWgZ_1.jpg!m_fill,w_280,h_210,f_jpg?from=ke.com
20240924,怀柔,怀柔,101121850406,梦想家园西区电梯房两居室价格低,155万,17646元/平,低楼层 (共15层) | 2014年 | 2室2厅 | 87.84平米 | 南 北,https://ke-image.ljcdn.com/110000-inspection/pc1_uP9acJ2qv_1.jpg!m_fill,w_280,h_210,f_jpg?from=ke.com
20240924,怀柔,怀柔,101121803057,育龙铭居楼龄新采光充足带电梯。,132万,19991元/平,底层 (共9层) 2室1厅 | 66.03平米 | 南 北,https://ke-image.ljcdn.com/110000-inspection/e4d1e586-77ba-400b-8db7-b50eae713236_1000.jpg!m_fill,w_280,h_210,f_jpg?from=ke.com
20240924,怀柔,怀柔,101121792440,泉河园二区 客厅通阳台 南北通透,368万,32984元/平,中楼层 (共5层) | 2003年 | 3室2厅 | 111.57平米 | 南 北,https://ke-image.ljcdn.com/110000-inspection/27cffd26-cef5-4d85-af56-01bdb51c4bb6_1000.jpg!m_fill,w_280,h_210,f_jpg?from=ke.com
20240924,怀柔,怀柔,101121788879,此房满五年 楼层 好视野、带仓库,235万,23282元/平,中楼层 (共5层) 3室1厅 | 100.94平米 | 东 西,https://ke-image.ljcdn.com/110000-inspection/pc1_c44vwhSaj_1.jpg!m_fill,w_280,h_210,f_jpg?from=ke.com
20240924,怀柔,怀柔,101121785668,栖美园客厅通阳台好户型东侧大飘窗视野好,200万,20373元/平,中楼层 (共6层) | 2006年 | 2室2厅 | 98.17平米 | 东 西 北,https://ke-image.ljcdn.com/110000-inspection/60bf95b8-51fd-4efc-8090-b7d0d4e86431_1000.jpg!m_fill,w_280,h_210,f_jpg?from=ke.com
20240924,怀柔,怀柔,101121744063,幸福东园三居室 南北通透 业主诚意出售,165万,20052元/平,底层 (共6层) 3室1厅 | 82.29平米 | 南 北,https://ke-image.ljcdn.com/110000-inspection/pc1_rhZigavv8_1.jpg!m_fill,w_280,h_210,f_jpg?from=ke.com
20240924,怀柔,怀柔,101121742434,富乐社区一号院出行便利  低楼层南北通透两居室,160万,25454元/平,低楼层 (共6层) 2室1厅 | 62.86平米 | 南 北,https://ke-image.ljcdn.com/110000-inspection/pc1_1U0kgcdhT_1.jpg!m_fill,w_280,h_210,f_jpg?from=ke.com
20240924,怀柔,怀柔,101121722455,滨湖南街小区 3室2厅 南 北,350万,27323元/平,低楼层 (共6层) 3室2厅 | 128.1平米 | 南 北,https://ke-image.ljcdn.com/110000-inspection/65bd43f5-fabc-41d6-8223-1be804621a96_1000.jpg!m_fill,w_280,h_210,f_jpg?from=ke.com
20240924,怀柔,怀柔,101121698315,光织谷东区 满五唯一 高层 电梯房 带天窗 看房方便,226万,27912元/平,顶层 (共7层) | 2013年 | 2室1厅 | 80.97平米 | 南 北,https://ke-image.ljcdn.com/110000-inspection/2a984460-8e07-4429-bdf1-bd140c9a94a4_1000.jpg!m_fill,w_280,h_210,f_jpg?from=ke.com
20240924,怀柔,怀柔,101121694370,欧郡香水城 小洋楼的中间层 满五唯一 南北通透2居房主自荐,178万,18739元/平,低楼层 (共3层) | 2009年 | 2室1厅 | 94.99平米 | 南 北,https://ke-image.ljcdn.com/110000-inspection/pc1_O26DQlOfI_1.jpg!m_fill,w_280,h_210,f_jpg?from=ke.com
20240924,怀柔,怀柔,101121693391,南华园四区    1层1居室   适合老人居住,180万,31115元/平,底层 (共6层) 1室1厅 | 57.85平米 | 南 北,https://ke-image.ljcdn.com/110000-inspection/8b7fc74f-cd81-4150-a7bd-00fbc63aad4e_1000.jpg!m_fill,w_280,h_210,f_jpg?from=ke.com
20240924,怀柔,怀柔,101121692950,于  家  园  二  区  南  院,265万,24436元/平,中楼层 (共6层) | 1999年 | 2室1厅 | 108.45平米 | 南,https://ke-image.ljcdn.com/110000-inspection/pc1_dk6dnSEck_1.jpg!m_fill,w_280,h_210,f_jpg?from=ke.com
20240924,怀柔,怀柔,101121678204,金善名居看房方便低楼层精装修诚意出售,175万,23030元/平,低楼层 (共6层) | 2009年 | 3室1厅 | 75.99平米 | 南 北,https://ke-image.ljcdn.com/110000-inspection/12e65c3b-6f3c-4ade-be9d-5f2cab3740c0_1000.jpg!m_fill,w_280,h_210,f_jpg?from=ke.com
20240924,怀柔,怀柔,101121674104,南北通透 采光好 前后无遮挡 精装修,440万,28851元/平,中楼层 (共6层) 4室2厅 | 152.51平米 | 南 北,https://ke-image.ljcdn.com/110000-inspection/39714408-b02e-4c9e-90b4-934ce07cce4b_1000.jpg!m_fill,w_280,h_210,f_jpg?from=ke.com
20240924,怀柔,怀柔,101121653667,府前东街小区 满五唯一次顶层 配套成熟 交通便利房主自荐,203万,23633元/平,高楼层 (共6层) | 2011年 | 3室1厅 | 85.9平米 | 南 北,https://ke-image.ljcdn.com/110000-inspection/pc1_9Ns7O0iLB_1.jpg!m_fill,w_280,h_210,f_jpg?from=ke.com
20240924,怀柔,怀柔,101121649209,裕华园一区适合刚需首套,100万,20194元/平,高楼层 (共15层) | 2014年 | 1室1厅 | 49.52平米 | 南,https://ke-image.ljcdn.com/110000-inspection/88c964c3-61ea-4ce2-ac01-48512690c022_1000.jpg!m_fill,w_280,h_210,f_jpg?from=ke.com
20240924,怀柔,怀柔,101121623216,潘家园小区成熟社区配套完善精装直接入住。,272万,24554元/平,顶层 (共6层) 3室2厅 | 110.78平米 | 南 北,https://ke-image.ljcdn.com/110000-inspection/421125d7-1e34-4c41-8fdc-a05218c2e03e_1000.jpg!m_fill,w_280,h_210,f_jpg?from=ke.com
20240924,怀柔,怀柔,101121613395,安乐馨居精装修电梯房楼层高位置好,120万,17068元/平,中楼层 (共17层) 1室1厅 | 70.31平米 | 南,https://ke-image.ljcdn.com/110000-inspection/cf26133f-7ad1-408b-8a39-479c4bbe32bb_1000.jpg!m_fill,w_280,h_210,f_jpg?from=ke.com
20240924,怀柔,怀柔,101121612288,东关二区小区  环境优美  配套齐全,198万,23767元/平,高楼层 (共6层) 3室2厅 | 83.31平米 | 南 北,https://ke-image.ljcdn.com/110000-inspection/7db4dda7-f880-4e7d-8e96-a4ae04fd221a_1000.jpg!m_fill,w_280,h_210,f_jpg?from=ke.com
20240924,怀柔,怀柔,101121604352,育龙馨居 精装修 电梯房 客厅通阳台 全明格局 诚意卖,165万,20341元/平,低楼层 (共11层) 2室1厅 | 81.12平米 | 南 北,https://ke-image.ljcdn.com/110000-inspection/d7d851d8-222c-4127-a323-b9bc86244597_1000.jpg!m_fill,w_280,h_210,f_jpg?from=ke.com
20240924,怀柔,怀柔,101121600460,开放路三层精装修大三居户型方正通透,220万,22585元/平,中楼层 (共5层) | 2003年 | 3室2厅 | 97.41平米 | 东 西,https://ke-image.ljcdn.com/110000-inspection/pc1_IGhkjDTRV_1.jpg!m_fill,w_280,h_210,f_jpg?from=ke.com
20240924,怀柔,怀柔,101121600433,顶秀美泉小镇C区 2层两居室 满五年唯一,318万,36079元/平,中楼层 (共4层) 2室1厅 | 88.14平米 | 南 北,https://ke-image.ljcdn.com/110000-inspection/pc1_ArXCnJMOP_1.jpg!m_fill,w_280,h_210,f_jpg?from=ke.com
20240924,怀柔,怀柔,101121600392,青春路南北通透成熟小区配套齐全出行方便,160万,18731元/平,顶层 (共6层) | 1994年 | 2室2厅 | 85.42平米 | 南 北,https://ke-image.ljcdn.com/110000-inspection/22b95648-0e30-40c8-b7ed-842525ebf8c1_1000.jpg!m_fill,w_280,h_210,f_jpg?from=ke.com
20240924,怀柔,怀柔,101121598497,富乐社区一号院南北通透 采光好,198万,31579元/平,中楼层 (共6层) 2室1厅 | 62.7平米 | 南 北,https://ke-image.ljcdn.com/110000-inspection/pc1_Mjf3121gS_1.jpg!m_fill,w_280,h_210,f_jpg?from=ke.com
20240924,怀柔,怀柔,101121595119,裕华园一区 楼龄新 电梯房 看房方便,120万,18196元/平,顶层 (共15层) | 2014年 | 2室1厅 | 65.95平米 | 南 北,https://ke-image.ljcdn.com/110000-inspection/pc1_HpM4oW1ss_1.jpg!m_fill,w_280,h_210,f_jpg?from=ke.com
20240924,怀柔,怀柔,101121592325,顶秀美泉小镇A区欧式风情建筑小镇,260万,29211元/平,顶层 (共4层) 2室1厅 | 89.01平米 | 南 北,https://ke-image.ljcdn.com/110000-inspection/pc1_e5R5aAEnz.jpg!m_fill,w_280,h_210,f_jpg?from=ke.com
20240924,怀柔,怀柔,101121590375,富乐家园 商品房小区 低层 满五 采光充足房主自荐,204万,21558元/平,中楼层 (共5层) 3室1厅 | 94.63平米 | 东 西,https://ke-image.ljcdn.com/110000-inspection/61b6d237-6866-4bfe-8a76-d520c941a754_1000.jpg!m_fill,w_280,h_210,f_jpg?from=ke.com
20240924,怀柔,怀柔,101121590154,梦想家园东区 正规两居室 南北通透,155万,18217元/平,底层 (共15层) 2室1厅 | 85.09平米 | 南 北,https://ke-image.ljcdn.com/110000-inspection/pc1_5hv4Gbe2F.jpg!m_fill,w_280,h_210,f_jpg?from=ke.com
20240924,怀柔,怀柔,101121588992,馥郁苑 南北通透 把西边户 中层楼,265万,31710元/平,中楼层 (共6层) 3室1厅 | 83.57平米 | 南 北 西,https://ke-image.ljcdn.com/110000-inspection/pc1_EGaU5DAae_1.jpg!m_fill,w_280,h_210,f_jpg?from=ke.com
20240924,怀柔,怀柔,101121578553,八龙桥雅苑 小户型 中楼层 环境优美 动静分离,125万,21115元/平,中楼层 (共5层) 1室1厅 | 59.2平米 | 东南,https://ke-image.ljcdn.com/110000-inspection/pc1_9W5tfmDLz_1.jpg!m_fill,w_280,h_210,f_jpg?from=ke.com
20240924,怀柔,怀柔,101121551649,小中富乐二区 满五唯一 精装三居室 高层 采光好,200万,24732元/平,顶层 (共6层) 3室1厅 | 80.87平米 | 南 北,https://ke-image.ljcdn.com/110000-inspection/pc1_bcMC0eXSr_1.jpg!m_fill,w_280,h_210,f_jpg?from=ke.com
20240924,怀柔,怀柔,101121550134,幸福东园3号院环境优美配套齐全,145万,18693元/平,高楼层 (共7层) 2室1厅 | 77.57平米 | 南 北,https://ke-image.ljcdn.com/110000-inspection/2eb62d86-a899-49dc-a915-f1e830c3a29c_1000.jpg!m_fill,w_280,h_210,f_jpg?from=ke.com
20240924,怀柔,怀柔,101121527286,金善名居满五唯一诚心出售。,185万,22795元/平,中楼层 (共6层) | 2009年 | 2室1厅 | 81.16平米 | 南 北,https://ke-image.ljcdn.com/110000-inspection/pc1_TtcZUSHjX.jpg!m_fill,w_280,h_210,f_jpg?from=ke.com
20240924,怀柔,怀柔,101121525578,南大街 大两居室    现代装修    有地下室,255万,26993元/平,高楼层 (共6层) 2室2厅 | 94.47平米 | 南 北,https://ke-image.ljcdn.com/110000-inspection/pc1_RWnDjRTeo_1.jpg!m_fill,w_280,h_210,f_jpg?from=ke.com
20240924,怀柔,怀柔,101121518865,与日光晚霞山花一起龙山御景依山傍水大两居房主自荐,656万,45569元/平,中楼层 (共23层) | 2014年 | 2室2厅 | 143.96平米 | 南 北,https://ke-image.ljcdn.com/110000-inspection/pc1_R9l79PlCS_1.jpg!m_fill,w_280,h_210,f_jpg?from=ke.com
20240924,怀柔,怀柔,101121518668,裕华园一区 客厅通阳台 精装修 高层 电梯房  诚意卖,152万,19185元/平,顶层 (共16层) 2室1厅 | 79.23平米 | 南 西,https://ke-image.ljcdn.com/110000-inspection/pc1_AqoMo6iyc_1.jpg!m_fill,w_280,h_210,f_jpg?from=ke.com
20240924,怀柔,怀柔,101121511140,青春院2院  南北通透 把边全明格局 诚意出售,239万,30462元/平,中楼层 (共6层) 3室1厅 | 78.46平米 | 南 北,https://ke-image.ljcdn.com/110000-inspection/pc1_RqeLUBVJ2.jpg!m_fill,w_280,h_210,f_jpg?from=ke.com
20240924,怀柔,怀柔,101121510943,馥郁苑  南北通透 楼层好  采光充足,260万,30953元/平,中楼层 (共6层) 3室1厅 | 84平米 | 南 北,https://ke-image.ljcdn.com/110000-inspection/pc1_U09FWmLle.jpg!m_fill,w_280,h_210,f_jpg?from=ke.com
20240924,怀柔,怀柔,101121491734,户型好三室带客厅南北通透采光充足生活便利。,290万,31536元/平,中楼层 (共6层) 3室1厅 | 91.96平米 | 南 北,https://ke-image.ljcdn.com/110000-inspection/d8165418-4862-403a-be6a-b84f18ed844d_1000.jpg!m_fill,w_280,h_210,f_jpg?from=ke.com
20240924,怀柔,怀柔,101121486809,小区位于于家园一区五号楼五单元,210万,26796元/平,顶层 (共6层) 3室1厅 | 78.37平米 | 南 北,https://ke-image.ljcdn.com/110000-inspection/pc1_eFO8n3fRB_1.jpg!m_fill,w_280,h_210,f_jpg?from=ke.com
20240924,怀柔,怀柔,101121461308,金台园    精装修三居室    采光好   有车peng,225万,28858元/平,中楼层 (共6层) 3室1厅 | 77.97平米 | 南 北,https://ke-image.ljcdn.com/110000-inspection/pc1_M5EsywAUC_1.jpg!m_fill,w_280,h_210,f_jpg?from=ke.com
20240924,怀柔,怀柔,101121427399,泉河二区     大三居室      有地下室    车位充足,285万,28855元/平,高楼层 (共6层) 3室1厅 | 98.77平米 | 南 北,https://ke-image.ljcdn.com/110000-inspection/pc1_mD9ji4ysA.jpg!m_fill,w_280,h_210,f_jpg?from=ke.com
20240924,怀柔,怀柔,101121420228,龙湖花园 3室1厅 南 北,225万,25866元/平,顶层 (共6层) 3室1厅 | 86.99平米 | 南 北,https://ke-image.ljcdn.com/110000-inspection/pc1_UDgC8ayH0_1.jpg!m_fill,w_280,h_210,f_jpg?from=ke.com
20240924,怀柔,怀柔,101121415486,商业街  临街 高楼层视野开阔,200万,25684元/平,顶层 (共6层) 3室1厅 | 77.87平米 | 南 北,https://ke-image.ljcdn.com/110000-inspection/pc1_ygiQWLCNS_1.jpg!m_fill,w_280,h_210,f_jpg?from=ke.com
20240924,怀柔,怀柔,101121378474,楼层好阳面两个卧室采光好南北通透配套齐全,215万,27970元/平,中楼层 (共6层) 3室1厅 | 76.87平米 | 南 北,https://ke-image.ljcdn.com/110000-inspection/af5bf268-aa2b-498d-8082-a88eed8a2fe5_1000.jpg!m_fill,w_280,h_210,f_jpg?from=ke.com
20240924,怀柔,怀柔,101121377937,70年产权商品房精装修21年建的,220万,27292元/平,中楼层 (共4层) 2室1厅 | 80.61平米 | 东 西,https://ke-image.ljcdn.com/110000-inspection/pc1_l22cUdE6I_1.jpg!m_fill,w_280,h_210,f_jpg?from=ke.com
20240924,怀柔,怀柔,101121360349,顶秀美泉小镇A区 南北通透两居室,240万,27442元/平,顶层 (共4层) | 2010年 | 2室1厅 | 87.46平米 | 南 北,https://ke-image.ljcdn.com/110000-inspection/pc1_bkBqzHyvF_1.jpg!m_fill,w_280,h_210,f_jpg?from=ke.com
20240924,怀柔,怀柔,101121349567,东关二区小区 满五唯一 价格低,220万,21412元/平,顶层 (共6层) | 1999年 | 3室2厅 | 102.75平米 | 南 北,https://ke-image.ljcdn.com/110000-inspection/pc1_2HRg5JXJz_1.jpg!m_fill,w_280,h_210,f_jpg?from=ke.com
20240924,怀柔,怀柔,101121340766,金善名居 精装修 客厅通阳台 诚意卖 看房方便,196万,20428元/平,底层 (共6层) 3室1厅 | 95.95平米 | 南 北,https://ke-image.ljcdn.com/110000-inspection/pc1_kxVAKuPQB.jpg!m_fill,w_280,h_210,f_jpg?from=ke.com
20240924,怀柔,怀柔,101121339737,北大街   大两居室    适合小两口结婚用,178万,24103元/平,顶层 (共6层) 2室1厅 | 73.85平米 | 南 北,https://ke-image.ljcdn.com/110000-inspection/pc1_wivOlPFDR_1.jpg!m_fill,w_280,h_210,f_jpg?from=ke.com
20240924,怀柔,怀柔,101121338195,东关二区小区满五唯一楼层好采光好。,162万,19668元/平,顶层 (共6层) 3室1厅 | 82.37平米 | 南 北,https://ke-image.ljcdn.com/110000-inspection/961ada4f-88dc-49fc-aca6-db9746fef54b_1000.jpg!m_fill,w_280,h_210,f_jpg?from=ke.com
20240924,怀柔,怀柔,101121296434,金善名居二层南北通透业主诚意出售,172万,22635元/平,低楼层 (共6层) 2室1厅 | 75.99平米 | 南 北,https://ke-image.ljcdn.com/110000-inspection/8cd3577a-968a-48ab-8f6c-c769b38ab2c7_1000.jpg!m_fill,w_280,h_210,f_jpg?from=ke.com
20240924,怀柔,怀柔,101121290243,一层精装修满五唯一明厨明卫业主诚心出售,400万,34975元/平,底层 (共6层) 3室1厅 | 114.37平米 | 南 北,https://ke-image.ljcdn.com/110000-inspection/pc1_hOEZg7DEn_1.jpg!m_fill,w_280,h_210,f_jpg?from=ke.com
20240924,怀柔,怀柔,101121285110,滨湖小区 优质二居室 中楼层 诚心出售,179万,27560元/平,低楼层 (共6层) 2室1厅 | 64.95平米 | 南 北,https://ke-image.ljcdn.com/110000-inspection/pc1_6pbrmOPmW.jpg!m_fill,w_280,h_210,f_jpg?from=ke.com
20240924,怀柔,怀柔,101121232067,顶秀美泉家园电梯房南北通透采光好,255万,28730元/平,底层 (共5层) | 2015年 | 2室1厅 | 88.76平米 | 南 北,https://ke-image.ljcdn.com/110000-inspection/pc1_enHcTerAD.jpg!m_fill,w_280,h_210,f_jpg?from=ke.com
20240924,怀柔,怀柔,101121224934,怀柔新新家园电梯房南北通透双卫格局位置好,435万,34974元/平,顶层 (共16层) 3室2厅 | 124.38平米 | 南 北,https://ke-image.ljcdn.com/110000-inspection/pc1_ug2RUAPNF_1.jpg!m_fill,w_280,h_210,f_jpg?from=ke.com
20240924,怀柔,怀柔,101121221137,怡安园小区看房方便业主诚意出售,182万,25021元/平,高楼层 (共6层) 3室1厅 | 72.74平米 | 南 北,https://ke-image.ljcdn.com/110000-inspection/pc1_KgUB0As72_1.jpg!m_fill,w_280,h_210,f_jpg?from=ke.com
20240924,怀柔,怀柔,101121215383,湖光小区 朝南户型 采光好 2居,115万,21532元/平,顶层 (共5层) 2室1厅 | 53.41平米 | 南,https://ke-image.ljcdn.com/110000-inspection/pc1_llZYFnHBw_1.jpg!m_fill,w_280,h_210,f_jpg?from=ke.com
20240924,怀柔,怀柔,101121213834,成熟社区大三居采光通透视野好 精装修拎包入住,287万,25931元/平,顶层 (共6层) 3室2厅 | 110.68平米 | 南 北,https://ke-image.ljcdn.com/110000-inspection/5dca45f2-bfec-483b-b2ac-73e9df76b0f4_1000.jpg!m_fill,w_280,h_210,f_jpg?from=ke.com
20240924,怀柔,怀柔,101121210870,北京城建胜悦居单价超低一居室价格可聊,180万,29606元/平,顶层 (共11层) 1室1厅 | 60.8平米 | 南 北 东,https://ke-image.ljcdn.com/110000-inspection/pc1_ufjE5L4Jf_1.jpg!m_fill,w_280,h_210,f_jpg?from=ke.com
20240924,怀柔,怀柔,101121206486,迎宾中路 2居室   小区停车位充足  适合一家三口,186万,29718元/平,中楼层 (共5层) 2室1厅 | 62.59平米 | 南 北,https://ke-image.ljcdn.com/110000-inspection/ef0b0d16-f901-4109-83a0-25bcc3122731_1000.jpg!m_fill,w_280,h_210,f_jpg?from=ke.com
20240924,怀柔,怀柔,101121194385,迎宾中路2号院  南北通透  客厅通阳台格局,203万,27507元/平,中楼层 (共6层) 2室2厅 | 73.8平米 | 南 北,https://ke-image.ljcdn.com/110000-inspection/pc1_F3pX4Aosl_1.jpg!m_fill,w_280,h_210,f_jpg?from=ke.com
20240924,怀柔,怀柔,101121191643,水岸雁栖南北通透两居室简单装修,240万,27839元/平,底层 (共6层) | 2020年 | 2室1厅 | 86.21平米 | 南 北,https://ke-image.ljcdn.com/110000-inspection/0113eefc-0606-40c9-be9d-1ca80b1cdd4c_1000.jpg!m_fill,w_280,h_210,f_jpg?from=ke.com
20240924,怀柔,怀柔,101121174826,顶秀美泉  平层 大平米  业主诚意出售,379万,23525元/平,中楼层 (共4层) 3室2厅 | 161.11平米 | 南 北,https://ke-image.ljcdn.com/110000-inspection/pc1_9gMWkXGoz.jpg!m_fill,w_280,h_210,f_jpg?from=ke.com
20240924,怀柔,怀柔,101121163754,南华园二区 大三居 南北通透 把边户全明户型,299万,23949元/平,高楼层 (共6层) | 1997年 | 3室1厅 | 124.85平米 | 东 南 北,https://ke-image.ljcdn.com/110000-inspection/pc1_x7snmm2qv_1.jpg!m_fill,w_280,h_210,f_jpg?from=ke.com
20240924,怀柔,怀柔,101121155659,开利园小区低楼层四居室南北通透,300万,25311元/平,低楼层 (共6层) 4室2厅 | 118.53平米 | 南 北,https://ke-image.ljcdn.com/110000-inspection/pc1_QjuOQ7oqd.jpg!m_fill,w_280,h_210,f_jpg?from=ke.com
20240924,怀柔,怀柔,101121145320,青春路六院满五唯一电梯房高层采光好视野宽阔,255万,32489元/平,顶层 (共9层) | 2015年 | 2室1厅 | 78.49平米 | 东南,https://ke-image.ljcdn.com/110000-inspection/pc1_GqTcnfIqN.jpg!m_fill,w_280,h_210,f_jpg?from=ke.com
20240924,怀柔,怀柔,101121138933,府前观邸 电梯中层南北两居 光照视野好,360万,35577元/平,中楼层 (共9层) 2室1厅 | 101.19平米 | 南 北,https://ke-image.ljcdn.com/110000-inspection/pc1_Ry7E8sygQ.jpg!m_fill,w_280,h_210,f_jpg?from=ke.com
20240924,怀柔,怀柔,101121125310,光织谷西区纯南户型客厅通阳台采光好,222万,24844元/平,中楼层 (共7层) | 2012年 | 2室1厅 | 89.36平米 | 南 北,https://ke-image.ljcdn.com/110000-inspection/b39b9c71-6a70-4c45-984a-af8c452ff705_1000.jpg!m_fill,w_280,h_210,f_jpg?from=ke.com
20240924,怀柔,怀柔,101121124188,湖光小区高楼层三居室有储藏室位置在临近北门,185万,27749元/平,顶层 (共6层) 3室1厅 | 66.67平米 | 南 北,https://ke-image.ljcdn.com/110000-inspection/pc1_ItvxwlQ0S_1.jpg!m_fill,w_280,h_210,f_jpg?from=ke.com
20240924,怀柔,怀柔,101121116466,70年产权中间楼层南北通透,228万,25688元/平,中楼层 (共4层) 2室1厅 | 88.76平米 | 南 北,https://ke-image.ljcdn.com/110000-inspection/pc1_PDtI4LVMx.jpg!m_fill,w_280,h_210,f_jpg?from=ke.com
20240924,怀柔,怀柔,101121111271,顶秀美泉A区全明格局户型方正南北通透视野宽阔,350万,26161元/平,中楼层 (共4层) 3室2厅 | 133.79平米 | 南 北,https://ke-image.ljcdn.com/110000-inspection/pc1_n1xmb0c60.jpg!m_fill,w_280,h_210,f_jpg?from=ke.com
20240924,怀柔,怀柔,101121110678,汇都家园一层大两居采光充足南北通透,222万,32870元/平,底层 (共6层) 2室1厅 | 67.54平米 | 南 北,https://ke-image.ljcdn.com/110000-inspection/pc1_vRsQpKSAQ.jpg!m_fill,w_280,h_210,f_jpg?from=ke.com
20240924,怀柔,怀柔,101121104643,凤翔四园  精装修 中间楼层  客厅有窗户,185万,19466元/平,中楼层 (共6层) 3室1厅 | 95.04平米 | 南 北,https://ke-image.ljcdn.com/110000-inspection/de8eca1c-dfd5-431d-bdcb-1992697095e0_1000.jpg!m_fill,w_280,h_210,f_jpg?from=ke.com
20240924,怀柔,怀柔,101121094095,龍祥小區  低楼层 精装修三居,350万,34657元/平,低楼层 (共6层) 3室2厅 | 100.99平米 | 南 北,https://ke-image.ljcdn.com/110000-inspection/pc1_tgZUmgTG2.jpg!m_fill,w_280,h_210,f_jpg?from=ke.com
20240924,怀柔,怀柔,101121072640,益田影人四季花园   南北通透  花园洋房  出行方便,520万,28907元/平,顶层 (共8层) | 2012年 | 4室2厅 | 179.89平米 | 南 北,https://ke-image.ljcdn.com/110000-inspection/87eebe44-c7fc-4329-9285-8a064f92192f_1000.jpg!m_fill,w_280,h_210,f_jpg?from=ke.com
20240924,怀柔,怀柔,101121065878,南华园四区方正格局大三居诚心售价格公道合理可议,228万,23817元/平,中楼层 (共6层) 3室1厅 | 95.73平米 | 南 北,https://ke-image.ljcdn.com/110000-inspection/pc1_TNZ1aTIjk_1.jpg!m_fill,w_280,h_210,f_jpg?from=ke.com
20240924,怀柔,怀柔,101121050140,顶秀美泉小镇A区满五唯一精装修,430万,32220元/平,中楼层 (共4层) 3室2厅 | 133.46平米 | 南 北,https://ke-image.ljcdn.com/110000-inspection/pc1_c6VncdrMj.jpg!m_fill,w_280,h_210,f_jpg?from=ke.com
20240924,怀柔,怀柔,101121046860,东关一区   南北通透   格局方正采光好,215万,21779元/平,顶层 (共6层) | 2009年 | 3室1厅 | 98.72平米 | 南 北,https://ke-image.ljcdn.com/110000-inspection/pc1_49o6RHfEt_1.jpg!m_fill,w_280,h_210,f_jpg?from=ke.com
20240924,怀柔,怀柔,101121040017,世嘉光织谷西区  中间楼层 精装修两居室房主自荐,235万,24531元/平,低楼层 (共7层) | 2012年 | 2室1厅 | 95.8平米 | 东 西,https://ke-image.ljcdn.com/110000-inspection/pc1_rwwcZAyrK.jpg!m_fill,w_280,h_210,f_jpg?from=ke.com
20240924,怀柔,怀柔,101121033906,南华园二区 一层 南北通透三居室 出行便利,240万,26267元/平,底层 (共6层) 3室2厅 | 91.37平米 | 南 北,https://ke-image.ljcdn.com/110000-inspection/pc1_5JA41cFN3_1.jpg!m_fill,w_280,h_210,f_jpg?from=ke.com
20240924,怀柔,怀柔,101121020985,迎宾中路 商业街东口 交通方便 出行便利,238万,25303元/平,高楼层 (共6层) 3室1厅 | 94.06平米 | 东 西,https://ke-image.ljcdn.com/110000-inspection/pc1_MWNSfMYHQ_1.jpg!m_fill,w_280,h_210,f_jpg?from=ke.com
20240924,怀柔,怀柔,101121017970,八龙桥雅苑南北通透有租户看房方便。,230万,21955元/平,中楼层 (共5层) | 2008年 | 3室2厅 | 104.76平米 | 南 北,https://ke-image.ljcdn.com/110000-inspection/pc1_swBQYQIYg_1.jpg!m_fill,w_280,h_210,f_jpg?from=ke.com
20240924,怀柔,怀柔,101121017815,南华园四区户型方正明厨明卫装修状况保持良好,230万,26748元/平,高楼层 (共6层) 3室1厅 | 85.99平米 | 南 北,https://ke-image.ljcdn.com/110000-inspection/pc1_SP3uZFRcN_1.jpg!m_fill,w_280,h_210,f_jpg?from=ke.com
20240924,怀柔,怀柔,101121012808,北京城建胜悦居南向一居室电梯高层采光视,185万,31903元/平,高楼层 (共12层) | 2018年 | 1室1厅 | 57.99平米 | 南,https://ke-image.ljcdn.com/110000-inspection/c5a3d6e3-b57e-4857-96d0-0cda497d24cf_1000.jpg!m_fill,w_280,h_210,f_jpg?from=ke.com
20240924,怀柔,怀柔,101120986522,新元居小区小区中间位置不临街方便看诚意出售,260万,28015元/平,低楼层 (共6层) 3室1厅 | 92.81平米 | 南 北,https://ke-image.ljcdn.com/110000-inspection/pc1_Tm0WQPDHO_1.jpg!m_fill,w_280,h_210,f_jpg?from=ke.com
20240924,怀柔,怀柔,101120961096,东关一区南北通透3居采光好,295万,27571元/平,顶层 (共6层) 3室1厅 | 107平米 | 南 北,https://ke-image.ljcdn.com/110000-inspection/pc1_6AhLm086k_1.jpg!m_fill,w_280,h_210,f_jpg?from=ke.com
20240924,怀柔,怀柔,101120941486,梦想家园东区 南北通透 业主诚心卖,200万,19475元/平,低楼层 (共15层) 3室2厅 | 102.7平米 | 南 北,https://ke-image.ljcdn.com/110000-inspection/pc1_ZefBtfJpQ.jpg!m_fill,w_280,h_210,f_jpg?from=ke.com
20240924,怀柔,怀柔,101120940358,青春苑2院南北通透  精装修 拎包入住房主自荐,205万,26128元/平,顶层 (共6层) 2室1厅 | 78.46平米 | 南 北,https://ke-image.ljcdn.com/110000-inspection/pc1_WxNWv3lkR_1.jpg!m_fill,w_280,h_210,f_jpg?from=ke.com
20240924,怀柔,怀柔,101120918071,东苑小区2009年社区小区环境好精装南北通透三居室,315万,30312元/平,中楼层 (共6层) 3室2厅 | 103.92平米 | 南 北,https://ke-image.ljcdn.com/110000-inspection/pc1_LnTaMhXfE_1.jpg!m_fill,w_280,h_210,f_jpg?from=ke.com
20240924,怀柔,怀柔,101120916603,龙湖花园 全明格局 3室1厅 精装修 5楼,242万,28896元/平,高楼层 (共6层) | 1995年 | 3室1厅 | 83.75平米 | 南 北,https://ke-image.ljcdn.com/110000-inspection/pc1_oXidInoUs_1.jpg!m_fill,w_280,h_210,f_jpg?from=ke.com
20240924,怀柔,怀柔,101120895265,家天下 全明边户 精装修 户型方正 采光充足,309万,28493元/平,高楼层 (共6层) 3室2厅 | 108.45平米 | 南 西 北,https://ke-image.ljcdn.com/110000-inspection/b0ff649a-3e9e-416b-aa47-7f445caedcdd_1000.jpg!m_fill,w_280,h_210,f_jpg?from=ke.com
20240924,怀柔,怀柔,101120892320,满五唯一楼龄新带电梯精装修业主诚心出售,230万,39663元/平,低楼层 (共12层) | 2018年 | 1室1厅 | 57.99平米 | 南,https://ke-image.ljcdn.com/110000-inspection/pc1_rXU0a2NLp.jpg!m_fill,w_280,h_210,f_jpg?from=ke.com
20240924,怀柔,怀柔,101120889216,凤瑞二园 南北通透格局好 交通便利,160万,23172元/平,中楼层 (共6层) 2室1厅 | 69.05平米 | 南 北,https://ke-image.ljcdn.com/110000-inspection/pc1_y74MQxd5j.jpg!m_fill,w_280,h_210,f_jpg?from=ke.com
20240924,怀柔,怀柔,101120860526,电梯房  精装修  南北通透 诚意出售,76万,15765元/平,低楼层 (共15层) | 2014年 | 1室1厅 | 48.21平米 | 南 北,https://ke-image.ljcdn.com/110000-inspection/pc1_VubrJvFjC_1.jpg!m_fill,w_280,h_210,f_jpg?from=ke.com
20240924,怀柔,怀柔,101120840465,怡安园小区 3室1厅看房方便业主诚心出售,142万,18794元/平,高楼层 (共6层) 3室1厅 | 75.56平米 | 南 北,https://ke-image.ljcdn.com/110000-inspection/bc4509b1-0b81-4834-8ebf-c999f72853b8_1000.jpg!m_fill,w_280,h_210,f_jpg?from=ke.com
20240924,怀柔,怀柔,101120835864,满五唯一低楼层业主诚心出售看房方便,93万,17975元/平,底层 (共15层) | 2014年 | 1室1厅 | 51.74平米 | 南 北,https://ke-image.ljcdn.com/110000-inspection/pc1_5jl54XLNS.jpg!m_fill,w_280,h_210,f_jpg?from=ke.com
20240924,怀柔,怀柔,101120806265,金台园小区南北通透2层 业主诚心出售,210万,26934元/平,低楼层 (共6层) 3室1厅 | 77.97平米 | 南 北,https://ke-image.ljcdn.com/110000-inspection/fbb68419-64ea-4c7f-b8c9-1ae14324d6af_1000.jpg!m_fill,w_280,h_210,f_jpg?from=ke.com
20240924,怀柔,怀柔,101120801491,梦想家园西区 中楼层 前面无遮挡两居室 精装修,170万,19212元/平,中楼层 (共14层) | 2014年 | 2室2厅 | 88.49平米 | 南 北,https://ke-image.ljcdn.com/110000-inspection/pc1_NAlppj1QS_1.jpg!m_fill,w_280,h_210,f_jpg?from=ke.com
20240924,怀柔,怀柔,101120792198,满五唯一 南通通透 诚意出售 可随时签约,180万,23247元/平,高楼层 (共6层) 2室1厅 | 77.43平米 | 南 北,https://ke-image.ljcdn.com/110000-inspection/4856c91c-2c32-487e-aa59-f33382edc32a_1000.jpg!m_fill,w_280,h_210,f_jpg?from=ke.com
20240924,怀柔,怀柔,101120789267,东关一区中间楼层满五唯一诚心出售,165万,24884元/平,中楼层 (共6层) | 1999年 | 2室1厅 | 66.31平米 | 南 北,https://ke-image.ljcdn.com/110000-inspection/pc1_ENrRXeGFA_1.jpg!m_fill,w_280,h_210,f_jpg?from=ke.com
20240924,怀柔,怀柔,101120785490,东关一区南北通透格局采光好,210万,30251元/平,中楼层 (共5层) 2室1厅 | 69.42平米 | 南 北,https://ke-image.ljcdn.com/110000-inspection/6581cd11-3170-4663-bf3b-e025bc76980d_1000.jpg!m_fill,w_280,h_210,f_jpg?from=ke.com
20240924,怀柔,怀柔,101120764118,湖光小区 南北通都 客厅通阳台 三层,180万,29966元/平,中楼层 (共6层) 2室1厅 | 60.07平米 | 南 北,https://ke-image.ljcdn.com/110000-inspection/pc1_RlZnk3prb.jpg!m_fill,w_280,h_210,f_jpg?from=ke.com
20240924,怀柔,怀柔,101120751277,梦想家园西区南北通透一层把边户型采光好视野好,200万,22490元/平,底层 (共14层) | 2014年 | 2室2厅 | 88.93平米 | 南 北 西,https://ke-image.ljcdn.com/110000-inspection/pc1_UZk7yze8f.jpg!m_fill,w_280,h_210,f_jpg?from=ke.com
20240924,怀柔,怀柔,101120742907,世嘉光织谷东区精装修小区中间位置前后无遮挡。,240万,25003元/平,顶层 (共5层) | 2013年 | 2室1厅 | 95.99平米 | 南,https://ke-image.ljcdn.com/110000-inspection/pc1_TBTyjkSRe_1.jpg!m_fill,w_280,h_210,f_jpg?from=ke.com
20240924,怀柔,怀柔,101120723664,南华园一区满五唯一低楼层两居室,175万,25930元/平,底层 (共5层) 2室1厅 | 67.49平米 | 东 西,https://ke-image.ljcdn.com/110000-inspection/pc1_vMtXzSbiW_1.jpg!m_fill,w_280,h_210,f_jpg?from=ke.com
20240924,怀柔,怀柔,101120706495,此房南北通透格局户型方正没有浪费面积诚心出售,285万,22940元/平,中楼层 (共6层) 3室1厅 | 124.24平米 | 南 北,https://ke-image.ljcdn.com/110000-inspection/pc1_VJxz5dmCv_1.jpg!m_fill,w_280,h_210,f_jpg?from=ke.com
20240924,怀柔,怀柔,101120694851,青春路七院 低楼层南北通透 离万达近 配套完善房主自荐,190万,30464元/平,低楼层 (共6层) | 1991年 | 2室1厅 | 62.37平米 | 南 北,https://ke-image.ljcdn.com/110000-inspection/pc1_aMFGZSa6q_1.jpg!m_fill,w_280,h_210,f_jpg?from=ke.com
20240924,怀柔,怀柔,101120677420,湖光小区    满五唯一  南北通透  优选好房,255万,28925元/平,中楼层 (共5层) 3室2厅 | 88.16平米 | 南 北,https://ke-image.ljcdn.com/110000-inspection/pc1_0W8uuVJ4i_1.jpg!m_fill,w_280,h_210,f_jpg?from=ke.com
20240924,怀柔,怀柔,101120617910,二层三卧室朝阳全明户型精装修,285万,25354元/平,低楼层 (共6层) 3室1厅 | 112.41平米 | 南 北,https://ke-image.ljcdn.com/110000-inspection/pc1_juY4hUGqI_1.jpg!m_fill,w_280,h_210,f_jpg?from=ke.com
20240924,怀柔,怀柔,101120615334,此房精装修 满五年唯一 户型方正 精装修,299万,20026元/平,高楼层 (共6层) 3室2厅 | 149.31平米 | 南 北,https://ke-image.ljcdn.com/110000-inspection/pc1_V32dROqdJ_1.jpg!m_fill,w_280,h_210,f_jpg?from=ke.com
20240924,怀柔,怀柔,101120589243,此房一层的出入方便视野宽阔采光充足,280万,31084元/平,底层 (共8层) | 2013年 | 2室1厅 | 90.08平米 | 南 北,https://ke-image.ljcdn.com/110000-inspection/pc1_vKwgqkn1w.jpg!m_fill,w_280,h_210,f_jpg?from=ke.com
20240924,怀柔,怀柔,101120565538,幸福东园3号院 采光充足  视野宽阔,125万,18814元/平,顶层 (共6层) 2室1厅 | 66.44平米 | 南,https://ke-image.ljcdn.com/110000-inspection/pc1_NiPsGnqv9_1.jpg!m_fill,w_280,h_210,f_jpg?from=ke.com
20240924,怀柔,怀柔,101120539460,南华大街29号楼 南北通透 采光高,188万,24767元/平,低楼层 (共6层) | 2001年 | 3室1厅 | 75.91平米 | 南 北,https://ke-image.ljcdn.com/110000-inspection/pc1_nJXSXYB77_1.jpg!m_fill,w_280,h_210,f_jpg?from=ke.com
20240924,怀柔,怀柔,101120522795,北京市怀柔区泉河园二区泉河园二区,338万,27597元/平,中楼层 (共6层) 3室2厅 | 122.48平米 | 南 北,https://ke-image.ljcdn.com/110000-inspection/pc1_4fgTiqECo_1.jpg!m_fill,w_280,h_210,f_jpg?from=ke.com
20240924,怀柔,怀柔,101120487392,八龙桥雅苑 近高速 花园社区 低楼层 满五唯一房主自荐,196万,18422元/平,中楼层 (共5层) 3室2厅 | 106.4平米 | 南 北,https://ke-image.ljcdn.com/110000-inspection/pc1_hkuAfhX5f_1.jpg!m_fill,w_280,h_210,f_jpg?from=ke.com
20240924,怀柔,怀柔,101120482286,梦想家园东区30号院5号院南北朝向,220万,25789元/平,中楼层 (共15层) 2室1厅 | 85.31平米 | 南 北,https://ke-image.ljcdn.com/110000-inspection/pc1_u7yk0ruja_1.jpg!m_fill,w_280,h_210,f_jpg?from=ke.com
20240924,怀柔,怀柔,101120468848,美丽家园 2层两居室 南北通透,238万,25842元/平,低楼层 (共6层) | 2000年 | 2室2厅 | 92.1平米 | 南 北,https://ke-image.ljcdn.com/110000-inspection/pc1_4ghzK0Hkz_1.jpg!m_fill,w_280,h_210,f_jpg?from=ke.com
20240924,怀柔,怀柔,101120455146,钓鱼台小区 南北通透 三居室 采光好 诚意出售,349万,35339元/平,高楼层 (共6层) 3室1厅 | 98.76平米 | 南 北,https://ke-image.ljcdn.com/110000-inspection/38dd594f-52b7-4e64-8b0a-10c4d0814d00_1000.jpg!m_fill,w_280,h_210,f_jpg?from=ke.com
20240924,怀柔,怀柔,101120446235,青春路六院  把边采光通透  房子干净整洁 精准修,249万,30798元/平,中楼层 (共5层) 3室1厅 | 80.85平米 | 南 北,https://ke-image.ljcdn.com/110000-inspection/pc1_5RtL3TXf3.jpg!m_fill,w_280,h_210,f_jpg?from=ke.com
20240924,怀柔,怀柔,101120445612,梦想家园东区  环境优美 配套齐全,200万,19437元/平,低楼层 (共15层) 3室2厅 | 102.9平米 | 南,https://ke-image.ljcdn.com/110000-inspection/pc1_9GyEi4vxt.jpg!m_fill,w_280,h_210,f_jpg?from=ke.com
20240924,怀柔,怀柔,101120420554,怡安园小区报价低3居业主诚心出售价格还能谈,152万,21007元/平,高楼层 (共6层) 3室1厅 | 72.36平米 | 南 北,https://ke-image.ljcdn.com/110000-inspection/pc1_sIcOKm2Rm.jpg!m_fill,w_280,h_210,f_jpg?from=ke.com
20240924,怀柔,怀柔,101120412805,于家园三区大三居双卫满五唯一配套齐全,285万,21012元/平,高楼层 (共6层) 3室2厅 | 135.64平米 | 南 北,https://ke-image.ljcdn.com/110000-inspection/pc1_BDJBuzn6i_1.jpg!m_fill,w_280,h_210,f_jpg?from=ke.com
20240924,怀柔,怀柔,101120346798,育龙铭居    精装修   配套齐全 环境优美,125万,21571元/平,顶层 (共9层) 1室1厅 | 57.95平米 | 南 北,https://ke-image.ljcdn.com/110000-inspection/pc1_76ANJYJSJ_1.jpg!m_fill,w_280,h_210,f_jpg?from=ke.com
20240924,怀柔,怀柔,101120336356,小中富乐二区   环境优美  配套齐全,165万,18968元/平,高楼层 (共6层) 3室1厅 | 86.99平米 | 南 北,https://ke-image.ljcdn.com/110000-inspection/pc1_5qugDOVR2_1.jpg!m_fill,w_280,h_210,f_jpg?from=ke.com
20240924,怀柔,怀柔,101120323969,西园小区  好楼层 业主诚意出售,168万,29846元/平,中楼层 (共5层) 2室1厅 | 56.29平米 | 南,https://ke-image.ljcdn.com/110000-inspection/pc1_HNYHJw7RE_1.jpg!m_fill,w_280,h_210,f_jpg?from=ke.com
20240924,怀柔,怀柔,101120314901,育龙馨居满二唯一精装修采光充足,230万,22063元/平,高楼层 (共14层) | 2013年 | 3室2厅 | 104.25平米 | 南 北,https://ke-image.ljcdn.com/110000-inspection/pc1_RIGw8BOEw_1.jpg!m_fill,w_280,h_210,f_jpg?from=ke.com
20240924,怀柔,怀柔,101120312808,南华园四区观河景精装南北通透三居双卫小区停车便利,398万,17275元/平,中楼层 (共6层) 3室2厅 | 230.4平米 | 南 北,https://ke-image.ljcdn.com/110000-inspection/pc1_ZlpCSnW1T_1.jpg!m_fill,w_280,h_210,f_jpg?from=ke.com
20240924,怀柔,怀柔,101120307498,东关一区西侧916公交总站南北通透2居,125万,18846元/平,顶层 (共6层) 2室1厅 | 66.33平米 | 南 北,https://ke-image.ljcdn.com/110000-inspection/pc1_wvu8kZomv.jpg!m_fill,w_280,h_210,f_jpg?from=ke.com
20240924,怀柔,怀柔,101120282047,东关一区一层大三居舒适装修随时谈随时看。,330万,31256元/平,底层 (共6层) | 2009年 | 3室1厅 | 105.58平米 | 南 北,https://ke-image.ljcdn.com/110000-inspection/f1a35f96-b98f-4fd9-ab23-bbd9544f1989_1000.jpg!m_fill,w_280,h_210,f_jpg?from=ke.com
20240924,怀柔,怀柔,101120238476,于家园一区  环境优美  配套齐全,210万,25971元/平,底层 (共6层) 3室1厅 | 80.86平米 | 南 北,https://ke-image.ljcdn.com/110000-inspection/pc1_79HUfmjqV.jpg!m_fill,w_280,h_210,f_jpg?from=ke.com
20240924,怀柔,怀柔,101120146366,东关一区南北通透三居室中间楼层采光视野俱佳,320万,24838元/平,中楼层 (共6层) 3室1厅 | 128.84平米 | 北 南,https://ke-image.ljcdn.com/110000-inspection/pc1_U8i6oenU8_1.jpg!m_fill,w_280,h_210,f_jpg?from=ke.com
20240924,怀柔,怀柔,101120087609,栖美园 2室1厅 南 北,185万,25831元/平,中楼层 (共6层) 2室1厅 | 71.62平米 | 南 北,https://ke-image.ljcdn.com/110000-inspection/pc1_yy3uIqmrK.jpg!m_fill,w_280,h_210,f_jpg?from=ke.com
20240924,怀柔,怀柔,101120030199,金善名居 客厅通阳台 南北通透大两居,156万,20462元/平,底层 (共6层) 2室1厅 | 76.24平米 | 南 北,https://ke-image.ljcdn.com/110000-inspection/pc1_uws2O5Y1M.jpg!m_fill,w_280,h_210,f_jpg?from=ke.com
20240924,怀柔,怀柔,101119962228,湖光小区 南北通透 采光好 满五唯一,230万,28579元/平,中楼层 (共6层) 3室1厅 | 80.48平米 | 南 北,https://ke-image.ljcdn.com/110000-inspection/pc1_2fXQZ8wJ5_1.jpg!m_fill,w_280,h_210,f_jpg?from=ke.com
20240924,怀柔,怀柔,101119962011,湖光小区 南北通透 老三居 精装修,208万,25900元/平,顶层 (共6层) 3室1厅 | 80.31平米 | 南 北,https://ke-image.ljcdn.com/110000-inspection/edebb175-06c4-4303-aa78-0d9939ae1732_1000.jpg!m_fill,w_280,h_210,f_jpg?from=ke.com
20240924,怀柔,怀柔,101119960036,南华园四区格局好视野宽阔干净整洁。,152万,22927元/平,顶层 (共6层) 2室1厅 | 66.3平米 | 南 北,https://ke-image.ljcdn.com/110000-inspection/pc1_KJilBAMrg_1.jpg!m_fill,w_280,h_210,f_jpg?from=ke.com
20240924,怀柔,怀柔,101119930602,新贤家园电梯房南北通透两居室房主自荐,289万,34682元/平,顶层 (共11层) | 2013年 | 2室1厅 | 83.33平米 | 南 北,https://ke-image.ljcdn.com/110000-inspection/bb62167c-bac4-4769-86f5-5604471cae0e_1000.jpg!m_fill,w_280,h_210,f_jpg?from=ke.com
20240924,怀柔,怀柔,101119924654,兴怀大街小区   低楼层户型好,150万,28388元/平,底层 (共4层) 2室2厅 | 52.84平米 | 南,https://ke-image.ljcdn.com/110000-inspection/e1742ed2-736a-4224-8323-5c888315ed27_1000.jpg!m_fill,w_280,h_210,f_jpg?from=ke.com
20240924,怀柔,怀柔,101119910613,府前观邸电梯房位置好有车位 有地下室,355万,41107元/平,顶层 (共11层) 1室2厅 | 86.36平米 | 南 北,https://ke-image.ljcdn.com/110000-inspection/643fce71-e18f-4194-b6ed-9ccc28f8ca55_1000.jpg!m_fill,w_280,h_210,f_jpg?from=ke.com
20240924,怀柔,怀柔,101119910592,府前观邸满五年唯一的中间楼层有车位地下室,475万,40634元/平,中楼层 (共12层) 3室1厅 | 116.9平米 | 东 南 北,https://ke-image.ljcdn.com/110000-inspection/pc1_9RFqKe3d8.jpg!m_fill,w_280,h_210,f_jpg?from=ke.com
20240924,怀柔,怀柔,101119903226,融城北区 三居室  南北通透  业主诚意出售,235万,22362元/平,高楼层 (共6层) 3室2厅 | 105.09平米 | 南 北,https://ke-image.ljcdn.com/110000-inspection/pc1_CVHU7lkzg.jpg!m_fill,w_280,h_210,f_jpg?from=ke.com
20240924,怀柔,怀柔,101119856390,怀柔  科学城 柏泉庄园雁鸣园B区 电梯房 一居室,125万,21631元/平,低楼层 (共15层) | 2013年 | 1室1厅 | 57.79平米 | 南 北,https://ke-image.ljcdn.com/110000-inspection/12b41f16-3cb2-4914-97c2-7fdd61d525c3_1000.jpg!m_fill,w_280,h_210,f_jpg?from=ke.com
20240924,怀柔,怀柔,101119853576,世嘉光织谷西区电梯房两居室诚心出售,235万,25027元/平,顶层 (共6层) 2室1厅 | 93.9平米 | 南,https://ke-image.ljcdn.com/110000-inspection/pc1_ANWR19R8L_1.jpg!m_fill,w_280,h_210,f_jpg?from=ke.com
20240924,怀柔,怀柔,101119846246,满五唯一中间楼层有储藏室采光好,390万,34956元/平,中楼层 (共7层) 3室2厅 | 111.57平米 | 南 北,https://ke-image.ljcdn.com/110000-inspection/pc1_DDn50Zdls_1.jpg!m_fill,w_280,h_210,f_jpg?from=ke.com
20240924,怀柔,怀柔,101119788919,青春路六院 一居室  电梯房诚意出售,135万,27853元/平,中楼层 (共9层) | 2015年 | 1室1厅 | 48.47平米 | 东,https://ke-image.ljcdn.com/110000-inspection/pc1_qx9alhLk9_1.jpg!m_fill,w_280,h_210,f_jpg?from=ke.com
20240924,怀柔,怀柔,101119777945,庙城312号 满五唯一 低楼层  采光好,175万,25976元/平,中楼层 (共5层) 2室1厅 | 67.37平米 | 南 北,https://ke-image.ljcdn.com/110000-inspection/8a6c6dba-1040-41b6-9834-13b3366282c7_1000.jpg!m_fill,w_280,h_210,f_jpg?from=ke.com
20240924,怀柔,怀柔,101119734883,怡安园小区 高楼层 南北通透 诚意出售,160万,22069元/平,顶层 (共6层) 3室1厅 | 72.5平米 | 南 北,https://ke-image.ljcdn.com/110000-inspection/pc1_RUkH3egEb_1.jpg!m_fill,w_280,h_210,f_jpg?from=ke.com
20240924,怀柔,怀柔,101119724685,此房满五唯一 看房方便 南北通透 采光充足,160万,15464元/平,顶层 (共6层) 3室2厅 | 103.47平米 | 南 北,https://ke-image.ljcdn.com/110000-inspection/pc1_IOxwYzCT2_1.jpg!m_fill,w_280,h_210,f_jpg?from=ke.com
20240924,怀柔,怀柔,101119715579,青春路 户型方正 采光通透 动静分开,330万,25456元/平,底层 (共6层) 3室2厅 | 129.64平米 | 南 北,https://ke-image.ljcdn.com/110000-inspection/b670ff62-e28e-4f48-bd56-bf011deda3c0_1000.jpg!m_fill,w_280,h_210,f_jpg?from=ke.com
20240924,怀柔,怀柔,101119669916,怡安园小区南北通透两居室适合一家人居住。,143万,19725元/平,高楼层 (共6层) 2室1厅 | 72.5平米 | 南 北,https://ke-image.ljcdn.com/110000-inspection/pc1_dCiYEElUY_1.jpg!m_fill,w_280,h_210,f_jpg?from=ke.com
20240924,怀柔,怀柔,101119663052,东关一区、南北通透全明2居户型,260万,31105元/平,顶层 (共5层) 2室1厅 | 83.59平米 | 北 南,https://ke-image.ljcdn.com/110000-inspection/pc1_1tmqHLmJv_1.jpg!m_fill,w_280,h_210,f_jpg?from=ke.com
20240924,怀柔,怀柔,101119652080,电梯房小区环境好成熟社区居住舒适,155万,22698元/平,中楼层 (共6层) | 2012年 | 1室1厅 | 68.29平米 | 南 北,https://ke-image.ljcdn.com/110000-inspection/pc1_HIix3ngkW_1.jpg!m_fill,w_280,h_210,f_jpg?from=ke.com
20240924,怀柔,怀柔,101119650135,府前观邸 3室2厅 南 北,460万,41596元/平,中楼层 (共9层) 3室2厅 | 110.59平米 | 南 北,https://ke-image.ljcdn.com/110000-inspection/pc1_CTstlHhCT_1.jpg!m_fill,w_280,h_210,f_jpg?from=ke.com
20240924,怀柔,怀柔,101119645447,此房南北通透楼层好视野宽阔采光充足配套设施齐全,159万,26356元/平,顶层 (共5层) 2室1厅 | 60.33平米 | 南 北,https://ke-image.ljcdn.com/110000-inspection/pc1_TW8OxtSHM_1.jpg!m_fill,w_280,h_210,f_jpg?from=ke.com
20240924,怀柔,怀柔,101119626464,南北通透价格美丽精装修采光好视野好随时签约,185万,21686元/平,高楼层 (共15层) 2室1厅 | 85.31平米 | 南 北,https://ke-image.ljcdn.com/110000-inspection/pc1_pJNFnCSDy_1.jpg!m_fill,w_280,h_210,f_jpg?from=ke.com
20240924,怀柔,怀柔,101119615070,西马道小区、南北通透、满五唯一、采光充足,205万,27319元/平,顶层 (共6层) 2室1厅 | 75.04平米 | 南 北,https://ke-image.ljcdn.com/110000-inspection/pc1_HGRMnGdk6_1.jpg!m_fill,w_280,h_210,f_jpg?from=ke.com
20240924,怀柔,怀柔,101119608868,顶秀美泉欧式小镇 2层南北三居精装修 拎包入住,305万,26031元/平,中楼层 (共5层) 3室2厅 | 117.17平米 | 南 北,https://ke-image.ljcdn.com/110000-inspection/pc1_xkpZdeyLF.jpg!m_fill,w_280,h_210,f_jpg?from=ke.com
20240924,怀柔,怀柔,101119603673,新乐园 满五唯一  采光好  格局好  南北通透,365万,28889元/平,高楼层 (共6层) 3室2厅 | 126.35平米 | 南 北,https://ke-image.ljcdn.com/110000-inspection/743a024f-9b2e-4e8f-be26-91e26723cc64_1000.jpg!m_fill,w_280,h_210,f_jpg?from=ke.com
20240924,怀柔,怀柔,101119589451,馥郁苑 次顶层三居室三卧室朝南,356万,32512元/平,高楼层 (共6层) 3室1厅 | 109.5平米 | 南 北,https://ke-image.ljcdn.com/110000-inspection/pc1_raHQcMEXq_1.jpg!m_fill,w_280,h_210,f_jpg?from=ke.com
20240924,怀柔,怀柔,101119578374,凤瑞二园  满五唯一  南北通透,185万,27047元/平,底层 (共6层) 2室1厅 | 68.4平米 | 南 北,https://ke-image.ljcdn.com/110000-inspection/pc1_ATjkmfzy4_2.jpg!m_fill,w_280,h_210,f_jpg?from=ke.com
20240924,怀柔,怀柔,101119577267,育龙铭居为数不多的商品房可以贷款,191.4万,28848元/平,中楼层 (共9层) 2室1厅 | 66.35平米 | 南 北,https://ke-image.ljcdn.com/110000-inspection/pc1_0veMkaPY2_1.jpg!m_fill,w_280,h_210,f_jpg?from=ke.com
20240924,怀柔,怀柔,101119540012,府前观邸 电梯房 采光好 南北通透 中间楼层,530万,38015元/平,中楼层 (共11层) 3室2厅 | 139.42平米 | 南 北,https://ke-image.ljcdn.com/110000-inspection/pc1_wfJUTjzLW.jpg!m_fill,w_280,h_210,f_jpg?from=ke.com
20240924,怀柔,怀柔,101119530446,南北通透  采光好  无遮挡  建成年代2005年,399万,39245元/平,中楼层 (共6层) 3室2厅 | 101.67平米 | 南 北,https://ke-image.ljcdn.com/110000-inspection/pc1_9V20esKsD_1.jpg!m_fill,w_280,h_210,f_jpg?from=ke.com
20240924,怀柔,怀柔,101119522684,滨河馨居电梯房精装两居室价格低位置好,135万,18948元/平,中楼层 (共11层) 2室1厅 | 71.25平米 | 南 北,https://ke-image.ljcdn.com/110000-inspection/pc1_pS23wjMRp_1.jpg!m_fill,w_280,h_210,f_jpg?from=ke.com
20240924,怀柔,怀柔,101119516724,房子户型方正  南北通透  满五唯一,475万,36598元/平,中楼层 (共22层) 3室2厅 | 129.79平米 | 南 北,https://ke-image.ljcdn.com/110000-inspection/pc1_F5VkTuyF0_1.jpg!m_fill,w_280,h_210,f_jpg?from=ke.com
20240924,怀柔,怀柔,101119498032,富乐小区北里业主诚意出售交通便利。,219万,23298元/平,低楼层 (共7层) 2室2厅 | 94平米 | 东 西,https://ke-image.ljcdn.com/110000-inspection/pc1_Hu943NmUg.jpg!m_fill,w_280,h_210,f_jpg?from=ke.com
20240924,怀柔,怀柔,101119485655,南北通透  低楼层 业主诚意出售,165万,28351元/平,中楼层 (共5层) 2室1厅 | 58.2平米 | 南 北,https://ke-image.ljcdn.com/110000-inspection/716d82bc-b51e-4e82-ab83-9cd81d733d9a_1000.jpg!m_fill,w_280,h_210,f_jpg?from=ke.com
20240924,怀柔,怀柔,101119441627,梅苑花园满五唯一电梯房精装修,300万,33371元/平,中楼层 (共6层) 2室1厅 | 89.9平米 | 南 北,https://ke-image.ljcdn.com/110000-inspection/pc1_CDk0712m3_1.jpg!m_fill,w_280,h_210,f_jpg?from=ke.com
20240924,怀柔,怀柔,101119437576,湖光小区 南北通透两居 视野采光好,138万,24211元/平,顶层 (共5层) 2室1厅 | 57平米 | 南 北,https://ke-image.ljcdn.com/110000-inspection/pc1_VRfLNzSJM_1.jpg!m_fill,w_280,h_210,f_jpg?from=ke.com
20240924,怀柔,怀柔,101119422898,育龙馨居 配套齐全  交通便利,180万,22297元/平,低楼层 (共11层) | 2013年 | 2室1厅 | 80.73平米 | 南 北,https://ke-image.ljcdn.com/110000-inspection/pc1_o9qKycqc7_1.jpg!m_fill,w_280,h_210,f_jpg?from=ke.com
20240924,怀柔,怀柔,101119411392,世嘉光织谷东区大一居户型格局方正方向采光充足。,225万,28532元/平,底层 (共6层) | 2013年 | 1室1厅 | 78.86平米 | 南,https://ke-image.ljcdn.com/110000-inspection/pc1_eKlwrdc77.jpg!m_fill,w_280,h_210,f_jpg?from=ke.com
20240924,怀柔,怀柔,101119402078,青春路一院  高楼层 采光好  看房方便,146万,22809元/平,顶层 (共6层) 2室1厅 | 64.01平米 | 东 西,https://ke-image.ljcdn.com/110000-inspection/pc1_cfze4ROij_2.jpg!m_fill,w_280,h_210,f_jpg?from=ke.com
20240924,怀柔,怀柔,101119399063,此房满五唯一客厅通阳台精装修南北通透,300万,29659元/平,高楼层 (共6层) | 2003年 | 3室2厅 | 101.15平米 | 南 北,https://ke-image.ljcdn.com/110000-inspection/91c3f690-a1c7-4c97-958d-e1171d2f5c05_1000.jpg!m_fill,w_280,h_210,f_jpg?from=ke.com
20240924,怀柔,怀柔,101119388879,益田影人四季花园 电梯房   南北通透 动静分离房主自荐,265万,25048元/平,低楼层 (共7层) 2室1厅 | 105.8平米 | 南 北,https://ke-image.ljcdn.com/110000-inspection/pc1_y3eMGaGRE_1.jpg!m_fill,w_280,h_210,f_jpg?from=ke.com
20240924,怀柔,怀柔,101119358034,益田影人四季花园电梯房1梯2户南北通透房主自荐,249万,23881元/平,中楼层 (共8层) | 2012年 | 2室1厅 | 104.27平米 | 南 北,https://ke-image.ljcdn.com/110000-inspection/pc1_6CdOUa0qu_1.jpg!m_fill,w_280,h_210,f_jpg?from=ke.com
20240924,怀柔,怀柔,101119324617,中高楼层 景观好 双明卫 诚心出售 看房方便,585万,43501元/平,中楼层 (共26层) | 2014年 | 3室2厅 | 134.48平米 | 南 北,https://ke-image.ljcdn.com/110000-inspection/pc1_HngpAbDUF_1.jpg!m_fill,w_280,h_210,f_jpg?from=ke.com
20240924,怀柔,怀柔,101119318608,八龙桥雅苑 2层 南北通透两居室安静不临街,216万,24033元/平,中楼层 (共5层) | 2008年 | 2室1厅 | 89.88平米 | 南 北,https://ke-image.ljcdn.com/110000-inspection/pc1_9tc1I2eMR_1.jpg!m_fill,w_280,h_210,f_jpg?from=ke.com
20240924,怀柔,怀柔,101119311262,青春苑四院位置好 周边配套齐全,300万,29502元/平,高楼层 (共6层) 3室2厅 | 101.69平米 | 西南 西,https://ke-image.ljcdn.com/110000-inspection/628466a9-589d-4b74-ae63-93057a3f4292_1000.jpg!m_fill,w_280,h_210,f_jpg?from=ke.com
20240924,怀柔,怀柔,101119304083,满五年唯一 商品房房子无遮挡采光好视野佳房主自荐,289万,19901元/平,底层 (共24层) 3室2厅 | 145.22平米 | 西北,https://ke-image.ljcdn.com/110000-inspection/pc1_XU1kd6EEK_2.jpg!m_fill,w_280,h_210,f_jpg?from=ke.com
20240924,怀柔,怀柔,101119294618,龙山御景 水库边 电梯房 采光好 精装修,640万,41262元/平,低楼层 (共25层) 4室2厅 | 155.11平米 | 南 北,https://ke-image.ljcdn.com/110000-inspection/pc1_ubnjO7VDM_2.jpg!m_fill,w_280,h_210,f_jpg?from=ke.com
20240924,怀柔,怀柔,101119287170,富乐社区一号院  精装修 满五唯一  南北通透,145万,21950元/平,顶层 (共6层) 2室1厅 | 66.06平米 | 南 北,https://ke-image.ljcdn.com/110000-inspection/pc1_cpZ2g1pgZ_1.jpg!m_fill,w_280,h_210,f_jpg?from=ke.com
20240924,怀柔,怀柔,101119279554,于家园二区南院 中等楼层 装修好 看房方便,225万,26081元/平,中楼层 (共6层) 3室1厅 | 86.27平米 | 东 西,https://ke-image.ljcdn.com/110000-inspection/pc1_LDaDSImw8_1.jpg!m_fill,w_280,h_210,f_jpg?from=ke.com
20240924,怀柔,怀柔,101119279103,湖光小区水库旁边一居室交易只有契税看房随时。房主自荐,117万,26792元/平,中楼层 (共5层) 1室1厅 | 43.67平米 | 南,https://ke-image.ljcdn.com/110000-inspection/884d331b-7cb8-430a-a2e5-b99163063997_1000.jpg!m_fill,w_280,h_210,f_jpg?from=ke.com
20240924,怀柔,怀柔,101119239939,滨湖小区 可贷款 高楼层 视野好 精装修,159万,28577元/平,顶层 (共5层) 2室1厅 | 55.64平米 | 南 北,https://ke-image.ljcdn.com/110000-inspection/pc1_q6b7lgP2B_2.jpg!m_fill,w_280,h_210,f_jpg?from=ke.com
20240924,怀柔,怀柔,101119227027,镜春园南北通透大房看房方便带地下室,539万,38119元/平,顶层 (共6层) 3室2厅 | 141.4平米 | 南 北,https://ke-image.ljcdn.com/110000-inspection/88b1b3f1-4056-4656-bca9-361cd5d8a7f5_1000.jpg!m_fill,w_280,h_210,f_jpg?from=ke.com
20240924,怀柔,怀柔,101119205562,于家园一区甲一号楼满五唯一三居室视野采光好,295万,33128元/平,中楼层 (共6层) 3室1厅 | 89.05平米 | 南 北,https://ke-image.ljcdn.com/110000-inspection/pc1_CDEOHide6_1.jpg!m_fill,w_280,h_210,f_jpg?from=ke.com
20240924,怀柔,怀柔,101119201719,莲馨苑 城南 次顶层 南北通透三居 精装,265万,28306元/平,高楼层 (共6层) | 2004年 | 3室1厅 | 93.62平米 | 南 北,https://ke-image.ljcdn.com/110000-inspection/pc1_ZvBymVaec_1.jpg!m_fill,w_280,h_210,f_jpg?from=ke.com
20240924,怀柔,怀柔,101119186619,南北大平米的三居 精装修 低楼层 品牌家电 装修新,318万,23953元/平,底层 (共5层) 3室2厅 | 132.76平米 | 南 北,https://ke-image.ljcdn.com/110000-inspection/pc1_V0ug6bOLM.jpg!m_fill,w_280,h_210,f_jpg?from=ke.com
20240924,怀柔,怀柔,101119153016,八龙桥雅苑 满五唯一 南北通透 采光好,213万,23858元/平,中楼层 (共5层) 3室1厅 | 89.28平米 | 南 北,https://ke-image.ljcdn.com/110000-inspection/pc1_thP0osTWv_1.jpg!m_fill,w_280,h_210,f_jpg?from=ke.com
20240924,怀柔,怀柔,101119138157,满五唯一南北通透3居交通便利房主自荐,215万,24391元/平,中楼层 (共7层) 3室1厅 | 88.15平米 | 南 北,https://ke-image.ljcdn.com/110000-inspection/pc1_6E1zJjvJP_1.jpg!m_fill,w_280,h_210,f_jpg?from=ke.com
20240924,怀柔,怀柔,101119134710,兴怀大街14号院 迎宾路 中楼层 三居精装 视野采光好,330万,26919元/平,中楼层 (共6层) 3室2厅 | 122.59平米 | 南 北,https://ke-image.ljcdn.com/110000-inspection/368934e3-d84d-4b48-b621-5156a9ffd0aa_1000.jpg!m_fill,w_280,h_210,f_jpg?from=ke.com
20240924,怀柔,怀柔,101119121679,怀柔 城区  美丽家园 三居室 中间楼层,335万,32330元/平,中楼层 (共6层) 3室1厅 | 103.62平米 | 南 北,https://ke-image.ljcdn.com/110000-inspection/aa0ab15e-2c1c-4d1c-a10d-1d9ae0296f56_1000.jpg!m_fill,w_280,h_210,f_jpg?from=ke.com
20240924,怀柔,怀柔,101119096164,世嘉光织谷东区满五唯一精装修采光充足,260万,23790元/平,高楼层 (共6层) 3室1厅 | 109.29平米 | 东 西北,https://ke-image.ljcdn.com/110000-inspection/b4095390-cb5f-4c02-9bfd-37ba9b6edfe5_1000.jpg!m_fill,w_280,h_210,f_jpg?from=ke.com
20240924,怀柔,怀柔,101119063764,东关一区 南北通透 中间楼层 采光充足,198万,24153元/平,中楼层 (共6层) 2室1厅 | 81.98平米 | 南 北,https://ke-image.ljcdn.com/110000-inspection/pc1_u2TXg6v8V_1.jpg!m_fill,w_280,h_210,f_jpg?from=ke.com
20240924,怀柔,怀柔,101119039816,富乐大街9号院低楼层房屋低楼层房屋,265万,26384元/平,底层 (共6层) 1室0厅 | 100.44平米 | 南,https://ke-image.ljcdn.com/110000-inspection/pc1_zeTFAIMtu_1.jpg!m_fill,w_280,h_210,f_jpg?from=ke.com
20240924,怀柔,怀柔,101119027187,顶秀美泉小镇、户型方正、采光充足、南北通透,260万,29539元/平,底层 (共4层) | 2012年 | 2室1厅 | 88.02平米 | 南 北,https://ke-image.ljcdn.com/110000-inspection/pc1_D9BFXXtZQ.jpg!m_fill,w_280,h_210,f_jpg?from=ke.com
20240924,怀柔,怀柔,101119014936,府前观邸此房满五年家庭名下唯一住房诚意出售。,325万,36803元/平,高楼层 (共9层) 2室1厅 | 88.31平米 | 南,https://ke-image.ljcdn.com/110000-inspection/pc1_AVqcYhrSP_1.jpg!m_fill,w_280,h_210,f_jpg?from=ke.com
20240924,怀柔,怀柔,101119010777,幸福东园1号院 2层 正规三居,160万,19482元/平,低楼层 (共6层) 3室1厅 | 82.13平米 | 南 北,https://ke-image.ljcdn.com/110000-inspection/723ffaa2-0169-408a-94fa-b9a23ad33035_1000.jpg!m_fill,w_280,h_210,f_jpg?from=ke.com
20240924,怀柔,怀柔,101119010729,幸福东园1号院 2层 正规三居,160万,19482元/平,低楼层 (共6层) 3室1厅 | 82.13平米 | 北 南,https://ke-image.ljcdn.com/110000-inspection/pc1_RLRzgALpd_1.jpg!m_fill,w_280,h_210,f_jpg?from=ke.com
20240924,怀柔,怀柔,101119004436,满五唯一有地下室可随时签约,255万,23946元/平,底层 (共6层) 3室1厅 | 106.49平米 | 东 南 北,https://ke-image.ljcdn.com/110000-inspection/19f6ff83-69be-4aba-b4cf-8c9bada3b187_1000.jpg!m_fill,w_280,h_210,f_jpg?from=ke.com
20240924,怀柔,怀柔,101119003828,金善名居 南北通透 采光好 通风好房主自荐,225万,23795元/平,高楼层 (共6层) | 2009年 | 3室2厅 | 94.56平米 | 南 北,https://ke-image.ljcdn.com/110000-inspection/0f314a31-048e-4828-ae64-03b1e980474e_1000.jpg!m_fill,w_280,h_210,f_jpg?from=ke.com
20240924,怀柔,怀柔,101118981526,南北东向 三居室 客厅采光好  老三居户型,160万,22112元/平,高楼层 (共6层) 3室1厅 | 72.36平米 | 东 南 北,https://ke-image.ljcdn.com/110000-inspection/67c44000-f927-4ea7-b381-9b4202e79ea5_1000.jpg!m_fill,w_280,h_210,f_jpg?from=ke.com
20240924,怀柔,怀柔,101118977216,西马道小区 视野开阔 产权清晰 配套齐全,200万,24994元/平,顶层 (共5层) 3室1厅 | 80.02平米 | 南 北,https://ke-image.ljcdn.com/110000-inspection/be0f65d9-bbcc-4038-ae84-5539c9766d22_1000.jpg!m_fill,w_280,h_210,f_jpg?from=ke.com
20240924,怀柔,怀柔,101118958845,万达广场旁青春苑西区 小区楼龄新,280万,26851元/平,高楼层 (共6层) 3室1厅 | 104.28平米 | 东 南 西 北,https://ke-image.ljcdn.com/110000-inspection/aa429e5a-f92b-423d-9853-c65622da6066_1000.jpg!m_fill,w_280,h_210,f_jpg?from=ke.com
20240924,怀柔,怀柔,101118950922,世嘉光织谷东区  乐园西大街13号,300万,27450元/平,中楼层 (共6层) 3室1厅 | 109.29平米 | 东 西,https://ke-image.ljcdn.com/110000-inspection/ed834a71-750f-4f0a-abbf-d4747ee5974d_1000.jpg!m_fill,w_280,h_210,f_jpg?from=ke.com
20240924,怀柔,怀柔,101118941719,北京城建胜悦居 全明格局两居室,330万,37513元/平,顶层 (共11层) | 2019年 | 2室1厅 | 87.97平米 | 南 北,https://ke-image.ljcdn.com/110000-inspection/11764277-4868-4cab-97a4-58b91d1f62b5_1000.jpg!m_fill,w_280,h_210,f_jpg?from=ke.com
20240924,怀柔,怀柔,101118926284,迎宾中路 南北通透 满五唯一 方便看房,230万,23212元/平,中楼层 (共7层) 3室2厅 | 99.09平米 | 南 北,https://ke-image.ljcdn.com/110000-inspection/5ae5d03d-d15f-44a1-9d16-70af630f2728_1000.jpg!m_fill,w_280,h_210,f_jpg?from=ke.com
20240924,怀柔,怀柔,101118881832,凤瑞二园优质两居室南北通透客厅朝南带阳台停车免费,145万,21199元/平,顶层 (共5层) 2室1厅 | 68.4平米 | 南 北,https://ke-image.ljcdn.com/110000-inspection/e9e24038-2b19-457d-a086-c6ddedcec8f3_1000.jpg!m_fill,w_280,h_210,f_jpg?from=ke.com
20240924,怀柔,怀柔,101118875806,梦想家园西区全天采光视野开阔格局全明宽敞位置好房主自荐,330万,26926元/平,底层 (共14层) | 2014年 | 3室2厅 | 122.56平米 | 南 北,https://ke-image.ljcdn.com/110000-inspection/pc1_10bfVdK9C.jpg!m_fill,w_280,h_210,f_jpg?from=ke.com
20240924,怀柔,怀柔,101118870931,把东面的全明格局视野宽阔南北通透户型采光通风,190万,21953元/平,顶层 (共6层) 3室1厅 | 86.55平米 | 南 东北,https://ke-image.ljcdn.com/110000-inspection/pc1_SpfS4MUxP_1.jpg!m_fill,w_280,h_210,f_jpg?from=ke.com
20240924,怀柔,怀柔,101118865103,电梯房 可看到怀柔水库视野宽阔交通便利,420万,28922元/平,中楼层 (共24层) | 2001年 | 3室1厅 | 145.22平米 | 东 北,https://ke-image.ljcdn.com/110000-inspection/8e78cdc4-236c-4a58-8727-7225af9724f8_1000.jpg!m_fill,w_280,h_210,f_jpg?from=ke.com
20240924,怀柔,怀柔,101118863397,光织谷东区 一层花园 南北通透 格局方正,189万,23982元/平,底层 (共7层) 1室1厅 | 78.81平米 | 南 北,https://ke-image.ljcdn.com/110000-inspection/57fe23f0-6e61-45d1-b9ec-dc76028e0e3f_1000.jpg!m_fill,w_280,h_210,f_jpg?from=ke.com
20240924,怀柔,怀柔,101118863101,府前街小区   中楼层   1梯2户、出行方便、,168万,26714元/平,中楼层 (共6层) 2室1厅 | 62.89平米 | 南 北,https://ke-image.ljcdn.com/110000-inspection/40006b66-0cba-4c2c-b4dd-5492857c6fa6_1000.jpg!m_fill,w_280,h_210,f_jpg?from=ke.com
20240924,怀柔,怀柔,101118857301,安乐馨居电梯房全南向两居室出售采光充足无遮挡。房主自荐,145万,18253元/平,低楼层 (共15层) 2室1厅 | 79.44平米 | 南,https://ke-image.ljcdn.com/110000-inspection/pc1_jl43iQ1LH.jpg!m_fill,w_280,h_210,f_jpg?from=ke.com
20240924,怀柔,怀柔,101118833215,于家园二区南院 南北通透  低 楼 层,180万,26882元/平,底层 (共6层) 2室1厅 | 66.96平米 | 南 北,https://ke-image.ljcdn.com/110000-inspection/pc1_Aup61f9QN_1.jpg!m_fill,w_280,h_210,f_jpg?from=ke.com
20240924,怀柔,怀柔,101118831736,于家园二区南院 南北通透 前后无遮挡,160万,21835元/平,高楼层 (共6层) 2室1厅 | 73.28平米 | 南 北,https://ke-image.ljcdn.com/110000-inspection/65fc1e1d-488e-4b32-9c45-28d09ea722ca_1000.jpg!m_fill,w_280,h_210,f_jpg?from=ke.com
20240924,怀柔,怀柔,101118807954,莲馨苑 房子南北通透三居室满五,285万,28146元/平,中楼层 (共6层) 3室1厅 | 101.26平米 | 南 北,https://ke-image.ljcdn.com/110000-inspection/d03278d7-7183-41b1-8aa0-5580cc17661b_1000.jpg!m_fill,w_280,h_210,f_jpg?from=ke.com
20240924,怀柔,怀柔,101118804188,潘家园小区一层两室优质房业主急售,180万,34059元/平,底层 (共6层) | 1992年 | 2室1厅 | 52.85平米 | 南,https://ke-image.ljcdn.com/110000-inspection/pc1_p7Si22WJF_1.jpg!m_fill,w_280,h_210,f_jpg?from=ke.com
20240924,怀柔,怀柔,101118803586,小中富乐二区、干净整洁、南北通透、户型方正房主自荐,188万,22051元/平,顶层 (共6层) 3室1厅 | 85.26平米 | 南 北,https://ke-image.ljcdn.com/110000-inspection/a2acbef7-c45a-478d-8524-75ca5f2bbcc2_1000.jpg!m_fill,w_280,h_210,f_jpg?from=ke.com
20240924,怀柔,怀柔,101118780722,龙山御景 全明格局 人车分流 南北通透,598万,41390元/平,低楼层 (共21层) 3室2厅 | 144.48平米 | 南 西北,https://ke-image.ljcdn.com/110000-inspection/pc1_kbBWtOwW0_1.jpg!m_fill,w_280,h_210,f_jpg?from=ke.com
20240924,怀柔,怀柔,101118778962,怀柔区龙山街道水库边满五唯一 龙祥小区,230万,38149元/平,高楼层 (共7层) | 2007年 | 2室1厅 | 60.29平米 | 东,https://ke-image.ljcdn.com/110000-inspection/ca4b71d2-4aae-4d60-a895-cf3a771ed188_1000.jpg!m_fill,w_280,h_210,f_jpg?from=ke.com
20240924,怀柔,怀柔,101118777189,怀柔区 顶秀美泉小洋房社区 三居室拎包入住房主自荐,370万,27685元/平,中楼层 (共4层) 3室2厅 | 133.65平米 | 南 北,https://ke-image.ljcdn.com/110000-inspection/pc1_XR9w7orS3_1.jpg!m_fill,w_280,h_210,f_jpg?from=ke.com
20240924,怀柔,怀柔,101118734143,红螺家园南北通透2居室中间楼层,225万,22811元/平,中楼层 (共5层) | 2007年 | 2室2厅 | 98.64平米 | 南 北,https://ke-image.ljcdn.com/110000-inspection/a6e02c09-fc15-45f6-9915-b7e7b15517c2_1000.jpg!m_fill,w_280,h_210,f_jpg?from=ke.com
20240924,怀柔,怀柔,101118730481,怀柔新新家园 环境优美 交通便利 配套齐全房主自荐,289万,30367元/平,低楼层 (共11层) 3室2厅 | 95.17平米 | 南 北,https://ke-image.ljcdn.com/110000-inspection/b2c2eeeb-63d5-425e-8647-41183bb563f0_1000.jpg!m_fill,w_280,h_210,f_jpg?from=ke.com
20240924,怀柔,怀柔,101118716559,满五唯一房子精装修南北通透一层采光充足。,170万,19979元/平,底层 (共15层) 2室1厅 | 85.09平米 | 南 北,https://ke-image.ljcdn.com/110000-inspection/84424a11-cca9-4adc-9218-88838d343db2_1000.jpg!m_fill,w_280,h_210,f_jpg?from=ke.com
20240924,怀柔,怀柔,101118707512,满五年唯一花园洋房南北通透库上一层 拎包入住,310万,26519元/平,底层 (共4层) 3室2厅 | 116.9平米 | 南 北,https://ke-image.ljcdn.com/110000-inspection/81a6fae5-84eb-4e27-8e58-b9ee3452e88e_1000.jpg!m_fill,w_280,h_210,f_jpg?from=ke.com
20240924,怀柔,怀柔,101118680835,青春路九院满五唯一南北通透业主诚心出售,140万,22487元/平,高楼层 (共6层) 2室1厅 | 62.26平米 | 南 北,https://ke-image.ljcdn.com/110000-inspection/pc1_bi4fZs5ip_1.jpg!m_fill,w_280,h_210,f_jpg?from=ke.com
20240924,怀柔,怀柔,101118670529,于家园二区南院视野采光好交通便利...,160万,23523元/平,顶层 (共6层) 2室1厅 | 68.02平米 | 南 北,https://ke-image.ljcdn.com/110000-inspection/pc1_St6yFzOWh.jpg!m_fill,w_280,h_210,f_jpg?from=ke.com
20240924,怀柔,怀柔,101118653039,迎宾中路2号院 一层 精装修 采光好房主自荐,160万,30471元/平,底层 (共5层) 2室1厅 | 52.51平米 | 南 北,https://ke-image.ljcdn.com/110000-inspection/3da156a4-44a2-49f5-879f-2f73b0db187e_1000.jpg!m_fill,w_280,h_210,f_jpg?from=ke.com
20240924,怀柔,怀柔,101118623426,融城园北区 2层 满五年唯一住房 精装修拎包入住房主自荐,226万,21181元/平,中楼层 (共5层) 3室1厅 | 106.7平米 | 南 北,https://ke-image.ljcdn.com/110000-inspection/pc1_BXEhAn9m8.jpg!m_fill,w_280,h_210,f_jpg?from=ke.com
20240924,怀柔,怀柔,101118622617,房子满五唯一 看房方便  诚意出售,200万,29851元/平,底层 (共4层) 2室1厅 | 67平米 | 南 北,https://ke-image.ljcdn.com/110000-inspection/e440ff85-3949-4b6a-a8a7-775c52dfcbf6_1000.jpg!m_fill,w_280,h_210,f_jpg?from=ke.com
20240924,怀柔,怀柔,101118621469,镜春园 满五唯一 南北通透 随时配合签约房主自荐,519万,36635元/平,顶层 (共7层) 3室1厅 | 141.67平米 | 南 北,https://ke-image.ljcdn.com/110000-inspection/8e68af45-f03a-40e8-a4fb-47c9f752ea23_1000.jpg!m_fill,w_280,h_210,f_jpg?from=ke.com
20240924,怀柔,怀柔,101118618743,莲馨苑 满五唯一 南北 精装修 采光好,220万,21871元/平,顶层 (共6层) 3室1厅 | 100.59平米 | 南 北,https://ke-image.ljcdn.com/110000-inspection/f0729872-21dc-4299-bb78-105805baa87c_1000.jpg!m_fill,w_280,h_210,f_jpg?from=ke.com
20240924,怀柔,怀柔,101118618886,东关二区小区三居室中间楼层业主诚意出售,340万,29316元/平,中楼层 (共6层) 3室1厅 | 115.98平米 | 南 北,https://ke-image.ljcdn.com/110000-inspection/pc1_KVN0wBA12.jpg!m_fill,w_280,h_210,f_jpg?from=ke.com
20240924,怀柔,怀柔,101118613635,此房满五年精装修南北通透看房提前约,365万,26003元/平,底层 (共4层) 3室2厅 | 140.37平米 | 南 北,https://ke-image.ljcdn.com/110000-inspection/pc1_hlumkpYbA.jpg!m_fill,w_280,h_210,f_jpg?from=ke.com
20240924,怀柔,怀柔,101118611502,东园北区视野开阔采光充足产权清晰生活便利。,225万,20742元/平,顶层 (共6层) 3室2厅 | 108.48平米 | 南 北,https://ke-image.ljcdn.com/110000-inspection/pc1_qX78YGMtn_1.jpg!m_fill,w_280,h_210,f_jpg?from=ke.com
20240924,怀柔,怀柔,101118574822,东关一区 南北通透 看房方便诚心出售,256万,29042元/平,中楼层 (共7层) 3室1厅 | 88.15平米 | 南 北,https://ke-image.ljcdn.com/110000-inspection/7925de84-b8a0-4ab7-93aa-550bff6b0c1e_1000.jpg!m_fill,w_280,h_210,f_jpg?from=ke.com
20240924,怀柔,怀柔,101118560790,成熟社区 南北通透 位置优越 停车方便  随时签约,260万,32887元/平,高楼层 (共6层) 2室1厅 | 79.06平米 | 南 北,https://ke-image.ljcdn.com/110000-inspection/pc1_1FomHPBpC_1.jpg!m_fill,w_280,h_210,f_jpg?from=ke.com
20240924,怀柔,怀柔,101118544105,东关二区小区 中楼层3居 满五唯一 南北通透,248万,24262元/平,中楼层 (共6层) | 1999年 | 3室2厅 | 102.22平米 | 南 北,https://ke-image.ljcdn.com/110000-inspection/pc1_8ylKYUYCF_1.jpg!m_fill,w_280,h_210,f_jpg?from=ke.com
20240924,怀柔,怀柔,101118521693,本房满五唯一商品房南北通透精装修,235万,26202元/平,高楼层 (共6层) 3室1厅 | 89.69平米 | 南 北,https://ke-image.ljcdn.com/110000-inspection/pc1_yR1MWoHgO_1.jpg!m_fill,w_280,h_210,f_jpg?from=ke.com
20240924,怀柔,怀柔,101118512139,金台园 布局合理 采光好 南北通透全明格局,198万,27120元/平,顶层 (共6层) 3室1厅 | 73.01平米 | 南 北,https://ke-image.ljcdn.com/110000-inspection/pc1_EneaNYUVQ_1.jpg!m_fill,w_280,h_210,f_jpg?from=ke.com
20240924,怀柔,怀柔,101118490852,湖光小区南北通透低楼层满五年业主名下一套住房,235万,30699元/平,中楼层 (共5层) 3室1厅 | 76.55平米 | 南 北,https://ke-image.ljcdn.com/110000-inspection/pc1_BtljNasPf_1.jpg!m_fill,w_280,h_210,f_jpg?from=ke.com
20240924,怀柔,怀柔,101118475344,红螺家园 南北通透 全明户型 视野宽阔 采光好,290万,27002元/平,中楼层 (共6层) 3室1厅 | 107.4平米 | 南 北,https://ke-image.ljcdn.com/110000-inspection/14800108-bdb2-42b0-95ab-cf5808b6c94c_1000.jpg!m_fill,w_280,h_210,f_jpg?from=ke.com
20240924,怀柔,怀柔,101118472891,好楼层2层 采光充足 南北通透 配套设施齐全房主自荐,356万,35388元/平,中楼层 (共6层) 2室2厅 | 100.6平米 | 南 北,https://ke-image.ljcdn.com/110000-inspection/pc1_I2tIgHA0d_1.jpg!m_fill,w_280,h_210,f_jpg?from=ke.com
20240924,怀柔,怀柔,101118472522,迎宾中路房子满五年单位分的房子中间层房主自荐,292万,24117元/平,低楼层 (共6层) 3室2厅 | 121.08平米 | 南 北,https://ke-image.ljcdn.com/110000-inspection/pc1_U7F0ZAJEj_1.jpg!m_fill,w_280,h_210,f_jpg?from=ke.com
20240924,怀柔,怀柔,101118470536,融城园北区 3室2厅 南 北,252万,17711元/平,中楼层 (共6层) 3室2厅 | 142.29平米 | 南 北,https://ke-image.ljcdn.com/110000-inspection/pc1_hnmTf8zxP_2.jpg!m_fill,w_280,h_210,f_jpg?from=ke.com
20240924,怀柔,怀柔,101118470358,商业中心区里的安静小区随时看房随时签约！,328万,31805元/平,顶层 (共3层) 3室2厅 | 103.13平米 | 南 北,https://ke-image.ljcdn.com/110000-inspection/pc1_ega84QNhl_1.jpg!m_fill,w_280,h_210,f_jpg?from=ke.com
20240924,怀柔,怀柔,101118466538,此房满五唯一南北通透全明格局采光好视野开阔,239万,21499元/平,顶层 (共6层) 3室1厅 | 111.17平米 | 南 北,https://ke-image.ljcdn.com/110000-inspection/pc1_hQ3rRpYft_1.jpg!m_fill,w_280,h_210,f_jpg?from=ke.com
20240924,怀柔,怀柔,101118443986,于家园三区 3室1厅 南 北,278万,25209元/平,中楼层 (共6层) 3室1厅 | 110.28平米 | 南 北,https://ke-image.ljcdn.com/110000-inspection/pc1_AJaEzsUTd_1.jpg!m_fill,w_280,h_210,f_jpg?from=ke.com
20240924,怀柔,怀柔,101118443870,潘家园小区 套完善采光好看房方便诚心出售,140万,24264元/平,顶层 (共6层) 2室1厅 | 57.7平米 | 南 北,https://ke-image.ljcdn.com/110000-inspection/pc1_fhd2Db0L1_1.jpg!m_fill,w_280,h_210,f_jpg?from=ke.com
20240924,怀柔,怀柔,101118435758,此房满五可唯一大两居户型业主诚心出售价格可议,235万,24805元/平,中楼层 (共7层) 2室2厅 | 94.74平米 | 东 西,https://ke-image.ljcdn.com/110000-inspection/77c72d01-60ef-4102-a14f-e57295ca3fc7_1000.jpg!m_fill,w_280,h_210,f_jpg?from=ke.com
20240924,怀柔,怀柔,101118430303,府前观邸 3室2厅 南 北,499万,34859元/平,底层 (共12层) | 2013年 | 3室2厅 | 143.15平米 | 南 北,https://ke-image.ljcdn.com/110000-inspection/pc1_RKJmq7gN2.jpg!m_fill,w_280,h_210,f_jpg?from=ke.com
20240924,怀柔,怀柔,101118427704,开利园小区业主急售三层东向两居室,150万,19348元/平,中楼层 (共6层) 2室1厅 | 77.53平米 | 东,https://ke-image.ljcdn.com/110000-inspection/pc1_NX6EKynZl_1.jpg!m_fill,w_280,h_210,f_jpg?from=ke.com
20240924,怀柔,怀柔,101118404663,育龙馨居南北通透精装修采光好,130万,18139元/平,顶层 (共11层) 2室1厅 | 71.67平米 | 南 北,https://ke-image.ljcdn.com/110000-inspection/pc1_5Sx3jWewe_1.jpg!m_fill,w_280,h_210,f_jpg?from=ke.com
20240924,怀柔,怀柔,101118402793,泉河园二区 商品房南北三居室 交通便利。,330万,27685元/平,顶层 (共6层) | 2003年 | 3室2厅 | 119.2平米 | 南 北,https://ke-image.ljcdn.com/110000-inspection/4575f4db-88e7-40be-9627-6ea7d9e7a24d_1000.jpg!m_fill,w_280,h_210,f_jpg?from=ke.com
20240924,怀柔,怀柔,101118395390,小中富乐二区 南北通透 高楼层,198万,24451元/平,顶层 (共6层) 3室1厅 | 80.98平米 | 南 北,https://ke-image.ljcdn.com/110000-inspection/pc1_A0XsFzgM9_1.jpg!m_fill,w_280,h_210,f_jpg?from=ke.com
20240924,怀柔,怀柔,101118393704,开利园小区 低楼层 南北通 采光好 出行方便,330万,27842元/平,低楼层 (共6层) 4室2厅 | 118.53平米 | 南 北,https://ke-image.ljcdn.com/110000-inspection/pc1_TQl8QJtbE_1.jpg!m_fill,w_280,h_210,f_jpg?from=ke.com
20240924,怀柔,怀柔,101118386824,金台园中间楼层南北三居满五唯一,207万,28380元/平,中楼层 (共6层) 3室1厅 | 72.94平米 | 南 北,https://ke-image.ljcdn.com/110000-inspection/7a025734-83f8-4aca-bd96-ad6c72f0f651_1000.jpg!m_fill,w_280,h_210,f_jpg?from=ke.com
20240924,怀柔,怀柔,101118373416,南华园四区南北通透格局好交通便利,390万,24101元/平,中楼层 (共6层) 3室1厅 | 161.82平米 | 南 北,https://ke-image.ljcdn.com/110000-inspection/pc1_aWFdZmhIH_2.jpg!m_fill,w_280,h_210,f_jpg?from=ke.com
20240924,怀柔,怀柔,101118372591,梦想家园西区南北向电梯房两居室一手业主出售。,190万,21349元/平,高楼层 (共15层) | 2014年 | 2室1厅 | 89平米 | 南 北,https://ke-image.ljcdn.com/110000-inspection/pc1_h7i5LwzIs_1.jpg!m_fill,w_280,h_210,f_jpg?from=ke.com
20240924,怀柔,怀柔,101118330201,纯南向一居室业主诚心出售现有租户看房提前约。,108万,18589元/平,中楼层 (共9层) 1室1厅 | 58.1平米 | 南,https://ke-image.ljcdn.com/110000-inspection/da9f91ce-670a-46bf-877d-fee9fe40c966_1000.jpg!m_fill,w_280,h_210,f_jpg?from=ke.com
20240924,怀柔,怀柔,101118312971,府前官邸 大平层 精致装修  看房方便,826万,42103元/平,高楼层 (共11层) 4室2厅 | 196.19平米 | 南 西 北,https://ke-image.ljcdn.com/110000-inspection/068d1972-6bc8-44b5-8130-d4c78f7172d6_1000.jpg!m_fill,w_280,h_210,f_jpg?from=ke.com
20240924,怀柔,怀柔,101118302284,成熟社区位置好 大三居双卫 南北通透采光超好,376万,31457元/平,顶层 (共6层) 3室2厅 | 119.53平米 | 南 北,https://ke-image.ljcdn.com/110000-inspection/pc1_9Pig2F582_2.jpg!m_fill,w_280,h_210,f_jpg?from=ke.com
20240924,怀柔,怀柔,101118301905,新新家园电梯房精装拎包入住 南北通透 诚意出售。,185万,29810元/平,顶层 (共6层) 1室1厅 | 62.06平米 | 南 北,https://ke-image.ljcdn.com/110000-inspection/pc1_WSterlmW7_1.jpg!m_fill,w_280,h_210,f_jpg?from=ke.com
20240924,怀柔,怀柔,101118285564,梦想家园西区 9月份满五年唯一看房方便,200万,22445元/平,低楼层 (共15层) | 2014年 | 2室1厅 | 89.11平米 | 南 北,https://ke-image.ljcdn.com/110000-inspection/d97a4e35-dd16-4688-b4b7-44c4999b21f5_1000.jpg!m_fill,w_280,h_210,f_jpg?from=ke.com
20240924,怀柔,怀柔,101118285408,此房满五唯一南北通透优质好房,190万,25655元/平,高楼层 (共6层) | 1996年 | 2室1厅 | 74.06平米 | 南 北,https://ke-image.ljcdn.com/110000-inspection/pc1_C2NCy4LIX_1.jpg!m_fill,w_280,h_210,f_jpg?from=ke.com
20240924,怀柔,怀柔,101118274675,茶坞铁路精装低楼层南北通透业主诚意出售,209.8万,13494元/平,中楼层 (共5层) 3室2厅 | 155.48平米 | 南 北,https://ke-image.ljcdn.com/110000-inspection/pc1_juNpG6vmh_1.jpg!m_fill,w_280,h_210,f_jpg?from=ke.com
20240924,怀柔,怀柔,101118270521,客厅通阳台南北通透大三居采光好,225万,23450元/平,高楼层 (共6层) 3室1厅 | 95.95平米 | 南 北,https://ke-image.ljcdn.com/110000-inspection/adabee61-1ca0-4694-a572-2df45161ed1f_1000.jpg!m_fill,w_280,h_210,f_jpg?from=ke.com
20240924,怀柔,怀柔,101118254513,价格低的两居室在这里130万的两居室,120万,17402元/平,底层 (共12层) | 2013年 | 2室1厅 | 68.96平米 | 南,https://ke-image.ljcdn.com/110000-inspection/c0382d9a-a6fd-4fb9-8ebd-ac71e6d42202_1000.jpg!m_fill,w_280,h_210,f_jpg?from=ke.com
20240924,怀柔,怀柔,101118230938,府前东街13号院 南北通透三居室,163万,21205元/平,顶层 (共6层) 3室1厅 | 76.87平米 | 南 北,https://ke-image.ljcdn.com/110000-inspection/pc1_pLaFhxrUv_1.jpg!m_fill,w_280,h_210,f_jpg?from=ke.com
20240924,怀柔,怀柔,101118228357,金善名居全明格局南北通透大两局落地窗视野采光好,185万,22865元/平,中楼层 (共6层) 2室2厅 | 80.91平米 | 南 北,https://ke-image.ljcdn.com/110000-inspection/c238b2b1-4078-4ea2-b97c-b608854c06ee_1000.jpg!m_fill,w_280,h_210,f_jpg?from=ke.com
20240924,怀柔,怀柔,101118225046,迎宾中路中间楼层弧形窗采光充足看房方便,230万,18098元/平,中楼层 (共6层) 3室1厅 | 127.09平米 | 南 北,https://ke-image.ljcdn.com/110000-inspection/pc1_gE6wTrLrS.jpg!m_fill,w_280,h_210,f_jpg?from=ke.com
20240924,怀柔,怀柔,101118214833,青春苑2院 满五唯一 南北通透,230万,29315元/平,中楼层 (共6层) | 1997年 | 3室1厅 | 78.46平米 | 南 北,https://ke-image.ljcdn.com/110000-inspection/pc1_RjBuEO89i_1.jpg!m_fill,w_280,h_210,f_jpg?from=ke.com
20240924,怀柔,怀柔,101118181530,南北通透 户型好 低楼层 诚意出售  看房方便,320万,28572元/平,低楼层 (共6层) 3室1厅 | 112平米 | 南 北,https://ke-image.ljcdn.com/110000-inspection/pc1_trm3cG8Sb_2.jpg!m_fill,w_280,h_210,f_jpg?from=ke.com
20240924,怀柔,怀柔,101118176681,满五唯一 南北通透 二层 有钥匙可随时看房,225万,30688元/平,低楼层 (共7层) 2室1厅 | 73.32平米 | 南 北,https://ke-image.ljcdn.com/110000-inspection/44777f8d-5131-4acc-957f-0bc82a07d114_1000.jpg!m_fill,w_280,h_210,f_jpg?from=ke.com
20240924,怀柔,怀柔,101118168263,此房满五唯一南北通透三居室阳光充裕,207万,22942元/平,中楼层 (共5层) | 2008年 | 3室1厅 | 90.23平米 | 南 北,https://ke-image.ljcdn.com/110000-inspection/pc1_PZveZIq73_2.jpg!m_fill,w_280,h_210,f_jpg?from=ke.com
20240924,怀柔,怀柔,101118159159,小区中间 优质户型 全明 三间朝阳 通透 精装 满五唯一,280万,22674元/平,中楼层 (共14层) 3室2厅 | 123.49平米 | 南 北 东,https://ke-image.ljcdn.com/110000-inspection/pc1_iqy6EChhF.jpg!m_fill,w_280,h_210,f_jpg?from=ke.com
20240924,怀柔,怀柔,101118152536,栖美园1居室精装修 婚房 全新,155万,21661元/平,高楼层 (共6层) 1室1厅 | 71.56平米 | 南,https://ke-image.ljcdn.com/110000-inspection/0e5a0fb2-e3a7-42ba-b68c-ab69556c7d65_1000.jpg!m_fill,w_280,h_210,f_jpg?from=ke.com
20240924,怀柔,怀柔,101118145977,城区电梯房 社区成熟  出行购物方便  南北通透2居户型,245万,27694元/平,中楼层 (共9层) | 2015年 | 2室1厅 | 88.47平米 | 南 北,https://ke-image.ljcdn.com/110000-inspection/72b1361b-44bf-44e4-8f81-9e6937c6dbd3_1000.jpg!m_fill,w_280,h_210,f_jpg?from=ke.com
20240924,怀柔,怀柔,101118130976,有电梯 东关一区次顶层大三居满五年唯一带两个储物间,340万,26390元/平,高楼层 (共6层) 3室2厅 | 128.84平米 | 南 北,https://ke-image.ljcdn.com/110000-inspection/a0b665aa-4d19-4dd2-ad2b-d2216cc61b99_1000.jpg!m_fill,w_280,h_210,f_jpg?from=ke.com
20240924,怀柔,怀柔,101118125591,顶秀美泉小镇C区此房满五小区花园洋房社区环境好,255万,28168元/平,底层 (共5层) | 2012年 | 2室1厅 | 90.53平米 | 南 北,https://ke-image.ljcdn.com/110000-inspection/pc1_PQoHDUzVx.jpg!m_fill,w_280,h_210,f_jpg?from=ke.com
20240924,怀柔,怀柔,101118117034,科学城创新小镇 栖美园 大两居室 满五唯一,238万,24587元/平,高楼层 (共6层) 2室2厅 | 96.8平米 | 南 北,https://ke-image.ljcdn.com/110000-inspection/pc1_KwTjH6Dds_1.jpg!m_fill,w_280,h_210,f_jpg?from=ke.com
20240924,怀柔,怀柔,101118114948,金台园小区满五年三居室楼龄新,285万,29629元/平,底层 (共6层) 3室2厅 | 96.19平米 | 南 北,https://ke-image.ljcdn.com/110000-inspection/pc1_9ZkLnbiA2_1.jpg!m_fill,w_280,h_210,f_jpg?from=ke.com
20240924,怀柔,怀柔,101118111959,南华园四区 南北通透两居室 中间楼层  方便停车,218万,22721元/平,中楼层 (共6层) 2室2厅 | 95.95平米 | 南 北,https://ke-image.ljcdn.com/110000-inspection/pc1_Y1QevGQKT_1.jpg!m_fill,w_280,h_210,f_jpg?from=ke.com
20240924,怀柔,怀柔,101118093205,八龙桥雅苑1-1-1 60.86,144万,23661元/平,中楼层 (共5层) 1室1厅 | 60.86平米 | 北,https://ke-image.ljcdn.com/110000-inspection/pc1_NeEOUydJ5_2.jpg!m_fill,w_280,h_210,f_jpg?from=ke.com
20240924,怀柔,怀柔,101118068870,梦想家园西区 电梯房 小区安静 采光好 视野开阔,310万,25294元/平,低楼层 (共14层) | 2014年 | 3室2厅 | 122.56平米 | 南 北,https://ke-image.ljcdn.com/110000-inspection/pc1_8HJvDXFvi_1.jpg!m_fill,w_280,h_210,f_jpg?from=ke.com
20240924,怀柔,怀柔,101118064823,家天下 南北通透两居两卫 中间楼层,305万,31705元/平,中楼层 (共6层) | 2007年 | 2室2厅 | 96.2平米 | 南 北,https://ke-image.ljcdn.com/110000-inspection/pc1_3KxRZPC5E.jpg!m_fill,w_280,h_210,f_jpg?from=ke.com
20240924,怀柔,怀柔,101118060601,满五唯一 汇都家园 南北通透精装修 客厅通阳台,287万,28903元/平,高楼层 (共6层) 3室2厅 | 99.3平米 | 南 北,https://ke-image.ljcdn.com/110000-inspection/pc1_JktZMQWZv_1.jpg!m_fill,w_280,h_210,f_jpg?from=ke.com
20240924,怀柔,怀柔,101118056161,青春路六院 小户型 电梯房 满五唯一,145万,24280元/平,顶层 (共9层) 1室1厅 | 59.72平米 | 西,https://ke-image.ljcdn.com/110000-inspection/pc1_FtBJ2s9R8_1.jpg!m_fill,w_280,h_210,f_jpg?from=ke.com
20240924,怀柔,怀柔,101118051946,于家园三区满五唯一南北通透两居前后无遮挡看房方便,260万,28755元/平,底层 (共5层) 2室2厅 | 90.42平米 | 南 北,https://ke-image.ljcdn.com/110000-inspection/pc1_pFw1Kju09_1.jpg!m_fill,w_280,h_210,f_jpg?from=ke.com
20240924,怀柔,怀柔,101118050613,益田影人四季花园 4室2厅 南 北,521万,26766元/平,低楼层 (共8层) 4室2厅 | 194.65平米 | 南 北,https://ke-image.ljcdn.com/110000-inspection/pc1_INCjxlYL9.jpg!m_fill,w_280,h_210,f_jpg?from=ke.com
20240924,怀柔,怀柔,101118048964,滨湖南街小区中间楼层满五唯一业主诚心出售,265万,29656元/平,中楼层 (共5层) 3室1厅 | 89.36平米 | 南 北,https://ke-image.ljcdn.com/110000-inspection/pc1_brcsaKXuY_2.jpg!m_fill,w_280,h_210,f_jpg?from=ke.com
20240924,怀柔,怀柔,101118015860,馥郁苑 中间楼层 精装修三居室,248万,29755元/平,中楼层 (共6层) 3室1厅 | 83.35平米 | 南 北,https://ke-image.ljcdn.com/110000-inspection/ddf2a0ee-4cf2-44d3-8ae4-3a90f98c5161_1000.jpg!m_fill,w_280,h_210,f_jpg?from=ke.com
20240924,怀柔,怀柔,101118002697,湖光小区 南北通透  楼层好采光充足,145万,25792元/平,中楼层 (共5层) 2室1厅 | 56.22平米 | 南 北,https://ke-image.ljcdn.com/110000-inspection/pc1_rAOGid33G_2.jpg!m_fill,w_280,h_210,f_jpg?from=ke.com
20240924,怀柔,怀柔,101117975144,安乐馨居两居室  环境优美  配套齐全房主自荐,180万,21031元/平,中楼层 (共17层) 2室1厅 | 85.59平米 | 南 北,https://ke-image.ljcdn.com/110000-inspection/52e9f62f-dbe7-4427-9834-7cd209059899_1000.jpg!m_fill,w_280,h_210,f_jpg?from=ke.com
20240924,怀柔,怀柔,101117966251,怀柔科学城 顶秀美泉小镇B区 两居室中间楼层精装,318万,35884元/平,中楼层 (共5层) | 2015年 | 2室1厅 | 88.62平米 | 南 北,https://ke-image.ljcdn.com/110000-inspection/pc1_WUq8mRsRT.jpg!m_fill,w_280,h_210,f_jpg?from=ke.com
20240924,怀柔,怀柔,101117956442,府前官邸府前官邸府前官邸府前官邸,358万,40752元/平,中楼层 (共12层) 2室1厅 | 87.85平米 | 南 北,https://ke-image.ljcdn.com/110000-inspection/pc1_ps1t9NlFY_1.jpg!m_fill,w_280,h_210,f_jpg?from=ke.com
20240924,怀柔,怀柔,101117948415,世嘉光织谷精装修两居室一层南北通透价格可议。,355万,31842元/平,底层 (共6层) 2室1厅 | 111.49平米 | 南 北,https://ke-image.ljcdn.com/110000-inspection/1eff3497-bb46-4698-ad38-888719a59797_1000.jpg!m_fill,w_280,h_210,f_jpg?from=ke.com
20240924,怀柔,怀柔,101117938054,世嘉光织谷 全明格局 精装修电梯房 着急出售 3室2厅,318万,23603元/平,中楼层 (共6层) 3室2厅 | 134.73平米 | 东 南 北,https://ke-image.ljcdn.com/110000-inspection/93cce4d9-ec21-40b6-8fd7-6c368b03ebb7_1000.jpg!m_fill,w_280,h_210,f_jpg?from=ke.com
20240924,怀柔,怀柔,101117918832,于家园一区 东西通透  格局方正 诚意出售 采光好,199万,24608元/平,中楼层 (共6层) 3室1厅 | 80.87平米 | 东 西,https://ke-image.ljcdn.com/110000-inspection/86564f22-375a-44d2-a512-5d272765b856_1000.jpg!m_fill,w_280,h_210,f_jpg?from=ke.com
20240924,怀柔,怀柔,101117918019,康馨家园小区环境好中间楼层业主诚意出售,360万,35750元/平,中楼层 (共6层) 3室1厅 | 100.7平米 | 南 北,https://ke-image.ljcdn.com/110000-inspection/pc1_W0PjCSqDD_2.jpg!m_fill,w_280,h_210,f_jpg?from=ke.com
20240924,怀柔,怀柔,101117915886,新贤家园  配套齐全 环境优美,195万,31111元/平,低楼层 (共11层) 1室1厅 | 62.68平米 | 南,https://ke-image.ljcdn.com/110000-inspection/7949cc3c-bda0-4fc6-be95-2d2e19741480_1000.jpg!m_fill,w_280,h_210,f_jpg?from=ke.com
20240924,怀柔,怀柔,101117895149,融城园北区 南北通透四居室 低楼层,328万,22962元/平,底层 (共6层) 3室2厅 | 142.85平米 | 南 北,https://ke-image.ljcdn.com/110000-inspection/pc1_yOnlicaRg_1.jpg!m_fill,w_280,h_210,f_jpg?from=ke.com
20240924,怀柔,怀柔,101117890079,此房满五唯一 全明格局 采光好三居室 车位充足,255万,16218元/平,高楼层 (共6层) | 2008年 | 3室1厅 | 157.24平米 | 东 南 北,https://ke-image.ljcdn.com/110000-inspection/pc1_99Ip4vsQf_1.jpg!m_fill,w_280,h_210,f_jpg?from=ke.com
20240924,怀柔,怀柔,101117881054,美丽家园 3室1厅 南 北,260万,22053元/平,顶层 (共6层) 3室1厅 | 117.9平米 | 南 北,https://ke-image.ljcdn.com/110000-inspection/64d9264e-6da7-4713-8e04-a7a4051a75b7_1000.jpg!m_fill,w_280,h_210,f_jpg?from=ke.com
20240924,怀柔,怀柔,101117864544,水岸雁栖南北通透毛坯房采光视野好,315万,35184元/平,中楼层 (共4层) | 2021年 | 2室1厅 | 89.53平米 | 南 北,https://ke-image.ljcdn.com/110000-inspection/pc1_cgtS5gN4w.jpg!m_fill,w_280,h_210,f_jpg?from=ke.com
20240924,怀柔,怀柔,101117846349,环境好满五唯一南北通透随时看房。,278万,28590元/平,高楼层 (共8层) | 2012年 | 2室1厅 | 97.24平米 | 南 北,https://ke-image.ljcdn.com/110000-inspection/pc1_00gHOOGEf_1.jpg!m_fill,w_280,h_210,f_jpg?from=ke.com
20240924,怀柔,怀柔,101117775385,小区环境整洁南向客厅及卧室采光充足通风效果好。,298万,23567元/平,高楼层 (共6层) 3室2厅 | 126.45平米 | 南 北,https://ke-image.ljcdn.com/110000-inspection/pc1_0Ss3JNMRb_1.jpg!m_fill,w_280,h_210,f_jpg?from=ke.com
20240924,怀柔,怀柔,101117747928,于家园一区 南北通透三居室 次顶层采光好,228万,22141元/平,高楼层 (共6层) | 2001年 | 3室1厅 | 102.98平米 | 南 北,https://ke-image.ljcdn.com/110000-inspection/d24c46d2-1da2-46b8-9758-9989c568454e_1000.jpg!m_fill,w_280,h_210,f_jpg?from=ke.com
20240924,怀柔,怀柔,101117732532,安乐馨居 电梯房 南北通透2居 中高楼层 着急出售,156万,18306元/平,中楼层 (共14层) 2室2厅 | 85.22平米 | 南 北,https://ke-image.ljcdn.com/110000-inspection/1a8f27a2-5dad-4dc8-bd4f-183ea14b705a_1000.jpg!m_fill,w_280,h_210,f_jpg?from=ke.com
20240924,怀柔,怀柔,101117731992,急售房龄新商品房可随时签约装修小区绿化面积大,134万,19135元/平,中楼层 (共14层) 1室1厅 | 70.03平米 | 南,https://ke-image.ljcdn.com/110000-inspection/3dec5b69-3f06-446b-b0d1-c398c673a597_1000.jpg!m_fill,w_280,h_210,f_jpg?from=ke.com
20240924,怀柔,怀柔,101117718138,府前观邸 2室1厅 南,329万,36992元/平,中楼层 (共9层) 2室1厅 | 88.94平米 | 南,https://ke-image.ljcdn.com/110000-inspection/pc1_GKaKclm0H_1.jpg!m_fill,w_280,h_210,f_jpg?from=ke.com
20240924,怀柔,怀柔,101117712513,顶秀美泉小镇C区中层  2室1厅明厨 停车方便房主自荐,230万,25733元/平,中楼层 (共4层) 2室1厅 | 89.38平米 | 南 北,https://ke-image.ljcdn.com/110000-inspection/pc1_Se6EREfrq.jpg!m_fill,w_280,h_210,f_jpg?from=ke.com
20240924,怀柔,怀柔,101117664539,府前东街 南北通透 正规两居 全明格局 看房方便,165万,24152元/平,高楼层 (共6层) 2室1厅 | 68.32平米 | 南 北,https://ke-image.ljcdn.com/110000-inspection/pc1_dsJHttqAK.jpg!m_fill,w_280,h_210,f_jpg?from=ke.com
20240924,怀柔,怀柔,101117650769,本房是电梯住房精装修拎包入住,90万,17637元/平,底层 (共15层) | 2014年 | 1室1厅 | 51.03平米 | 南 北,https://ke-image.ljcdn.com/110000-inspection/53b9a417-d412-4ce8-a074-2a539ffea1e0_1000.jpg!m_fill,w_280,h_210,f_jpg?from=ke.com
20240924,怀柔,怀柔,101117649478,乐红园 南北通透 采光好  含17平米地下室 满五唯一,265万,29237元/平,低楼层 (共6层) 3室1厅 | 90.64平米 | 南 北,https://ke-image.ljcdn.com/110000-inspection/pc1_FPrvG49Lv.jpg!m_fill,w_280,h_210,f_jpg?from=ke.com
20240924,怀柔,怀柔,101117630381,梦想家园满五唯一电梯高层采光好景观房,255万,28543元/平,顶层 (共15层) | 2014年 | 2室1厅 | 89.34平米 | 南 北,https://ke-image.ljcdn.com/110000-inspection/35174286-4b41-484e-9d4d-e1a25f338ba1_1000.jpg!m_fill,w_280,h_210,f_jpg?from=ke.com
20240924,怀柔,怀柔,101117590273,龙山御景 水库边 电梯房 采光好 拎包入住,520万,36530元/平,低楼层 (共18层) 3室2厅 | 142.35平米 | 南 北,https://ke-image.ljcdn.com/110000-inspection/pc1_M8UibOBX9_1.jpg!m_fill,w_280,h_210,f_jpg?from=ke.com
20240924,怀柔,怀柔,101117568575,安乐馨居精装修高楼层采光好,180万,21031元/平,高楼层 (共17层) | 2018年 | 2室1厅 | 85.59平米 | 南 北,https://ke-image.ljcdn.com/110000-inspection/3f9275d3-648b-4bf2-b304-d546dcabf527_1000.jpg!m_fill,w_280,h_210,f_jpg?from=ke.com
20240924,怀柔,怀柔,101117455055,怡安园小区 南北通透 看房方便靠谱出售,156万,21447元/平,中楼层 (共6层) 3室1厅 | 72.74平米 | 南 北,https://ke-image.ljcdn.com/110000-inspection/c99e8b27-40b0-40d7-9ab1-bf0fe3310c95_1000.jpg!m_fill,w_280,h_210,f_jpg?from=ke.com
20240924,怀柔,怀柔,101117339996,北京城建胜悦居2019年人车分流新社区采光视野好电梯房,198万,34257元/平,高楼层 (共11层) 1室1厅 | 57.8平米 | 南,https://ke-image.ljcdn.com/110000-inspection/pc1_pPDMttmZ8_1.jpg!m_fill,w_280,h_210,f_jpg?from=ke.com
20240924,怀柔,怀柔,101117266058,北大街1号院、南北通透、视野宽阔、采光充足,233万,27506元/平,顶层 (共6层) | 1998年 | 3室1厅 | 84.71平米 | 南 北,https://ke-image.ljcdn.com/110000-inspection/pc1_OlkRSUnMG.jpg!m_fill,w_280,h_210,f_jpg?from=ke.com
20240924,怀柔,怀柔,101117208760,满五唯一 电梯房 采光充足 无遮挡,200万,22710元/平,高楼层 (共15层) | 2014年 | 2室1厅 | 88.07平米 | 南 北,https://ke-image.ljcdn.com/110000-inspection/pc1_mjgcMYPo6_1.jpg!m_fill,w_280,h_210,f_jpg?from=ke.com
20240924,怀柔,怀柔,101117187145,怀柔县南华园四区 交通便利 配套齐全,185万,32091元/平,底层 (共6层) 2室1厅 | 57.65平米 | 南 北,https://ke-image.ljcdn.com/110000-inspection/4ff109d9-cb24-4dd2-bf64-2ac65aab762c_1000.jpg!m_fill,w_280,h_210,f_jpg?from=ke.com
20240924,怀柔,怀柔,101117171603,益田影人四季花园南北通透诚意出售,479万,24509元/平,低楼层 (共8层) | 2012年 | 4室2厅 | 195.44平米 | 南 北,https://ke-image.ljcdn.com/110000-inspection/pc1_7G6v6QbWt.jpg!m_fill,w_280,h_210,f_jpg?from=ke.com
20240924,怀柔,怀柔,101117152717,康馨家园高层南北通透三居采光充足配套齐全,270万,30236元/平,高楼层 (共6层) 3室1厅 | 89.3平米 | 南 北,https://ke-image.ljcdn.com/110000-inspection/pc1_3O1XN9vkm.jpg!m_fill,w_280,h_210,f_jpg?from=ke.com
20240924,怀柔,怀柔,101117089343,精装修楼龄新环境好楼层高视野好,280万,28246元/平,顶层 (共8层) 2室1厅 | 99.13平米 | 南 北,https://ke-image.ljcdn.com/110000-inspection/pc1_xyBRuwn1q_1.jpg!m_fill,w_280,h_210,f_jpg?from=ke.com
20240924,怀柔,怀柔,101117039835,康馨家园南北通透业主稳定出售价格可以商量,298万,29579元/平,顶层 (共6层) | 2003年 | 3室2厅 | 100.75平米 | 北 南,https://ke-image.ljcdn.com/110000-inspection/pc1_TNt2FRJRE.jpg!m_fill,w_280,h_210,f_jpg?from=ke.com
20240924,怀柔,怀柔,101117036871,裕华园一区 电梯洋房 采光好 南北通透 户型方正,160万,20018元/平,低楼层 (共16层) 2室1厅 | 79.93平米 | 南 北,https://ke-image.ljcdn.com/110000-inspection/cb87056f-e6a0-41f4-ab96-49ed61e048d8_1000.jpg!m_fill,w_280,h_210,f_jpg?from=ke.com
20240924,怀柔,怀柔,101117019986,北园 满五年唯一 南北通透三居室 采光好,165万,21068元/平,顶层 (共6层) 3室1厅 | 78.32平米 | 南 北,https://ke-image.ljcdn.com/110000-inspection/3914a412-0f47-4b37-9be4-0c3cd99a6ee3_1000.jpg!m_fill,w_280,h_210,f_jpg?from=ke.com
20240924,怀柔,怀柔,101117011290,顶秀美泉花园洋房 高楼层视野宽阔,460万,38552元/平,高楼层 (共7层) | 2015年 | 3室1厅 | 119.32平米 | 南 北,https://ke-image.ljcdn.com/110000-inspection/cac801a0-102e-4527-98c0-86eedcd573eb_1000.jpg!m_fill,w_280,h_210,f_jpg?from=ke.com
20240924,怀柔,怀柔,101117009463,铁路小区 南北通透两居室中间楼栋位于四层,209万,23334元/平,中楼层 (共6层) 2室1厅 | 89.57平米 | 南 北,https://ke-image.ljcdn.com/110000-inspection/dcd6a920-a5d8-4974-b58d-961d899ceec6_1000.jpg!m_fill,w_280,h_210,f_jpg?from=ke.com
20240924,怀柔,怀柔,101116995521,北京城建胜悦居 新小区 双电梯 22年装修,264万,35744元/平,低楼层 (共15层) | 2018年 | 2室1厅 | 73.86平米 | 南,https://ke-image.ljcdn.com/110000-inspection/pc1_eS1tO4vNS.jpg!m_fill,w_280,h_210,f_jpg?from=ke.com
20240924,怀柔,怀柔,101116983213,东园北区三居室带装修满五唯一采光好,273万,27624元/平,高楼层 (共6层) 3室2厅 | 98.83平米 | 南 北,https://ke-image.ljcdn.com/110000-inspection/85430b45-daae-444e-8f08-88cd6c06714a_1000.jpg!m_fill,w_280,h_210,f_jpg?from=ke.com
20240924,怀柔,怀柔,101116967977,融城园南区满五唯一价钱可谈。,162万,20087元/平,顶层 (共6层) 3室1厅 | 80.65平米 | 南 北,https://ke-image.ljcdn.com/110000-inspection/3947235b-6bb5-495f-87bd-2f7fadb1d9f0_1000.jpg!m_fill,w_280,h_210,f_jpg?from=ke.com
20240924,怀柔,怀柔,101116961156,水岸雁栖新房 电梯洋房 即买即住 环境好 小区新房主自荐,265万,29563元/平,中楼层 (共4层) | 2021年 | 2室1厅 | 89.64平米 | 东 西,https://ke-image.ljcdn.com/110000-inspection/pc1_qI0aClRVX.jpg!m_fill,w_280,h_210,f_jpg?from=ke.com
20240924,怀柔,怀柔,101116940180,迎宾中路 中间楼层 满五唯一商品房,245万,27387元/平,中楼层 (共6层) 2室1厅 | 89.46平米 | 南 北,https://ke-image.ljcdn.com/110000-inspection/pc1_yiVUzduzD_1.jpg!m_fill,w_280,h_210,f_jpg?from=ke.com
20240924,怀柔,怀柔,101116932925,富乐社区一号院 把边儿户型 前后无遮挡视野好,120万,19139元/平,顶层 (共6层) 2室1厅 | 62.7平米 | 南 北,https://ke-image.ljcdn.com/110000-inspection/7c291047-c0b3-46da-9b0a-2241f6598887_1000.jpg!m_fill,w_280,h_210,f_jpg?from=ke.com
20240924,怀柔,怀柔,101116930862,家天下南北通透视野开阔精装修住宅,310万,28728元/平,高楼层 (共6层) 3室2厅 | 107.91平米 | 南 北,https://ke-image.ljcdn.com/110000-inspection/pc1_iQZfoScPd.jpg!m_fill,w_280,h_210,f_jpg?from=ke.com
20240924,怀柔,怀柔,101116900474,东园南区 3室1厅 南 北,235万,29208元/平,高楼层 (共6层) | 1994年 | 3室1厅 | 80.46平米 | 南 北,https://ke-image.ljcdn.com/110000-inspection/1d4e6990-a85b-4a46-8f5e-8c57fd29e582_1000.jpg!m_fill,w_280,h_210,f_jpg?from=ke.com
20240924,怀柔,怀柔,101116870515,小中富乐二区 含10平米地下室  3居好格局,289万,31176元/平,高楼层 (共6层) | 2001年 | 3室1厅 | 92.7平米 | 南 北,https://ke-image.ljcdn.com/110000-inspection/5940fff4-6175-4cc4-a90a-74cf6f5f989b_1000.jpg!m_fill,w_280,h_210,f_jpg?from=ke.com
20240924,怀柔,怀柔,101116849810,南华园二区  健身楼层  南北通透  带一个储物间,258万,25852元/平,顶层 (共6层) 3室2厅 | 99.8平米 | 东 南 北,https://ke-image.ljcdn.com/110000-inspection/651b47cb-0a89-4552-9b59-cc0235da92db_1000.jpg!m_fill,w_280,h_210,f_jpg?from=ke.com
20240924,怀柔,怀柔,101116824554,房子是2019年新精装未入住南北通透3居室诚意卖！,170万,20699元/平,高楼层 (共6层) | 2001年 | 3室1厅 | 82.13平米 | 南 北,https://ke-image.ljcdn.com/110000-inspection/04a63bf0-7c87-4fda-bd3e-59c0deda8f93_1000.jpg!m_fill,w_280,h_210,f_jpg?from=ke.com
20240924,怀柔,怀柔,101116822211,于家园二区南院 南北通透低楼层,258万,27877元/平,底层 (共6层) 3室1厅 | 92.55平米 | 南 北,https://ke-image.ljcdn.com/110000-inspection/pc1_xS7IzSy4y_1.jpg!m_fill,w_280,h_210,f_jpg?from=ke.com
20240924,怀柔,怀柔,101116808631,满五唯一 楼层好 采光好 落地窗 车位充足,399万,32186元/平,中楼层 (共6层) 3室2厅 | 123.97平米 | 南 北,https://ke-image.ljcdn.com/110000-inspection/e25a58a7-62f7-47ea-ad79-dcd856fa2a96_1000.jpg!m_fill,w_280,h_210,f_jpg?from=ke.com
20240924,怀柔,怀柔,101116775042,商品房带电梯.中间楼层 视野开阔,334万,37261元/平,中楼层 (共16层) 2室1厅 | 89.64平米 | 南 北,https://ke-image.ljcdn.com/110000-inspection/pc1_PescBh7Qq_1.jpg!m_fill,w_280,h_210,f_jpg?from=ke.com
20240924,怀柔,怀柔,101116770843,顶秀美泉小镇A区低楼层精装修环境好人文素质高,320万,28026元/平,中楼层 (共4层) 3室1厅 | 114.18平米 | 南 北,https://ke-image.ljcdn.com/110000-inspection/pc1_XaopfTCKp_1.jpg!m_fill,w_280,h_210,f_jpg?from=ke.com
20240924,怀柔,怀柔,101116715585,柏泉庄园雁鸣园B区精装修两居室,165万,18632元/平,高楼层 (共12层) 2室1厅 | 88.56平米 | 南 北,https://ke-image.ljcdn.com/110000-inspection/418ce1fa-9ec0-4d59-a19d-4c268eb70a11_1000.jpg!m_fill,w_280,h_210,f_jpg?from=ke.com
20240924,怀柔,怀柔,101116692635,府前东街九院 南北3居室 精装修,245万,26602元/平,底层 (共6层) 3室1厅 | 92.1平米 | 南 北,https://ke-image.ljcdn.com/110000-inspection/6285197f-2c20-4cbe-81a3-15a3b9029820_1000.jpg!m_fill,w_280,h_210,f_jpg?from=ke.com
20240924,怀柔,怀柔,101116664162,康馨家园2001年一层客厅通阳台,385万,38263元/平,底层 (共6层) | 2003年 | 3室1厅 | 100.62平米 | 南 北,https://ke-image.ljcdn.com/110000-inspection/pc1_2eZxtKlLu.jpg!m_fill,w_280,h_210,f_jpg?from=ke.com
20240924,怀柔,怀柔,101116634300,镜春园宜居温馨大三居电梯房次顶层采光好,560万,39493元/平,高楼层 (共7层) 3室1厅 | 141.8平米 | 南 北,https://ke-image.ljcdn.com/110000-inspection/pc1_5FKmCREsE.jpg!m_fill,w_280,h_210,f_jpg?from=ke.com
20240924,怀柔,怀柔,101116601914,南华园四区南北通透装修格局采光好价钱可议房主自荐,195万,21646元/平,高楼层 (共6层) 2室2厅 | 90.09平米 | 南 北,https://ke-image.ljcdn.com/110000-inspection/1f9352f3-926e-4bf0-ab38-afe3b29ccff3_1000.jpg!m_fill,w_280,h_210,f_jpg?from=ke.com
20240924,怀柔,怀柔,101116570072,龙山御景电梯高层南北东向卫生间有窗诚意出售房主自荐,550万,38668元/平,低楼层 (共21层) 3室2厅 | 142.24平米 | 北 南 东,https://ke-image.ljcdn.com/110000-inspection/b60f099c-6f11-438b-adac-87749e6ac10e_1000.jpg!m_fill,w_280,h_210,f_jpg?from=ke.com
20240924,怀柔,怀柔,101116544824,主卧带阳台客厅通阳台落地窗价格低 诚意出售,325万,25338元/平,底层 (共6层) | 2006年 | 3室1厅 | 128.27平米 | 南 北,https://ke-image.ljcdn.com/110000-inspection/4d2c8e87-a23c-4246-b477-7adb6d3150d0_1000.jpg!m_fill,w_280,h_210,f_jpg?from=ke.com
20240924,怀柔,怀柔,101116543470,青春苑西区精装修三居室满五年唯一中间楼层。,475万,35945元/平,中楼层 (共6层) | 2005年 | 3室2厅 | 132.15平米 | 南 北,https://ke-image.ljcdn.com/110000-inspection/f866185c-1295-43c1-b8c2-f019b0d816f7_1000.jpg!m_fill,w_280,h_210,f_jpg?from=ke.com
20240924,怀柔,怀柔,101116532039,世嘉光织谷东区满五唯一  精装修,230万,23233元/平,中楼层 (共6层) | 2013年 | 2室2厅 | 99平米 | 南 北,https://ke-image.ljcdn.com/110000-inspection/pc1_IEqpyt4aV_2.jpg!m_fill,w_280,h_210,f_jpg?from=ke.com
20240924,怀柔,怀柔,101116526959,顶秀美泉小镇C区环境优美交通便利业主诚心出售,309万,26372元/平,底层 (共5层) 3室2厅 | 117.17平米 | 南 北,https://ke-image.ljcdn.com/110000-inspection/pc1_7GqOuqREd.jpg!m_fill,w_280,h_210,f_jpg?from=ke.com
20240924,怀柔,怀柔,101116496872,裕华园一区  有电梯 装修好 出行方便,120万,20623元/平,低楼层 (共16层) 1室1厅 | 58.19平米 | 南,https://ke-image.ljcdn.com/110000-inspection/pc1_H0SsSYjg5.jpg!m_fill,w_280,h_210,f_jpg?from=ke.com
20240924,怀柔,怀柔,101116471282,南华园一区 南北通透 大阳台 中间楼层,235万,26617元/平,中楼层 (共6层) 3室1厅 | 88.29平米 | 南 北,https://ke-image.ljcdn.com/110000-inspection/7de36ae4-5cc1-4968-87ac-b768b9ed8ecd_1000.jpg!m_fill,w_280,h_210,f_jpg?from=ke.com
20240924,怀柔,怀柔,101116468616,满五唯一南北通透配套齐全交通便利。,260万,30041元/平,顶层 (共6层) | 1995年 | 3室1厅 | 86.55平米 | 南 北,https://ke-image.ljcdn.com/110000-inspection/065a216c-086d-49b8-a9b4-72d7ea479301_1000.jpg!m_fill,w_280,h_210,f_jpg?from=ke.com
20240924,怀柔,怀柔,101116466363,成熟社区 精装修 低楼层 南北通透大三居  带地下室房主自荐,435万,37433元/平,中楼层 (共6层) | 1999年 | 3室2厅 | 116.21平米 | 南 北,https://ke-image.ljcdn.com/110000-inspection/pc1_xmNZetlNC.jpg!m_fill,w_280,h_210,f_jpg?from=ke.com
20240924,怀柔,怀柔,101116438291,梦想家园西区、满五唯一、诚心出售、看房方便,180万,20492元/平,低楼层 (共15层) | 2014年 | 2室1厅 | 87.84平米 | 南 北,https://ke-image.ljcdn.com/110000-inspection/4b4030d4-ae7b-42fe-a975-e85b2630f692_1000.jpg!m_fill,w_280,h_210,f_jpg?from=ke.com
20240924,怀柔,怀柔,101116435930,龙山御景 南向高楼层 观景南向两居室,330万,40711元/平,中楼层 (共24层) 2室1厅 | 81.06平米 | 南,https://ke-image.ljcdn.com/110000-inspection/c87ad67f-3e4f-46ca-8b72-a43293e5577f_1000.jpg!m_fill,w_280,h_210,f_jpg?from=ke.com
20240924,怀柔,怀柔,101116387373,龙祥小区 刚需人群 低价好房 诚心出售 价格可谈,135万,32601元/平,顶层 (共6层) 1室1厅 | 41.41平米 | 东北,https://ke-image.ljcdn.com/110000-inspection/3ecf78b8-9ac7-44f9-b12d-f2af385f6b47_1000.jpg!m_fill,w_280,h_210,f_jpg?from=ke.com
20240924,怀柔,怀柔,101116383624,梦想家园西区南北通透户型方正业主诚心出售,162万,18308元/平,顶层 (共14层) | 2014年 | 2室1厅 | 88.49平米 | 南 北,https://ke-image.ljcdn.com/110000-inspection/fbe7c455-3726-4c7f-8590-7d31e6eba7d8_1000.jpg!m_fill,w_280,h_210,f_jpg?from=ke.com
20240924,怀柔,怀柔,101116298546,此房满五唯一南北通透三居室阳光充裕,199万,18704元/平,中楼层 (共5层) 3室1厅 | 106.4平米 | 南 北,https://ke-image.ljcdn.com/110000-inspection/pc1_k8KiDlyJ3.jpg!m_fill,w_280,h_210,f_jpg?from=ke.com
20240924,怀柔,怀柔,101116297228,新新家园 环境优美 交通便利 视野开阔,310万,32574元/平,低楼层 (共11层) | 2015年 | 3室1厅 | 95.17平米 | 南 北,https://ke-image.ljcdn.com/110000-inspection/3b72282c-66eb-4b05-a0e2-cadddc994b41_1000.jpg!m_fill,w_280,h_210,f_jpg?from=ke.com
20240924,怀柔,怀柔,101116283034,北京城建·胜悦居开放西路14号院,246万,33320元/平,低楼层 (共15层) | 2018年 | 2室1厅 | 73.83平米 | 南,https://ke-image.ljcdn.com/110000-inspection/813a6940-4e2c-4ed1-86e3-29f1a696a4ca_1000.jpg!m_fill,w_280,h_210,f_jpg?from=ke.com
20240924,怀柔,怀柔,101116235711,总价底3居室坐公交到太阳公地铁站和望京西公交站。,186万,16531元/平,顶层 (共6层) 3室2厅 | 112.52平米 | 东 南 北,https://ke-image.ljcdn.com/110000-inspection/0483e502-c2f4-4830-96d3-a1aab16eb164_1000.jpg!m_fill,w_280,h_210,f_jpg?from=ke.com
20240924,怀柔,怀柔,101116223355,富乐大街9号院满五唯一看房方便,410万,26933元/平,顶层 (共6层) | 2004年 | 4室2厅 | 152.23平米 | 南 北,https://ke-image.ljcdn.com/110000-inspection/52e8d207-92ef-4b51-8c1a-944db07c4de6_1000.jpg!m_fill,w_280,h_210,f_jpg?from=ke.com
20240924,怀柔,怀柔,101116208773,怀柔城区 青春路东 七院 低层两居,175万,33616元/平,中楼层 (共5层) | 1985年 | 2室1厅 | 52.06平米 | 南,https://ke-image.ljcdn.com/110000-inspection/pc1_9sUezQB6w_1.jpg!m_fill,w_280,h_210,f_jpg?from=ke.com
20240924,怀柔,怀柔,101116194647,金台园 低层 南北通透三居室 满五年唯一,219万,29996元/平,底层 (共6层) 3室1厅 | 73.01平米 | 南 北,https://ke-image.ljcdn.com/110000-inspection/pc1_svVdqbJto_1.jpg!m_fill,w_280,h_210,f_jpg?from=ke.com
20240924,怀柔,怀柔,101116168311,梦想家园东区南北通透三居看房方便业主诚意出售,220万,20361元/平,高楼层 (共15层) 3室2厅 | 108.05平米 | 南 北,https://ke-image.ljcdn.com/110000-inspection/5a6f3e30-217a-4854-aa39-96a7cd90cfec_1000.jpg!m_fill,w_280,h_210,f_jpg?from=ke.com
20240924,怀柔,怀柔,101116167831,郑重庄637号单独2栋楼透业主诚心卖,110万,20677元/平,低楼层 (共3层) | 1994年 | 1室1厅 | 53.2平米 | 南,https://ke-image.ljcdn.com/110000-inspection/pc1_Xm3MkvmPR_1.jpg!m_fill,w_280,h_210,f_jpg?from=ke.com
20240924,怀柔,怀柔,101116149822,汇都家园顶层四居室 南北通透 采光好房主自荐,456万,24874元/平,顶层 (共6层) 4室3厅 | 183.33平米 | 南 北,https://ke-image.ljcdn.com/110000-inspection/fdfd65e2-a4ac-4c78-97b0-fb285dfb501e_1000.jpg!m_fill,w_280,h_210,f_jpg?from=ke.com
20240924,怀柔,怀柔,101116128282,柏泉庄园雁鸣园B区 小区环境优美周边交通便利,138万,23967元/平,中楼层 (共15层) 1室1厅 | 57.58平米 | 南 北,https://ke-image.ljcdn.com/110000-inspection/pc1_1mL1urAx8.jpg!m_fill,w_280,h_210,f_jpg?from=ke.com
20240924,怀柔,怀柔,101116120241,青春路31号院满五唯一 南北通透中间楼层房主自荐,290万,29747元/平,中楼层 (共6层) 3室1厅 | 97.49平米 | 南 北,https://ke-image.ljcdn.com/110000-inspection/pc1_DJ9CcmgDF_1.jpg!m_fill,w_280,h_210,f_jpg?from=ke.com
20240924,怀柔,怀柔,101116043663,优质好房干净整洁业主诚心出售南北通透。,245万,21310元/平,高楼层 (共6层) | 1995年 | 4室1厅 | 114.97平米 | 南 北,https://ke-image.ljcdn.com/110000-inspection/93487d8c-e530-4ea0-950d-99ff500a7205_1000.jpg!m_fill,w_280,h_210,f_jpg?from=ke.com
20240924,怀柔,怀柔,101116028244,本房南北通透精装修方便出行。,235万,27077元/平,高楼层 (共6层) | 1995年 | 3室1厅 | 86.79平米 | 南 北,https://ke-image.ljcdn.com/110000-inspection/pc1_iwxCC0eGe_1.jpg!m_fill,w_280,h_210,f_jpg?from=ke.com
20240924,怀柔,怀柔,101116014025,梦想家园 正规三居室 户型方正 带电梯 精装修,340万,27652元/平,中楼层 (共14层) | 2014年 | 3室2厅 | 122.96平米 | 南 北,https://ke-image.ljcdn.com/110000-inspection/440dd59d-5832-4be6-b01f-2f23cac302d8_1000.jpg!m_fill,w_280,h_210,f_jpg?from=ke.com
20240924,怀柔,怀柔,101116012653,小区中间 满五年唯一 4/6层 客厅通阳台,149万,21366元/平,中楼层 (共6层) 2室1厅 | 69.74平米 | 南 北,https://ke-image.ljcdn.com/110000-inspection/4e5c4529-8166-47c9-9a22-d6e098c6f3f0_1000.jpg!m_fill,w_280,h_210,f_jpg?from=ke.com
20240924,怀柔,怀柔,101115999023,八龙桥雅苑 满五唯一 南北通透三居室,212万,20212元/平,顶层 (共5层) | 2006年 | 3室1厅 | 104.89平米 | 南 北,https://ke-image.ljcdn.com/110000-inspection/6b54950c-ddb4-44c3-a9b9-24f9ea16af79_1000.jpg!m_fill,w_280,h_210,f_jpg?from=ke.com
20240924,怀柔,怀柔,101115996486,怀柔水库 高层电梯 观景房  四居复式,640万,35552元/平,高楼层 (共10层) | 2002年 | 4室3厅 | 180.02平米 | 南 北,https://ke-image.ljcdn.com/110000-inspection/26d279a3-de15-4d95-b287-21e48978cca6_1000.jpg!m_fill,w_280,h_210,f_jpg?from=ke.com
20240924,怀柔,怀柔,101115980561,楼龄新带电梯精装修视野开阔,188万,32420元/平,高楼层 (共12层) | 2018年 | 1室1厅 | 57.99平米 | 南,https://ke-image.ljcdn.com/110000-inspection/pc1_OcBZZkJAo_1.jpg!m_fill,w_280,h_210,f_jpg?from=ke.com
20240924,怀柔,怀柔,101115940150,南华大街  次顶层 视野无遮挡 采光充足,245万,28602元/平,高楼层 (共6层) 3室1厅 | 85.66平米 | 南 北,https://ke-image.ljcdn.com/110000-inspection/72eeb68a-612f-4ffe-a7d6-9334dd8da2dd_1000.jpg!m_fill,w_280,h_210,f_jpg?from=ke.com
20240924,怀柔,怀柔,101115938578,北京城建胜悦居 电梯房 正规一居室,199万,30944元/平,中楼层 (共11层) 1室1厅 | 64.31平米 | 南,https://ke-image.ljcdn.com/110000-inspection/e38f3162-caff-4385-b7f1-338a76210184_1000.jpg!m_fill,w_280,h_210,f_jpg?from=ke.com
20240924,怀柔,怀柔,101115918407,青春苑 两居室 99年小区 停车方便,205万,29282元/平,高楼层 (共6层) 2室1厅 | 70.01平米 | 南 北,https://ke-image.ljcdn.com/110000-inspection/b816ecc6-e9c2-4a08-81e8-a81939798961_1000.jpg!m_fill,w_280,h_210,f_jpg?from=ke.com
20240924,怀柔,怀柔,101115875462,益田影人四季花园小区中间位置南北通透三居室,430万,27604元/平,中楼层 (共8层) | 2012年 | 3室2厅 | 155.78平米 | 南 北,https://ke-image.ljcdn.com/110000-inspection/353c0066-58a3-4dd0-b9a3-db3c0e09e324_1000.jpg!m_fill,w_280,h_210,f_jpg?from=ke.com
20240924,怀柔,怀柔,101115861761,：满五唯一 商品房 高楼层 南北通透,155万,23376元/平,高楼层 (共6层) 2室1厅 | 66.31平米 | 南 北,https://ke-image.ljcdn.com/110000-inspection/132b17ce-307e-47b9-8fe1-e5c47bfdda1a_1000.jpg!m_fill,w_280,h_210,f_jpg?from=ke.com
20240924,怀柔,怀柔,101115852568,杨家园小区 2室1厅 南 北房主自荐,202万,30477元/平,中楼层 (共6层) 2室1厅 | 66.28平米 | 南 北,https://ke-image.ljcdn.com/110000-inspection/0a94ebe5-727f-4bc2-8a58-bf68bfb44965_1000.jpg!m_fill,w_280,h_210,f_jpg?from=ke.com
20240924,怀柔,怀柔,101115844453,南北大平米的三居 精装修 中间楼层 品牌家电 装修新,285万,21583元/平,中楼层 (共5层) | 2010年 | 3室1厅 | 132.05平米 | 南 北,https://ke-image.ljcdn.com/110000-inspection/pc1_B8QM3WIw7.jpg!m_fill,w_280,h_210,f_jpg?from=ke.com
20240924,怀柔,怀柔,101115802266,益田影人四季花园带电梯次顶层精装修拎包住。,490万,26075元/平,高楼层 (共8层) | 2012年 | 3室2厅 | 187.92平米 | 南 北,https://ke-image.ljcdn.com/110000-inspection/1eed8505-4a68-458e-a773-1f13ca343a93_1000.jpg!m_fill,w_280,h_210,f_jpg?from=ke.com
20240924,怀柔,怀柔,101115775800,南华园三区南北通透阳光充足,270万,23298元/平,中楼层 (共6层) | 2002年 | 3室2厅 | 115.89平米 | 东 南 北,https://ke-image.ljcdn.com/110000-inspection/89b7c541-0980-4dbf-ac19-86b9d5803139_1000.jpg!m_fill,w_280,h_210,f_jpg?from=ke.com
20240924,怀柔,怀柔,101115760751,怀柔高尔夫庄园里的电梯洋房  宜居,308万,21189元/平,中楼层 (共5层) | 2007年 | 2室2厅 | 145.36平米 | 东 西 北,https://ke-image.ljcdn.com/110000-inspection/pc1_ZCQQc50mW_1.jpg!m_fill,w_280,h_210,f_jpg?from=ke.com
20240924,怀柔,怀柔,101115724560,怀柔新新家园 精装修 高楼层 电梯房,245万,32416元/平,高楼层 (共15层) | 2017年 | 2室1厅 | 75.58平米 | 西北,https://ke-image.ljcdn.com/110000-inspection/04344eae-a2a9-43de-be67-4a3b65135efc_1000.jpg!m_fill,w_280,h_210,f_jpg?from=ke.com
20240924,怀柔,怀柔,101115659547,东园南区、满五唯一、南北通透、采光充足,215万,21648元/平,顶层 (共6层) | 1993年 | 3室1厅 | 99.32平米 | 南 北,https://ke-image.ljcdn.com/110000-inspection/0b83cea2-915e-4076-8054-c9e18e0a2da1_1000.jpg!m_fill,w_280,h_210,f_jpg?from=ke.com
20240924,怀柔,怀柔,101115642425,育龙铭居 满2年商品房 精装修 有电梯 诚心出售,140万,21190元/平,高楼层 (共8层) | 2012年 | 2室1厅 | 66.07平米 | 南 北,https://ke-image.ljcdn.com/110000-inspection/e14aebfb-95b2-4a26-8ecf-6d1812e8eef4_1000.jpg!m_fill,w_280,h_210,f_jpg?from=ke.com
20240924,怀柔,怀柔,101115641002,富乐小区北里 3室1厅 南 北,215万,30949元/平,中楼层 (共5层) | 1993年 | 3室1厅 | 69.47平米 | 南 北,https://ke-image.ljcdn.com/110000-inspection/pc1_Fk60WZIiA_1.jpg!m_fill,w_280,h_210,f_jpg?from=ke.com
20240924,怀柔,怀柔,101115613358,莲馨苑 南北通透三居室 低楼层,329万,29571元/平,低楼层 (共6层) | 2004年 | 3室2厅 | 111.26平米 | 南 北,https://ke-image.ljcdn.com/110000-inspection/pc1_zu6FZGLet_1.jpg!m_fill,w_280,h_210,f_jpg?from=ke.com
20240924,怀柔,怀柔,101115597834,富乐大街满五唯一三居室 配套完善 交通便利,290万,23193元/平,顶层 (共6层) 3室2厅 | 125.04平米 | 南 北,https://ke-image.ljcdn.com/110000-inspection/d325ff3b-003e-4f2c-ae43-cb8d0af7e2a4_1000.jpg!m_fill,w_280,h_210,f_jpg?from=ke.com
20240924,怀柔,怀柔,101115577640,东关二区小区  满五唯一 南北向三居室,175万,22648元/平,顶层 (共6层) | 1997年 | 3室1厅 | 77.27平米 | 南 北,https://ke-image.ljcdn.com/110000-inspection/pc1_zdRrwN9sJ_1.jpg!m_fill,w_280,h_210,f_jpg?from=ke.com
20240924,怀柔,怀柔,101115574155,世嘉光织谷东区满二唯一精装修,320万,26464元/平,底层 (共5层) | 2013年 | 2室2厅 | 120.92平米 | 南 北,https://ke-image.ljcdn.com/110000-inspection/2e5fc4f4-f30e-49f9-94a6-04143c4145d9_1000.jpg!m_fill,w_280,h_210,f_jpg?from=ke.com
20240924,怀柔,怀柔,101115549435,世嘉光织谷西区满五不唯一精装房房主自荐,215万,23082元/平,中楼层 (共6层) | 2012年 | 2室1厅 | 93.15平米 | 南,https://ke-image.ljcdn.com/110000-inspection/351da872-59cc-4039-8761-136fe8d2368d_1000.jpg!m_fill,w_280,h_210,f_jpg?from=ke.com
20240924,怀柔,怀柔,101115515797,富乐大街9号院 南北通透2居 楼层好 视野好 精装修,254万,33795元/平,顶层 (共3层) | 2004年 | 2室1厅 | 75.16平米 | 南 北,https://ke-image.ljcdn.com/110000-inspection/0a15b1f7-2d67-4322-a1e1-ee60075876f4_1000.jpg!m_fill,w_280,h_210,f_jpg?from=ke.com
20240924,怀柔,怀柔,101115513120,世嘉光织谷东区满五唯一精装房子,150万,18683元/平,中楼层 (共5层) | 2013年 | 1室1厅 | 80.29平米 | 南,https://ke-image.ljcdn.com/110000-inspection/695010ba-a55f-41a5-b9e4-83806f78ca74_1000.jpg!m_fill,w_280,h_210,f_jpg?from=ke.com
20240924,怀柔,怀柔,101115445362,满五唯一南北通透采光充足无遮挡,175万,20514元/平,顶层 (共6层) 2室1厅 | 85.31平米 | 南 北,https://ke-image.ljcdn.com/110000-inspection/979192fe-d422-49c8-a890-eb32233d1ee8_1000.jpg!m_fill,w_280,h_210,f_jpg?from=ke.com
20240924,怀柔,怀柔,101115437892,融城园 北 区 低 楼 层 无 遮 挡,235万,22450元/平,中楼层 (共6层) 3室2厅 | 104.68平米 | 南 北,https://ke-image.ljcdn.com/110000-inspection/6c17b879-cabc-4c3c-bd01-8766dc2e4103_1000.jpg!m_fill,w_280,h_210,f_jpg?from=ke.com
20240924,怀柔,怀柔,101115378485,富乐小区北里 南北通透 中间楼层,240万,27963元/平,低楼层 (共6层) 3室1厅 | 85.83平米 | 南 北,https://ke-image.ljcdn.com/110000-inspection/dcd627be-5501-428d-aedc-3e1ef5713ad4_1000.jpg!m_fill,w_280,h_210,f_jpg?from=ke.com
20240924,怀柔,怀柔,101115359805,南华园二区 看房方便 小区停车位充足 南北通透,245万,26815元/平,中楼层 (共6层) 3室2厅 | 91.37平米 | 南 北,https://ke-image.ljcdn.com/110000-inspection/a8b7795a-384c-4c39-9a1e-9abc692cf6a8_1000.jpg!m_fill,w_280,h_210,f_jpg?from=ke.com
20240924,怀柔,怀柔,101115329650,富乐社区一号院事业宽阔采光充足 房子通透,158万,21062元/平,高楼层 (共6层) | 1990年 | 3室1厅 | 75.02平米 | 南 北,https://ke-image.ljcdn.com/110000-inspection/ec398e03-94d9-4cb4-9daf-72623f17493a_1000.jpg!m_fill,w_280,h_210,f_jpg?from=ke.com
20240924,怀柔,怀柔,101115269780,南华园一区 南北大两居低楼层,329万,30248元/平,底层 (共6层) | 1995年 | 3室2厅 | 108.77平米 | 南 北,https://ke-image.ljcdn.com/110000-inspection/be5f43b5-d0f7-4a32-b21c-92820c3b49fd_1000.jpg!m_fill,w_280,h_210,f_jpg?from=ke.com
20240924,怀柔,怀柔,101115266687,融城园南区 诚心出售 低价好房,169万,20955元/平,顶层 (共6层) | 2010年 | 3室1厅 | 80.65平米 | 南 北,https://ke-image.ljcdn.com/110000-inspection/9b9c89e5-ba4d-4f41-abf3-fd8ad79f924f_1000.jpg!m_fill,w_280,h_210,f_jpg?from=ke.com
20240924,怀柔,怀柔,101115160686,融城园北区精装修两居室南北通透次顶层采光无遮挡,208万,24354元/平,中楼层 (共6层) | 2003年 | 2室2厅 | 85.41平米 | 南 北,https://ke-image.ljcdn.com/110000-inspection/c637a53b-c4fb-4acf-aaab-86a5fb3f6928_1000.jpg!m_fill,w_280,h_210,f_jpg?from=ke.com
20240924,怀柔,怀柔,101115143047,金台园 中低楼层有一个15平米的地下室,275万,28631元/平,低楼层 (共6层) 3室2厅 | 96.05平米 | 南 北,https://ke-image.ljcdn.com/110000-inspection/4cbefbfe-83e7-4d79-8e5c-19fd3f327ee7_1000.jpg!m_fill,w_280,h_210,f_jpg?from=ke.com
20240924,怀柔,怀柔,101115110124,新元居小区南北通透高层三居两厅两卫边单元房主自荐,240万,21720元/平,顶层 (共6层) | 2002年 | 3室2厅 | 110.5平米 | 南 北,https://ke-image.ljcdn.com/110000-inspection/fcf7583e-42cf-406a-8bf5-ade1638c2452_1000.jpg!m_fill,w_280,h_210,f_jpg?from=ke.com
20240924,怀柔,怀柔,101115109704,低楼层成熟社区配套完善南北通透小3居.,184万,26487元/平,中楼层 (共5层) 3室1厅 | 69.47平米 | 南 北,https://ke-image.ljcdn.com/110000-inspection/91a063a8-d972-4066-ae28-baf2eeadad9f_1000.jpg!m_fill,w_280,h_210,f_jpg?from=ke.com
20240924,怀柔,怀柔,101115087385,府前觀邸 精装修电梯房 采光好 无遮挡 动静分离双卫,370万,33033元/平,低楼层 (共9层) 2室2厅 | 112.01平米 | 南 北,https://ke-image.ljcdn.com/110000-inspection/49a4cc9a-46d1-49ad-a0d0-22b093a458de_1000.jpg!m_fill,w_280,h_210,f_jpg?from=ke.com
20240924,怀柔,怀柔,101114996711,商业街 南北三居室 满五年家住房,240万,26909元/平,低楼层 (共6层) 3室1厅 | 89.19平米 | 南 北,https://ke-image.ljcdn.com/110000-inspection/444c822d-1369-4e5d-99c2-ce620a6661e8_1000.jpg!m_fill,w_280,h_210,f_jpg?from=ke.com
20240924,怀柔,怀柔,101114975773,青春路九院 通透 诚意出售 视野好,165万,23296元/平,顶层 (共6层) 3室1厅 | 70.83平米 | 东 西,https://ke-image.ljcdn.com/110000-inspection/pc1_Vp2Qs9lJx_1.jpg!m_fill,w_280,h_210,f_jpg?from=ke.com
20240924,怀柔,怀柔,101114940073,迎宾中路 优质楼房 业主诚心出售,235万,25043元/平,高楼层 (共6层) | 2000年 | 3室1厅 | 93.84平米 | 东 西,https://ke-image.ljcdn.com/110000-inspection/584b15ad-d8f2-4527-b5cc-87dc85d51861_1000.jpg!m_fill,w_280,h_210,f_jpg?from=ke.com
20240924,怀柔,怀柔,101114900512,光织谷 精装修两居室 电梯房一梯一户 安静面积大,230万,24539元/平,顶层 (共5层) | 2012年 | 2室1厅 | 93.73平米 | 南 北,https://ke-image.ljcdn.com/110000-inspection/pc1_fe4q5zjsk.jpg!m_fill,w_280,h_210,f_jpg?from=ke.com
20240924,怀柔,怀柔,101114824321,东关一区 满五唯一 看房方便 诚意出售,149万,19493元/平,顶层 (共7层) | 2012年 | 2室1厅 | 76.44平米 | 南 北,https://ke-image.ljcdn.com/110000-inspection/6bea1810-ec47-4069-8044-c48da5f765b6_1000.jpg!m_fill,w_280,h_210,f_jpg?from=ke.com
20240924,怀柔,怀柔,101114817602,美丽家园 满五年唯一 南北通透 采光好视野开阔,210万,22802元/平,顶层 (共6层) | 2000年 | 2室1厅 | 92.1平米 | 南 北,https://ke-image.ljcdn.com/110000-inspection/e76d9a07-9bc8-42b7-9a6e-0a876a243de3_1000.jpg!m_fill,w_280,h_210,f_jpg?from=ke.com
20240924,怀柔,怀柔,101114778948,漪澜鑫筑  电梯房 朝西向  三室双卫,369万,26689元/平,低楼层 (共24层) 3室2厅 | 138.26平米 | 西,https://ke-image.ljcdn.com/110000-inspection/eeaf617f-8221-49bd-ac11-4e0c644efc8e_1000.jpg!m_fill,w_280,h_210,f_jpg?from=ke.com
20240924,怀柔,怀柔,101114759334,于家园三区南北通透三居室满五年唯一在1层房主自荐,289万,26573元/平,底层 (共6层) 3室1厅 | 108.76平米 | 南 北,https://ke-image.ljcdn.com/110000-inspection/ae189005-05c8-4524-8290-b18cd5fb83b8_1000.jpg!m_fill,w_280,h_210,f_jpg?from=ke.com
20240924,怀柔,怀柔,101114721685,交通便利独栋别墅小区环境好空气好房主自荐,900万,54589元/平,底层 (共2层) 5室4厅 | 164.87平米 | 东 南 北,https://ke-image.ljcdn.com/110000-inspection/0a024ccd-37ec-4d3c-8440-2aed4cfac697_1000.jpg!m_fill,w_280,h_210,f_jpg?from=ke.com
20240924,怀柔,怀柔,101114695345,新贤家园中间楼层采光充足。,278万,39216元/平,中楼层 (共11层) | 2013年 | 1室1厅 | 70.89平米 | 南 北,https://ke-image.ljcdn.com/110000-inspection/83b0feb4-b91e-43e1-b9d8-4e022eaadd3f_1000.jpg!m_fill,w_280,h_210,f_jpg?from=ke.com
20240924,怀柔,怀柔,101114662648,科学城里面的小区满五唯一出行方便,180万,25587元/平,底层 (共6层) | 2008年 | 2室1厅 | 70.35平米 | 南 北,https://ke-image.ljcdn.com/110000-inspection/0191fe47-18bc-4828-abe9-ef3b44a15cb5_1000.jpg!m_fill,w_280,h_210,f_jpg?from=ke.com
20240924,怀柔,怀柔,101114643751,馥郁苑次顶层三居、满五唯一、南北通透,375万,28084元/平,高楼层 (共6层) 3室2厅 | 133.53平米 | 南 北,https://ke-image.ljcdn.com/110000-inspection/5b245f3a-8be5-4d99-b992-41c386e62ee6_1000.jpg!m_fill,w_280,h_210,f_jpg?from=ke.com
20240924,怀柔,怀柔,101114643271,世嘉光织谷东区 满五年商品房 电梯花园洋房。,115万,22603元/平,低楼层 (共7层) | 2013年 | 1室1厅 | 50.88平米 | 西,https://ke-image.ljcdn.com/110000-inspection/ddd32c6f-799b-4fd6-8e7c-49422a315185_1000.jpg!m_fill,w_280,h_210,f_jpg?from=ke.com
20240924,怀柔,怀柔,101114642541,翠竹园小区2002年小区 迎宾路上  中层 全明格局 满五,385万,35685元/平,中楼层 (共6层) 3室2厅 | 107.89平米 | 南 北,https://ke-image.ljcdn.com/110000-inspection/c72f9022-af38-4856-8dbf-3d616c5944af_1000.jpg!m_fill,w_280,h_210,f_jpg?from=ke.com
20240924,怀柔,怀柔,101114635517,兴怀大街14号院 南北通透 正规三居 中间楼层 房子优质,219万,27246元/平,高楼层 (共6层) | 1998年 | 2室2厅 | 80.38平米 | 南 北,https://ke-image.ljcdn.com/110000-inspection/2d55a057-ae04-4d21-9e81-c92aee812e60_1000.jpg!m_fill,w_280,h_210,f_jpg?from=ke.com
20240924,怀柔,怀柔,101114625943,小区东侧北侧有大片花海风景宜人北影附近环境好,153万,16843元/平,高楼层 (共12层) | 2018年 | 2室1厅 | 90.84平米 | 南 北,https://ke-image.ljcdn.com/110000-inspection/71590731-bbbc-4fcb-baa6-bfe2d7fb0958_1000.jpg!m_fill,w_280,h_210,f_jpg?from=ke.com
20240924,怀柔,怀柔,101114621982,汇都家园正规三居室满五唯一南北通透诚心出售！房主自荐,416万,38955元/平,中楼层 (共6层) | 2004年 | 3室1厅 | 106.79平米 | 南 北,https://ke-image.ljcdn.com/110000-inspection/93f2bb8b-0286-4829-9e1e-a52a6cea986d_1000.jpg!m_fill,w_280,h_210,f_jpg?from=ke.com
20240924,怀柔,怀柔,101114616286,北京城建胜悦居2019年的小区所在位置好交通便利,255万,34539元/平,顶层 (共15层) | 2019年 | 2室1厅 | 73.83平米 | 南,https://ke-image.ljcdn.com/110000-inspection/94d9dd6c-36a6-4539-be9e-0285c8d1f9cd_1000.jpg!m_fill,w_280,h_210,f_jpg?from=ke.com
20240924,怀柔,怀柔,101114613101,93年楼龄 中间3层 3室1厅 生活便利,199万,27506元/平,中楼层 (共6层) | 1993年 | 3室1厅 | 72.35平米 | 南 北,https://ke-image.ljcdn.com/110000-inspection/ae1b014c-1ae7-4eac-9b14-98a3d65fc879_1000.jpg!m_fill,w_280,h_210,f_jpg?from=ke.com
20240924,怀柔,怀柔,101114606413,开放路2003年楼龄可以开店铺+居住两不耽误,200万,25586元/平,底层 (共6层) | 1998年 | 2室1厅 | 78.17平米 | 南 北,https://ke-image.ljcdn.com/110000-inspection/pc1_vR1W6wz1j_1.jpg!m_fill,w_280,h_210,f_jpg?from=ke.com
20240924,怀柔,怀柔,101114595223,本房房主诚心出售精装房源看房也很方便,210万,38682元/平,底层 (共5层) | 1986年 | 2室1厅 | 54.29平米 | 南 北,https://ke-image.ljcdn.com/110000-inspection/6670c8bc-30f1-43fa-8efb-65ea6605e342_1000.jpg!m_fill,w_280,h_210,f_jpg?from=ke.com
20240924,怀柔,怀柔,101114465699,怀柔区青春路小区楼层好装修好,205万,24499元/平,中楼层 (共6层) 3室1厅 | 83.68平米 | 南 北,https://ke-image.ljcdn.com/110000-inspection/64e96951-5d17-4b90-96f6-2c3ffe7c6004_1000.jpg!m_fill,w_280,h_210,f_jpg?from=ke.com
20240924,怀柔,怀柔,101114446562,乐红园 复式满五一套看房方便,400万,23676元/平,顶层 (共6层) | 2007年 | 4室2厅 | 168.95平米 | 东 南 北,https://ke-image.ljcdn.com/110000-inspection/fdb28988-9d8b-478e-82d2-7b2b70151fa7_1000.jpg!m_fill,w_280,h_210,f_jpg?from=ke.com
20240924,怀柔,怀柔,101114422692,富乐小区南里 看房方便 出行方便 诚心卖,210万,24689元/平,高楼层 (共6层) | 1999年 | 2室1厅 | 85.06平米 | 南 北,https://ke-image.ljcdn.com/110000-inspection/9aa9ee8f-9e4e-414e-925a-4325c4c3f615_1000.jpg!m_fill,w_280,h_210,f_jpg?from=ke.com
20240924,怀柔,怀柔,101114408870,青春路九院 满五年唯一住房 诚意出售,170万,24002元/平,高楼层 (共6层) | 1992年 | 3室1厅 | 70.83平米 | 东 西,https://ke-image.ljcdn.com/110000-inspection/bf578a11-b36f-4995-8d59-1298b2935ab4_1000.jpg!m_fill,w_280,h_210,f_jpg?from=ke.com
20240924,怀柔,怀柔,101114385274,镜春园宜居温馨大三居电梯次顶层,565万,39256元/平,中楼层 (共7层) | 2007年 | 3室2厅 | 143.93平米 | 南 北,https://ke-image.ljcdn.com/110000-inspection/dbd5a747-b068-4ad0-9844-e8ca370d9354_1000.jpg!m_fill,w_280,h_210,f_jpg?from=ke.com
20240924,怀柔,怀柔,101114372156,小中富乐二区南北通透三居 精装修 满五唯一着急卖,205万,26212元/平,低楼层 (共6层) | 2000年 | 3室1厅 | 78.21平米 | 南 北,https://ke-image.ljcdn.com/110000-inspection/dfad2be6-4fcd-4a57-9f65-271dfe2ccf67_1000.jpg!m_fill,w_280,h_210,f_jpg?from=ke.com
20240924,怀柔,怀柔,101114363730,北京城建·胜悦居 南北通透格局人车分流高品质小区房主自荐,370万,39636元/平,低楼层 (共15层) | 2019年 | 2室2厅 | 93.35平米 | 南 北,https://ke-image.ljcdn.com/110000-inspection/pc1_gtWdNb0Ni.jpg!m_fill,w_280,h_210,f_jpg?from=ke.com
20240924,怀柔,怀柔,101114362280,乐红园 低楼层 南北三居室 采光好 带地下室,320万,33438元/平,低楼层 (共6层) | 2008年 | 3室2厅 | 95.7平米 | 南 北,https://ke-image.ljcdn.com/110000-inspection/pc1_edPepMUZv.jpg!m_fill,w_280,h_210,f_jpg?from=ke.com
20240924,怀柔,怀柔,101114290449,科技城里面的小区没有物业费停车位充足。,110万,18836元/平,中楼层 (共6层) 1室1厅 | 58.4平米 | 南 北,https://ke-image.ljcdn.com/110000-inspection/a6d9a036-66e2-4752-bbe7-f7e2e8cd34fa_1000.jpg!m_fill,w_280,h_210,f_jpg?from=ke.com
20240924,怀柔,怀柔,101114286707,馥郁苑一期 诚心出售 户型方正 满五年唯一,275万,24219元/平,顶层 (共6层) 3室2厅 | 113.55平米 | 南 北,https://ke-image.ljcdn.com/110000-inspection/pc1_ueWaGiaUL_1.jpg!m_fill,w_280,h_210,f_jpg?from=ke.com
20240924,怀柔,怀柔,101114282901,府前觀邸 商品房 满五唯一 三面朝南户型,500万,37359元/平,中楼层 (共7层) | 2013年 | 3室2厅 | 133.84平米 | 南 北,https://ke-image.ljcdn.com/110000-inspection/8530adad-5d6e-4879-9b0f-d971c7a59fa2_1000.jpg!m_fill,w_280,h_210,f_jpg?from=ke.com
20240924,怀柔,怀柔,101114227566,南 华 园 三 区 采 光 好 视 野 好,185万,21845元/平,顶层 (共6层) | 2020年 | 3室1厅 | 84.69平米 | 南 北,https://ke-image.ljcdn.com/110000-inspection/pc1_wA2HqMFDb_1.jpg!m_fill,w_280,h_210,f_jpg?from=ke.com
20240924,怀柔,怀柔,101114214795,龍祥小區 大三居  南北通透 诚意出售,345万,27545元/平,高楼层 (共6层) 3室2厅 | 125.25平米 | 南 北,https://ke-image.ljcdn.com/110000-inspection/75031846-8205-4292-a80f-9fd21c265897_1000.jpg!m_fill,w_280,h_210,f_jpg?from=ke.com
20240924,怀柔,怀柔,101114206045,天韵家园南北通透三居室 精装修视野开阔 采光充足,430万,29304元/平,顶层 (共6层) | 2004年 | 3室2厅 | 146.74平米 | 南 北,https://ke-image.ljcdn.com/110000-inspection/f17ecf42-b977-4f04-a65c-f4bfb12f955f_1000.jpg!m_fill,w_280,h_210,f_jpg?from=ke.com
20240924,怀柔,怀柔,101114199831,怀柔教委南边 独院管理 水库边 环境好 生活便利,135万,23781元/平,顶层 (共5层) 2室1厅 | 56.77平米 | 南 北,https://ke-image.ljcdn.com/110000-inspection/9e849687-58c4-4916-8524-66f76b0b2cff_1000.jpg!m_fill,w_280,h_210,f_jpg?from=ke.com
20240924,怀柔,怀柔,101114046367,此房满五年家庭名下唯一住房诚意出售。,430万,41952元/平,顶层 (共9层) 2室1厅 | 102.5平米 | 南 北,https://ke-image.ljcdn.com/110000-inspection/pc1_IC4MfP6y4_1.jpg!m_fill,w_280,h_210,f_jpg?from=ke.com
20240924,怀柔,怀柔,101114035792,茶坞铁路复式带40平阳台洋房五居老中青三代居住,230万,14793元/平,顶层 (共5层) 4室2厅 | 155.48平米 | 南 北,https://ke-image.ljcdn.com/110000-inspection/c7ea86eb-2916-4fea-955e-c2ada98280b5_1000.jpg!m_fill,w_280,h_210,f_jpg?from=ke.com
20240924,怀柔,怀柔,101114020610,杨家园小区、满五唯一、南北通透、中间楼层,185万,25663元/平,中楼层 (共6层) 3室1厅 | 72.09平米 | 南 北,https://ke-image.ljcdn.com/110000-inspection/efbe0e2b-286f-436c-bfb9-9c3614a0d76a_1000.jpg!m_fill,w_280,h_210,f_jpg?from=ke.com
20240924,怀柔,怀柔,101114011451,柏泉庄园雁鸣园B区 纯南采光充足两居诚意出售,181万,26282元/平,中楼层 (共13层) | 2013年 | 2室1厅 | 68.87平米 | 西 南,https://ke-image.ljcdn.com/110000-inspection/93785c84-aa03-4a1b-8695-b9e7c12096ec_1000.jpg!m_fill,w_280,h_210,f_jpg?from=ke.com
20240924,怀柔,怀柔,101113991134,满五唯一  次顶层 视野宽阔 采光充足 精装修,133万,22841元/平,中楼层 (共14层) | 2013年 | 1室1厅 | 58.23平米 | 南 西,https://ke-image.ljcdn.com/110000-inspection/b313898b-b1e5-4e88-acfe-d2f2bc061158_1000.jpg!m_fill,w_280,h_210,f_jpg?from=ke.com
20240924,怀柔,怀柔,101113961462,富乐小区南里 中间楼层 采光好 南北通透,255万,29979元/平,中楼层 (共6层) 3室1厅 | 85.06平米 | 南 北,https://ke-image.ljcdn.com/110000-inspection/e64adfc0-6edc-4a57-93ef-c37b08599dfc_1000.jpg!m_fill,w_280,h_210,f_jpg?from=ke.com
20240924,怀柔,怀柔,101113954406,益田影人四季花园 满五唯一 南北通透 全明格局,230万,23292元/平,中楼层 (共8层) | 2012年 | 2室1厅 | 98.75平米 | 南 北,https://ke-image.ljcdn.com/110000-inspection/5dd93eb2-3c15-4f7e-833c-0e564661cd34_1000.jpg!m_fill,w_280,h_210,f_jpg?from=ke.com
20240924,怀柔,怀柔,101113945358,育龙馨居电梯房 3室2厅  南北通透 拎包入住 着急出售,255万,24393元/平,低楼层 (共14层) 3室2厅 | 104.54平米 | 南 北,https://ke-image.ljcdn.com/110000-inspection/5ec19a58-0418-4fef-90c1-71f48d018ed5_1000.jpg!m_fill,w_280,h_210,f_jpg?from=ke.com
20240924,怀柔,怀柔,101113875165,富乐社区一号院北大街怀柔月亮门,145万,23752元/平,顶层 (共6层) | 1991年 | 2室1厅 | 61.05平米 | 南 北,https://ke-image.ljcdn.com/110000-inspection/ab068f9c-4b8c-4abf-87e5-3f5211178546_1000.jpg!m_fill,w_280,h_210,f_jpg?from=ke.com
20240924,怀柔,怀柔,101113857173,迎宾中路 南北通透  户型方正  交通便利,360万,29733元/平,中楼层 (共6层) 3室2厅 | 121.08平米 | 南 北,https://ke-image.ljcdn.com/110000-inspection/cf1aff1a-6bfc-4c7a-a47e-b7a1d35ce423_1000.jpg!m_fill,w_280,h_210,f_jpg?from=ke.com
20240924,怀柔,怀柔,101113835081,北园小区、南北通透、满五唯一、明厨明卫,230万,24044元/平,高楼层 (共6层) | 1993年 | 3室1厅 | 95.66平米 | 南 北,https://ke-image.ljcdn.com/110000-inspection/f9eaa3d7-2d4e-4706-a09d-b80732351e20_1000.jpg!m_fill,w_280,h_210,f_jpg?from=ke.com
20240924,怀柔,怀柔,101113833365,此房户型好视野开阔周边配套设施齐全交通便利,260万,25568元/平,顶层 (共6层) | 1997年 | 3室2厅 | 101.69平米 | 南 北,https://ke-image.ljcdn.com/110000-inspection/246f8785-17e6-45c0-ade3-72645b10dfe6_1000.jpg!m_fill,w_280,h_210,f_jpg?from=ke.com
20240924,怀柔,怀柔,101113800807,龙湖花园地理位置好满五年商品房,155万,29626元/平,顶层 (共6层) | 1995年 | 1室1厅 | 52.32平米 | 南,https://ke-image.ljcdn.com/110000-inspection/pc1_uLZ81Z8VF_1.jpg!m_fill,w_280,h_210,f_jpg?from=ke.com
20240924,怀柔,怀柔,101113749843,梦想家园 北影旁边 电梯洋房 采光好 南北通透,172万,19438元/平,中楼层 (共14层) | 2014年 | 2室2厅 | 88.49平米 | 南 北,https://ke-image.ljcdn.com/110000-inspection/b60beb43-a88f-4542-a332-23e714592a12_1000.jpg!m_fill,w_280,h_210,f_jpg?from=ke.com
20240924,怀柔,怀柔,101113718039,滨湖万米公园 于家园三区 精装修 诚心出售,292万,25123元/平,底层 (共6层) | 2003年 | 3室2厅 | 116.23平米 | 东 西,https://ke-image.ljcdn.com/110000-inspection/d20de1fb-bb3e-4a5d-8d5d-b092540e9f0c_1000.jpg!m_fill,w_280,h_210,f_jpg?from=ke.com
20240924,怀柔,怀柔,101113638372,融城园南区 客厅通阳台格局 落地窗 满五唯一看房方便,340万,21630元/平,高楼层 (共6层) | 2006年 | 3室2厅 | 157.19平米 | 南 北,https://ke-image.ljcdn.com/110000-inspection/pc1_n6raNpJwf_1.jpg!m_fill,w_280,h_210,f_jpg?from=ke.com
20240924,怀柔,怀柔,101113631991,凤瑞二园业主诚意出售可以随时签约看房房本,150万,17216元/平,顶层 (共6层) | 2003年 | 3室1厅 | 87.13平米 | 南 北,https://ke-image.ljcdn.com/110000-inspection/6aeda9f3-75eb-47df-b966-a3337dfe32ce_1000.jpg!m_fill,w_280,h_210,f_jpg?from=ke.com
20240924,怀柔,怀柔,101113626157,安乐馨居不唯一精装房子楼龄新,180万,20831元/平,低楼层 (共17层) | 2019年 | 2室1厅 | 86.41平米 | 南 北,https://ke-image.ljcdn.com/110000-inspection/37f5a1d7-9270-4455-855b-92f6ee355370_1000.jpg!m_fill,w_280,h_210,f_jpg?from=ke.com
20240924,怀柔,怀柔,101113599549,梦想家园南北2居全明格局视野无遮挡。,265万,29448元/平,中楼层 (共15层) | 2014年 | 2室1厅 | 89.99平米 | 南 北,https://ke-image.ljcdn.com/110000-inspection/08231f65-23f9-4ce9-8a87-d7b690fb89f2_1000.jpg!m_fill,w_280,h_210,f_jpg?from=ke.com
20240924,怀柔,怀柔,101113579680,怀柔顶秀美泉家园电梯房南北通透,300万,33773元/平,中楼层 (共5层) | 2015年 | 2室1厅 | 88.83平米 | 南 北,https://ke-image.ljcdn.com/110000-inspection/pc1_zJD8AzAc1.jpg!m_fill,w_280,h_210,f_jpg?from=ke.com
20240924,怀柔,怀柔,101113529982,小中富乐二区 南北通透 前后无遮挡 采光好,240万,19626元/平,顶层 (共6层) | 1996年 | 3室2厅 | 122.29平米 | 南 北,https://ke-image.ljcdn.com/110000-inspection/951b6766-02c5-402c-a80d-6e9e5874a7d0_1000.jpg!m_fill,w_280,h_210,f_jpg?from=ke.com
20240924,怀柔,怀柔,101113459806,幸福东园1号院 南北朝向两居室 诚心出售,129万,20490元/平,底层 (共6层) 2室1厅 | 62.96平米 | 南 北,https://ke-image.ljcdn.com/110000-inspection/53d3f223-3327-445b-93db-6f1a00629d11_1000.jpg!m_fill,w_280,h_210,f_jpg?from=ke.com
20240924,怀柔,怀柔,101113396954,满五年唯一南北通透采光好2室1厅,175万,26681元/平,顶层 (共6层) | 1992年 | 2室1厅 | 65.59平米 | 南 北,https://ke-image.ljcdn.com/110000-inspection/ae0cde74-e1b8-400f-bd4d-c7b673a6fd41_1000.jpg!m_fill,w_280,h_210,f_jpg?from=ke.com
20240924,怀柔,怀柔,101113389124,翠竹园小区 南北通透 满五唯一,385万,30862元/平,高楼层 (共6层) 3室1厅 | 124.75平米 | 东 南 北,https://ke-image.ljcdn.com/110000-inspection/6d0be555-5317-4ebb-ba22-a22f703f0e6a_1000.jpg!m_fill,w_280,h_210,f_jpg?from=ke.com
20240924,怀柔,怀柔,101113389048,湖光 小区 南 北 通 透  满五唯一,170万,28184元/平,顶层 (共6层) | 1989年 | 2室1厅 | 60.32平米 | 南 北,https://ke-image.ljcdn.com/110000-inspection/a673b584-52fa-4f18-8290-c4bba4cefe46_1000.jpg!m_fill,w_280,h_210,f_jpg?from=ke.com
20240924,怀柔,怀柔,101113220053,南北通透满五年唯一可随时签约,230万,19917元/平,高楼层 (共6层) | 2003年 | 3室2厅 | 115.48平米 | 南 北,https://ke-image.ljcdn.com/110000-inspection/7990fdb4-8f6c-4d2a-b215-1aa55557233c_1000.jpg!m_fill,w_280,h_210,f_jpg?from=ke.com
20240924,怀柔,怀柔,101113138214,泉河园二区中间层位置好视野开阔,258万,25300元/平,中楼层 (共6层) | 2003年 | 3室2厅 | 101.98平米 | 南 北,https://ke-image.ljcdn.com/110000-inspection/1bec35eb-b35f-4fd2-ae53-b552dad9702c_1000.jpg!m_fill,w_280,h_210,f_jpg?from=ke.com
20240924,怀柔,怀柔,101113132192,金善名居客厅通阳台两居室南北通透满五唯一,185万,22001元/平,高楼层 (共6层) | 2009年 | 2室2厅 | 84.09平米 | 南 北,https://ke-image.ljcdn.com/110000-inspection/pc1_hGrWJg0ay_1.jpg!m_fill,w_280,h_210,f_jpg?from=ke.com
20240924,怀柔,怀柔,101113128126,于家园三区中间层106平三居室、满五,240万,22496元/平,中楼层 (共6层) 3室1厅 | 106.69平米 | 东 西,https://ke-image.ljcdn.com/110000-inspection/10587b0c-61dc-4487-8903-8715286b4c5a_1000.jpg!m_fill,w_280,h_210,f_jpg?from=ke.com
20240924,怀柔,怀柔,101113037624,梅苑花园 南北通透 怀柔老格局三居室,265万,29866元/平,高楼层 (共6层) | 1998年 | 3室1厅 | 88.73平米 | 南 北,https://ke-image.ljcdn.com/110000-inspection/pc1_cXMcOcMQD_1.jpg!m_fill,w_280,h_210,f_jpg?from=ke.com
20240924,怀柔,怀柔,101112981940,府东一条 南北通过 前后无遮挡 诚意出售,159万,25477元/平,高楼层 (共6层) | 1991年 | 2室1厅 | 62.41平米 | 南 北,https://ke-image.ljcdn.com/110000-inspection/pc1_IKCORtjYT_1.jpg!m_fill,w_280,h_210,f_jpg?from=ke.com
20240924,怀柔,怀柔,101112978916,府前东街13号院南北通透三居室精装修,259万,33694元/平,低楼层 (共6层) 3室1厅 | 76.87平米 | 南 北,https://ke-image.ljcdn.com/110000-inspection/pc1_tsNTg9VYy_1.jpg!m_fill,w_280,h_210,f_jpg?from=ke.com
20240924,怀柔,怀柔,101112974263,梦想家园西区 电梯洋房 拎包入住 边户全明格局,215万,24120元/平,低楼层 (共14层) | 2014年 | 2室1厅 | 89.14平米 | 南 北,https://ke-image.ljcdn.com/110000-inspection/01375e2b-088b-4c50-bfef-5bfda753a10c_1000.jpg!m_fill,w_280,h_210,f_jpg?from=ke.com
20240924,怀柔,怀柔,101112968242,满五唯一小两居位置好配套齐全,109万,19241元/平,顶层 (共5层) | 1982年 | 2室1厅 | 56.65平米 | 东 南,https://ke-image.ljcdn.com/110000-inspection/429bd308-67ce-48e0-9eda-c0c7b596e9cc_1000.jpg!m_fill,w_280,h_210,f_jpg?from=ke.com
20240924,怀柔,怀柔,101112960079,府前觀邸怀柔城区电梯房南北通透看房有钥匙,710万,36190元/平,高楼层 (共11层) | 2013年 | 4室2厅 | 196.19平米 | 南 北,https://ke-image.ljcdn.com/110000-inspection/d34279b7-a355-459f-a012-7a4cd9d229a3_1000.jpg!m_fill,w_280,h_210,f_jpg?from=ke.com
20240924,怀柔,怀柔,101112925093,东关二区小区不临街一层精装修看房随时,217万,28460元/平,底层 (共6层) | 2010年 | 3室1厅 | 76.25平米 | 南 北,https://ke-image.ljcdn.com/110000-inspection/fb727ef6-b1d9-46db-9cd3-fdb381a9343e_1000.jpg!m_fill,w_280,h_210,f_jpg?from=ke.com
20240924,怀柔,怀柔,101112915028,茶坞铁路楼龄比较新商品房大三居,220万,14150元/平,中楼层 (共5层) | 2005年 | 3室2厅 | 155.48平米 | 南 北,https://ke-image.ljcdn.com/110000-inspection/9109ee45-8438-4c77-ad47-dc2ec9710c5f_1000.jpg!m_fill,w_280,h_210,f_jpg?from=ke.com
20240924,怀柔,怀柔,101112890098,小 中 富 乐 二 区  配套齐全,239万,25908元/平,高楼层 (共6层) | 1993年 | 2室1厅 | 92.25平米 | 南 北,https://ke-image.ljcdn.com/110000-inspection/069c7707-84df-4661-b7a1-667736f68952_1000.jpg!m_fill,w_280,h_210,f_jpg?from=ke.com
20240924,怀柔,怀柔,101112865680,凤瑞二园  南北通透 采光好  户型方正,182万,19693元/平,低楼层 (共6层) | 1996年 | 2室2厅 | 92.42平米 | 南 北,https://ke-image.ljcdn.com/110000-inspection/pc1_YgxuHyz7d_1.jpg!m_fill,w_280,h_210,f_jpg?from=ke.com
20240924,怀柔,怀柔,101112853199,龙祥小区南北通透中间楼层采光好,356万,30324元/平,中楼层 (共7层) | 2007年 | 3室1厅 | 117.4平米 | 南 北,https://ke-image.ljcdn.com/110000-inspection/pc1_DQXgrA8uS_1.jpg!m_fill,w_280,h_210,f_jpg?from=ke.com
20240924,怀柔,怀柔,101112834683,八龙桥雅苑 南北通透大三居 客厅通阳台,260万,24788元/平,中楼层 (共5层) | 2006年 | 3室2厅 | 104.89平米 | 南 北,https://ke-image.ljcdn.com/110000-inspection/58a5467f-2b74-4f19-861b-a0edc5190359_1000.jpg!m_fill,w_280,h_210,f_jpg?from=ke.com
20240924,怀柔,怀柔,101112780567,南北通透三居室双卧朝南板楼2层采光无遮挡！房主自荐,219万,25448元/平,顶层 (共6层) 3室1厅 | 86.06平米 | 南 北,https://ke-image.ljcdn.com/110000-inspection/7f62b149-174f-4631-9e71-278ddc6594d7_1000.jpg!m_fill,w_280,h_210,f_jpg?from=ke.com
20240924,怀柔,怀柔,101112757542,府前觀邸  带电梯 南北向 满五年住房,345万,34556元/平,高楼层 (共9层) | 2013年 | 2室1厅 | 99.84平米 | 南 北,https://ke-image.ljcdn.com/110000-inspection/pc1_UGlK1CzF6_1.jpg!m_fill,w_280,h_210,f_jpg?from=ke.com
20240924,怀柔,怀柔,101112716712,成熟社区 精装修 电梯房 带产权车位带地下室 随时签约,405万,34619元/平,高楼层 (共9层) | 2015年 | 3室2厅 | 116.99平米 | 东南,https://ke-image.ljcdn.com/110000-inspection/pc1_GhNVJ1czu_1.jpg!m_fill,w_280,h_210,f_jpg?from=ke.com
20240924,怀柔,怀柔,101112610409,天韵家园 满五年唯一 南北通透大两居室,299万,32735元/平,中楼层 (共6层) | 2004年 | 2室2厅 | 91.34平米 | 北 南,https://ke-image.ljcdn.com/110000-inspection/31ae0fb1-955f-48f0-9391-616e93f1882d_1000.jpg!m_fill,w_280,h_210,f_jpg?from=ke.com
20240924,怀柔,怀柔,101112598345,南华园一区的房子着急出售且配套设施完备,170万,19255元/平,高楼层 (共6层) | 1994年 | 3室1厅 | 88.29平米 | 南 北,https://ke-image.ljcdn.com/110000-inspection/e2a3ab6d-8c9c-4186-9e75-46d21150861e_1000.jpg!m_fill,w_280,h_210,f_jpg?from=ke.com
20240924,怀柔,怀柔,101112578282,兆龙居小区环境好低楼层看房方便业主诚意出售,199万,24454元/平,低楼层 (共6层) | 1993年 | 3室1厅 | 81.38平米 | 南 北,https://ke-image.ljcdn.com/110000-inspection/667d9bbd-09ae-47af-99bc-34fa8bbd7a5b_1000.jpg!m_fill,w_280,h_210,f_jpg?from=ke.com
20240924,怀柔,怀柔,101112548749,南华园一区 西南北朝向 满五年,308万,30444元/平,底层 (共6层) 3室1厅 | 101.17平米 | 南 北,https://ke-image.ljcdn.com/110000-inspection/964878bc-1e54-485e-b0db-8cd5abf838b0_1000.jpg!m_fill,w_280,h_210,f_jpg?from=ke.com
20240924,怀柔,怀柔,101112446444,北 京 城 建 胜 悦 居 随时可看,221万,38236元/平,中楼层 (共11层) | 2019年 | 1室1厅 | 57.8平米 | 南,https://ke-image.ljcdn.com/110000-inspection/b8506a20-c1f6-49db-a4f8-c3ae7f93d33f_1000.jpg!m_fill,w_280,h_210,f_jpg?from=ke.com
20240924,怀柔,怀柔,101112391654,梦想家园西区 电梯观景房 边户全明有窗户 采光好,179万,20081元/平,顶层 (共14层) | 2014年 | 2室1厅 | 89.14平米 | 南 西 北,https://ke-image.ljcdn.com/110000-inspection/126e53a2-02db-486a-8ca5-196d931723d1_1000.jpg!m_fill,w_280,h_210,f_jpg?from=ke.com
20240924,怀柔,怀柔,101112329293,府前觀邸小户型 大一居 南北通透,257万,36846元/平,顶层 (共9层) | 2013年 | 1室1厅 | 69.75平米 | 南 北,https://ke-image.ljcdn.com/110000-inspection/4a3735e1-ab62-412e-b7e2-c222e49ac04a_1000.jpg!m_fill,w_280,h_210,f_jpg?from=ke.com
20240924,怀柔,怀柔,101112213702,滨湖小区纯南户型二居室卧室很大客厅明亮,148万,23560元/平,顶层 (共5层) 2室1厅 | 62.82平米 | 南 北,https://ke-image.ljcdn.com/110000-inspection/2fcf7e33-f164-4148-9b5f-fbd9928438b0_1000.jpg!m_fill,w_280,h_210,f_jpg?from=ke.com
20240924,怀柔,怀柔,101112099873,顶秀美泉小镇B区 带电梯三居 南北通透 精装 双卫,415万,32750元/平,中楼层 (共5层) | 2015年 | 3室2厅 | 126.72平米 | 南 北,https://ke-image.ljcdn.com/110000-inspection/d3e716e1-9c34-4b38-92a3-fa10733bdf37_1000.jpg!m_fill,w_280,h_210,f_jpg?from=ke.com
20240924,怀柔,怀柔,101112074192,东关一区  电梯房  满五唯一  诚心出售房主自荐,366万,26960元/平,中楼层 (共6层) | 2012年 | 3室2厅 | 135.76平米 | 南 北,https://ke-image.ljcdn.com/110000-inspection/pc1_T1gXpoG75_1.jpg!m_fill,w_280,h_210,f_jpg?from=ke.com
20240924,怀柔,怀柔,101112041017,融城园南区 南北向三居室 小区车位充足,155万,17450元/平,高楼层 (共6层) 3室1厅 | 88.83平米 | 南 北,https://ke-image.ljcdn.com/110000-inspection/a90ecc4f-a73e-403f-a12c-610706088d32_1000.jpg!m_fill,w_280,h_210,f_jpg?from=ke.com
20240924,怀柔,怀柔,101111815178,茶坞铁路南北通透复式结构业主诚意出售,230万,10047元/平,顶层 (共5层) | 2005年 | 5室3厅 | 228.93平米 | 南 北,https://ke-image.ljcdn.com/110000-inspection/pc1_SaD90WVrB_1.jpg!m_fill,w_280,h_210,f_jpg?from=ke.com
20240924,怀柔,怀柔,101111810888,成熟社区配套完善精装修拎包入住,205万,22036元/平,顶层 (共6层) 2室2厅 | 93.03平米 | 西 北,https://ke-image.ljcdn.com/110000-inspection/pc1_nRNrPAQER_1.jpg!m_fill,w_280,h_210,f_jpg?from=ke.com
20240924,怀柔,怀柔,101111771075,80平米通透两居室此房不临街诚意出售,236万,29379元/平,中楼层 (共6层) 2室1厅 | 80.33平米 | 南 北,https://ke-image.ljcdn.com/110000-inspection/f4ce2f6a-8fa1-42cf-9522-a4fa7dfaac53_1000.jpg!m_fill,w_280,h_210,f_jpg?from=ke.com
20240924,怀柔,怀柔,101111732617,4/6层 厅厨卫带窗 南北两个阳台 满五年唯一,218万,22790元/平,中楼层 (共6层) 3室2厅 | 95.66平米 | 南 西 北,https://ke-image.ljcdn.com/110000-inspection/ea3efc0f-0da3-4c48-ba5d-e9aa37f14e26_1000.jpg!m_fill,w_280,h_210,f_jpg?from=ke.com
20240924,怀柔,怀柔,101111646862,迎宾北路9号院满五唯一南北通透,278万,24064元/平,高楼层 (共7层) | 2000年 | 3室2厅 | 115.53平米 | 南 北,https://ke-image.ljcdn.com/110000-inspection/cd73ad8a-1543-41d0-9d5d-21f3fb03f1c1_1000.jpg!m_fill,w_280,h_210,f_jpg?from=ke.com
20240924,怀柔,怀柔,101111581191,东关二区老三居格局 采光通透 格局方正 看房方便,205万,26572元/平,顶层 (共6层) 3室1厅 | 77.15平米 | 南 北,https://ke-image.ljcdn.com/110000-inspection/pc1_oItO5rVgu_1.jpg!m_fill,w_280,h_210,f_jpg?from=ke.com
20240924,怀柔,怀柔,101111478316,新元居小区  南北通透三居室 四层 看房方便,210万,23686元/平,中楼层 (共5层) | 2002年 | 3室1厅 | 88.66平米 | 南 北,https://ke-image.ljcdn.com/110000-inspection/9ad728e7-16b7-4f0f-bb09-e524bf57fe79_1000.jpg!m_fill,w_280,h_210,f_jpg?from=ke.com
20240924,怀柔,怀柔,101111346715,怀柔新新家园  南北向两居室  中层电梯,310万,34456元/平,低楼层 (共15层) | 2017年 | 2室1厅 | 89.97平米 | 南 北,https://ke-image.ljcdn.com/110000-inspection/22b29355-098d-4df1-a860-ffd34008e55c_1000.jpg!m_fill,w_280,h_210,f_jpg?from=ke.com
20240924,怀柔,怀柔,101111299937,幸福东园3号院。南北通透两居室。,130万,19629元/平,顶层 (共7层) 2室1厅 | 66.23平米 | 南 北,https://ke-image.ljcdn.com/110000-inspection/f5265cd0-bc3c-4778-925e-8c1d62993780_1000.jpg!m_fill,w_280,h_210,f_jpg?from=ke.com
20240924,怀柔,怀柔,101111213618,北京市怀柔区湖光小区优质2居室,129万,22893元/平,顶层 (共5层) | 1982年 | 2室1厅 | 56.35平米 | 南 北,https://ke-image.ljcdn.com/110000-inspection/842ea88d-9a31-48b8-a6a0-0d3a4e65ccef_1000.jpg!m_fill,w_280,h_210,f_jpg?from=ke.com
20240924,怀柔,怀柔,101111191751,业主诚意出售采光好看房提前联系,360万,33321元/平,高楼层 (共6层) 3室2厅 | 108.04平米 | 南 北,https://ke-image.ljcdn.com/110000-inspection/pc1_SPCml8TYk_1.jpg!m_fill,w_280,h_210,f_jpg?from=ke.com
20240924,怀柔,怀柔,101111113947,无遮挡满五唯一居家干净装修观景水库,400万,27545元/平,低楼层 (共24层) 3室2厅 | 145.22平米 | 西北,https://ke-image.ljcdn.com/110000-inspection/9066cb4e-ed63-4c3e-83d7-6f365c5534c6_1000.jpg!m_fill,w_280,h_210,f_jpg?from=ke.com
20240924,怀柔,怀柔,101111040028,迎宾中路满五唯一精装修业主自住,280万,25819元/平,高楼层 (共6层) | 1997年 | 3室2厅 | 108.45平米 | 南 北,https://ke-image.ljcdn.com/110000-inspection/pc1_9SOgjrkxl_1.jpg!m_fill,w_280,h_210,f_jpg?from=ke.com
20240924,怀柔,怀柔,101110937039,迎宾北路小区 满五唯一 五层三居,265万,27816元/平,高楼层 (共6层) 3室1厅 | 95.27平米 | 南 北,https://ke-image.ljcdn.com/110000-inspection/b24614dd-be97-4fe1-a6c9-98e894d327c6_1000.jpg!m_fill,w_280,h_210,f_jpg?from=ke.com
20240924,怀柔,怀柔,101110906844,怀柔凤瑞二园两居室满五年唯一看房基本随时房主自荐,220万,22000元/平,顶层 (共4层) 2室1厅 | 100平米 | 南,https://ke-image.ljcdn.com/110000-inspection/pc1_HaKKyLziV_1.jpg!m_fill,w_280,h_210,f_jpg?from=ke.com
20240924,怀柔,怀柔,101110695185,此房满五唯一南北通透格局楼层高视野宽阔,170万,14494元/平,中楼层 (共5层) 2室2厅 | 117.29平米 | 南 北,https://ke-image.ljcdn.com/110000-inspection/pc1_XqQoTHBa7_1.jpg!m_fill,w_280,h_210,f_jpg?from=ke.com
20240924,怀柔,怀柔,101110681667,八龙桥雅苑 满五唯一 宽沟九号院房主自荐,288万,32161元/平,底层 (共5层) 3室1厅 | 89.55平米 | 南 北,https://ke-image.ljcdn.com/110000-inspection/pc1_6o61H6NWK_1.jpg!m_fill,w_280,h_210,f_jpg?from=ke.com
20240924,怀柔,怀柔,101110610137,科学城 世嘉光织谷西区  两居室  看房方便,275万,29977元/平,中楼层 (共7层) | 2012年 | 2室1厅 | 91.74平米 | 南,https://ke-image.ljcdn.com/110000-inspection/pc1_h3oeey3Lf_1.jpg!m_fill,w_280,h_210,f_jpg?from=ke.com
20240924,怀柔,怀柔,101110561959,融城园南区 3居 总价便宜 适合易居 拎包入住,180万,21888元/平,中楼层 (共6层) | 1998年 | 3室1厅 | 82.24平米 | 南 北,https://ke-image.ljcdn.com/110000-inspection/pc1_kxAllWGrc_1.jpg!m_fill,w_280,h_210,f_jpg?from=ke.com
20240924,怀柔,怀柔,101110530732,融城园南区 正规三居室 双卫 诚心出售,220万,18745元/平,底层 (共6层) 3室2厅 | 117.37平米 | 南 北,https://ke-image.ljcdn.com/110000-inspection/pc1_eT3Et8XVd_1.jpg!m_fill,w_280,h_210,f_jpg?from=ke.com
20240924,怀柔,怀柔,101110512310,于家园三区满五唯一南北通透,290万,21087元/平,中楼层 (共6层) | 1993年 | 4室2厅 | 137.53平米 | 南 北,https://ke-image.ljcdn.com/110000-inspection/pc1_Zbxov2XMB_1.jpg!m_fill,w_280,h_210,f_jpg?from=ke.com
20240924,怀柔,怀柔,101110498934,安乐馨居  满二不唯一   精装房,170万,21137元/平,低楼层 (共12层) | 2018年 | 2室1厅 | 80.43平米 | 南 北,https://ke-image.ljcdn.com/110000-inspection/pc1_2j2twXvwh_1.jpg!m_fill,w_280,h_210,f_jpg?from=ke.com
20240924,怀柔,怀柔,101110485754,美丽家园 南北通透三居室 高楼层视野好,252万,24431元/平,顶层 (共5层) 3室1厅 | 103.15平米 | 南 北,https://ke-image.ljcdn.com/110000-inspection/f9304570-682f-4888-a05e-dea44251df0c_1000.jpg!m_fill,w_280,h_210,f_jpg?from=ke.com
20240924,怀柔,怀柔,101110445400,满五唯一 南北通透 提前预约 诚意出售 中间楼层,335万,25162元/平,高楼层 (共6层) | 1998年 | 3室2厅 | 133.14平米 | 南 北,https://ke-image.ljcdn.com/110000-inspection/a80df3f9-57f7-4ff2-8fcf-7c3ea1edfb2a_1000.jpg!m_fill,w_280,h_210,f_jpg?from=ke.com
20240924,怀柔,怀柔,101110427340,馥郁苑 满两年商品房 南北两居室 客厅通阳台,263万,29698元/平,中楼层 (共6层) 2室1厅 | 88.56平米 | 南 北,https://ke-image.ljcdn.com/110000-inspection/pc1_yeRfZhDox_2.jpg!m_fill,w_280,h_210,f_jpg?from=ke.com
20240924,怀柔,怀柔,101110426218,富乐小区北里业主诚意出售交通便利。,348万,36733元/平,顶层 (共7层) | 2002年 | 2室2厅 | 94.74平米 | 东 西,https://ke-image.ljcdn.com/110000-inspection/299c503b-5909-4168-80ee-6b50380fec8c_1000.jpg!m_fill,w_280,h_210,f_jpg?from=ke.com
20240924,怀柔,怀柔,101110416843,世嘉光织谷东区  三居  南北通透  采光好,310万,25114元/平,中楼层 (共7层) | 2013年 | 3室2厅 | 123.44平米 | 南 北,https://ke-image.ljcdn.com/110000-inspection/pc1_hX9zMM6of_2.jpg!m_fill,w_280,h_210,f_jpg?from=ke.com
20240924,怀柔,怀柔,101110409538,北京市怀柔区顶秀美泉小镇B区优质两居室,305万,34417元/平,底层 (共5层) | 2015年 | 2室1厅 | 88.62平米 | 南 北,https://ke-image.ljcdn.com/110000-inspection/db525aaa-8986-41c3-8006-b5e4b27f93c7_1000.jpg!m_fill,w_280,h_210,f_jpg?from=ke.com
20240924,怀柔,怀柔,101110389768,湖光小区32号院 南边通透三居 怀柔体育场北侧,360万,30654元/平,中楼层 (共6层) | 1994年 | 3室2厅 | 117.44平米 | 南 北,https://ke-image.ljcdn.com/110000-inspection/pc1_SPsRrr30B_2.jpg!m_fill,w_280,h_210,f_jpg?from=ke.com
20240924,怀柔,怀柔,101110377736,开放路 南北通透 大三居 采光好房主自荐,225万,23808元/平,顶层 (共6层) 3室1厅 | 94.51平米 | 南 北,https://ke-image.ljcdn.com/110000-inspection/pc1_jCMWbg7ns_1.jpg!m_fill,w_280,h_210,f_jpg?from=ke.com
20240924,怀柔,怀柔,101110284140,小中富乐二区中间楼层满五唯一诚意出售房主自荐,328万,26724元/平,中楼层 (共6层) 3室2厅 | 122.74平米 | 南 北,https://ke-image.ljcdn.com/110000-inspection/pc1_6q5rkFhoE_1.jpg!m_fill,w_280,h_210,f_jpg?from=ke.com
20240924,怀柔,怀柔,101110272028,南北通透 阳光充足  环境优美  不临街  交通便利,258万,36282元/平,底层 (共5层) 3室1厅 | 71.11平米 | 南 北,https://ke-image.ljcdn.com/110000-inspection/d66d4984-78b8-4745-ba03-813ea7f7ddd0_1000.jpg!m_fill,w_280,h_210,f_jpg?from=ke.com
20240924,怀柔,怀柔,101110194941,莲馨苑  三居 南北通透  采光好,295万,29474元/平,中楼层 (共6层) | 2005年 | 3室2厅 | 100.09平米 | 南 北,https://ke-image.ljcdn.com/110000-inspection/cbb7f57a-b74f-42ec-ac78-aa19e7a03eee_1000.jpg!m_fill,w_280,h_210,f_jpg?from=ke.com
20240924,怀柔,怀柔,101110179949,怀柔南站 北京电影学院 14年洋房板楼 12月26满五唯一,180万,20492元/平,底层 (共15层) | 2014年 | 2室1厅 | 87.84平米 | 南 北,https://ke-image.ljcdn.com/110000-inspection/5e541123-400c-4555-a4a0-18eaf9af5acc_1000.jpg!m_fill,w_280,h_210,f_jpg?from=ke.com
20240924,怀柔,怀柔,101110176208,融城园南区两居室看房方便诚意出售,212万,22072元/平,高楼层 (共6层) | 2006年 | 2室1厅 | 96.05平米 | 南 北,https://ke-image.ljcdn.com/110000-inspection/006cb604-d4b3-48fe-8a08-eaa7b9f0a2a8_1000.jpg!m_fill,w_280,h_210,f_jpg?from=ke.com
20240924,怀柔,怀柔,101126732697,顶秀美泉小镇A区 一层 南北户型两居室新上,235万,21949元/平,底层 (共5层) 2室1厅 | 107.07平米 | 南 北,https://ke-image.ljcdn.com/110000-inspection/81d5f0b5-682a-4a5c-917c-7baa66d05b73_1000.jpg!m_fill,w_280,h_210,f_jpg?from=ke.com
20240924,怀柔,怀柔,101126720748,兴怀大街小区~三居室~客厅通阳台新上,128万,22952元/平,底层 (共4层) 3室1厅 | 55.77平米 | 南 北,https://ke-image.ljcdn.com/110000-inspection/bdcc37eb-2586-46d0-97d4-e03cc1edde3f_1000.jpg!m_fill,w_280,h_210,f_jpg?from=ke.com
20240924,怀柔,怀柔,101126719700,怀柔新新家园 2室1厅 东新上,205万,29083元/平,高楼层 (共16层) | 2017年 | 2室1厅 | 70.49平米 | 东,https://ke-image.ljcdn.com/110000-inspection/820c07ce-db8a-4277-bd78-1cb1b9fa4f31_1000.jpg!m_fill,w_280,h_210,f_jpg?from=ke.com
20240924,怀柔,怀柔,101126710798,丽湖馨居 03年电梯房 南北通透三居 小区环境好新上,450万,33777元/平,底层 (共9层) | 2002年 | 3室2厅 | 133.23平米 | 南 北,https://ke-image.ljcdn.com/110000-inspection/pc1_5UnmxzkOw_1.jpg!m_fill,w_280,h_210,f_jpg?from=ke.com
20240924,怀柔,怀柔,101126705774,开放路80号楼优质好房看房方便。新上,180万,18127元/平,顶层 (共5层) 2室1厅 | 99.3平米 | 东 西,https://ke-image.ljcdn.com/110000-inspection/0ecce251-68d4-4a5a-979a-102c7dfd57cd_1000.jpg!m_fill,w_280,h_210,f_jpg?from=ke.com
20240924,怀柔,怀柔,101126671244,湖光小区 南北通透 精装修 诚意卖新上,138万,21176元/平,顶层 (共5层) 2室1厅 | 65.17平米 | 南 北,https://ke-image.ljcdn.com/110000-inspection/c444adb0-419f-4bb2-a079-df69a5caae1a_1000.jpg!m_fill,w_280,h_210,f_jpg?from=ke.com
20240924,怀柔,怀柔,101126653936,红螺湖 4室2厅 南 北新上,1200万,28733元/平,底层 (共2层) 4室2厅 | 417.64平米 | 南 北,https://ke-image.ljcdn.com/110000-inspection/a5601b3d-16a9-47ae-913b-03df03c83b67_1000.jpg!m_fill,w_280,h_210,f_jpg?from=ke.com
20240924,怀柔,怀柔,101126647655,丽湖嘉园 3室2厅 南 北新上,430万,32895元/平,低楼层 (共6层) 3室2厅 | 130.72平米 | 南 北,https://ke-image.ljcdn.com/110000-inspection/d9dffd04-c75e-48d5-8016-20c29e9f5ecd_1000.jpg!m_fill,w_280,h_210,f_jpg?from=ke.com
20240924,怀柔,怀柔,101126640631,万通龙山新新小镇联排边户看房方便业主诚意出售新上,750万,25871元/平,底层 (共3层) 5室2厅 | 289.91平米 | 南 北,https://ke-image.ljcdn.com/110000-inspection/e2e91717-188f-4210-9514-81d80ea3810b_1000.jpg!m_fill,w_280,h_210,f_jpg?from=ke.com
20240924,怀柔,怀柔,101126636513,镜春园 楼龄新 客厅通阳台南北通透 采光好新上,480万,33995元/平,底层 (共6层) 3室1厅 | 141.2平米 | 南 北,https://ke-image.ljcdn.com/110000-inspection/682c1517-17fd-4466-9b28-bc3195784db5_1000.jpg!m_fill,w_280,h_210,f_jpg?from=ke.com
20240924,怀柔,怀柔,101126611980,湖光小区 中间层 满五唯一 南北通透两居新上,128万,22623元/平,中楼层 (共5层) | 1985年 | 2室1厅 | 56.58平米 | 南 北,https://ke-image.ljcdn.com/110000-inspection/1a886f14-4f06-4866-ac7e-087d491d20ee_1000.jpg!m_fill,w_280,h_210,f_jpg?from=ke.com
20240924,怀柔,怀柔,101126583538,青春路九院   三居室  拎包入住,150万,20912元/平,高楼层 (共6层) 3室1厅 | 71.73平米 | 南 北,https://ke-image.ljcdn.com/110000-inspection/pc1_KNmvRGcVJ_1.jpg!m_fill,w_280,h_210,f_jpg?from=ke.com
20240924,怀柔,怀柔,101126582703,南华园四区2-1-1-1 71.27㎡,185万,25958元/平,底层 (共6层) | 2000年 | 2室1厅 | 71.27平米 | 南 北,https://ke-image.ljcdn.com/110000-inspection/29ac4921-b01a-4d3b-8d1d-d354389ff1c2_1000.jpg!m_fill,w_280,h_210,f_jpg?from=ke.com
20240924,怀柔,怀柔,101126575462,房子格局好可以直接拎包入住满五唯一,280万,22897元/平,顶层 (共6层) 3室1厅 | 122.29平米 | 南 北,https://ke-image.ljcdn.com/110000-inspection/85a18c6d-d6d4-4dae-819e-1acb877248e8_1000.jpg!m_fill,w_280,h_210,f_jpg?from=ke.com
20240924,怀柔,怀柔,101126567335,此房满五唯一南北通透正规小三居楼层低采光好,159万,25951元/平,中楼层 (共6层) 2室1厅 | 61.27平米 | 南 北,https://ke-image.ljcdn.com/110000-inspection/36977163-533d-4cd6-a0ab-0ca87773ded8_1000.jpg!m_fill,w_280,h_210,f_jpg?from=ke.com
20240924,怀柔,怀柔,101126566985,湖光小区满五唯一交通便利近商业圈,135万,24108元/平,中楼层 (共5层) | 1982年 | 2室1厅 | 56平米 | 南 北,https://ke-image.ljcdn.com/110000-inspection/9bb964d9-6c04-4735-bf85-ee9bbaf5a1b1_1000.jpg!m_fill,w_280,h_210,f_jpg?from=ke.com
20240924,怀柔,怀柔,101126564832,富乐社区一号院 2室1厅 南 北,138万,21912元/平,顶层 (共6层) 2室1厅 | 62.98平米 | 南 北,https://ke-image.ljcdn.com/110000-inspection/pc1_axTs1r7Ag.jpg!m_fill,w_280,h_210,f_jpg?from=ke.com
20240924,怀柔,怀柔,101126561099,汇都家园三室两厅南北通透全明户型车位充足。,285万,25426元/平,高楼层 (共6层) 3室2厅 | 112.09平米 | 南 西 北,https://ke-image.ljcdn.com/110000-inspection/72099426-1bbc-4424-a8c4-5128ca3e026f_1000.jpg!m_fill,w_280,h_210,f_jpg?from=ke.com
20240924,怀柔,怀柔,101126546330,联排中间户毛坯省成本位置好户型可造性强急售,548万,18852元/平,底层 (共2层) 4室3厅 | 290.69平米 | 南 北,https://ke-image.ljcdn.com/110000-inspection/1d37d03a-11b5-4310-9491-d11539c9a21e_1000.jpg!m_fill,w_280,h_210,f_jpg?from=ke.com
20240924,怀柔,怀柔,101126527434,塞班假日怀柔城区联排别墅 生活便利,560万,23175元/平,底层 (共3层) 4室2厅 | 241.64平米 | 南 北,https://ke-image.ljcdn.com/110000-inspection/pc1_jGOS2nE8f_1.jpg!m_fill,w_280,h_210,f_jpg?from=ke.com
20240924,怀柔,怀柔,101126513072,兆龙居小区满五唯一中间楼层带电梯！！！,200万,26052元/平,中楼层 (共5层) 3室1厅 | 76.77平米 | 南 北,https://ke-image.ljcdn.com/110000-inspection/50a25dd9-0f04-470e-a432-8b1244b24462_1000.jpg!m_fill,w_280,h_210,f_jpg?from=ke.com
20240924,怀柔,怀柔,101126512631,湖滨花园双拼别墅 简装修 满五不唯一,850万,39602元/平,底层 (共4层) 6室2厅 | 214.64平米 | 东 南 西 北,https://ke-image.ljcdn.com/110000-inspection/65b6d578-aac0-4e09-9233-1ac4552833d4_1000.jpg!m_fill,w_280,h_210,f_jpg?from=ke.com
20240924,怀柔,怀柔,101126510430,南华园一区 2室1厅 南,185万,25706元/平,低楼层 (共6层) 2室1厅 | 71.97平米 | 南,https://ke-image.ljcdn.com/110000-inspection/9f825c76-4bb7-487c-889c-d6f2b4e530da_1000.jpg!m_fill,w_280,h_210,f_jpg?from=ke.com
20240924,怀柔,怀柔,101126506961,满五年不一住房次顶层产权清晰2002年建成,210万,23932元/平,顶层 (共5层) 3室1厅 | 87.75平米 | 南 北,https://ke-image.ljcdn.com/110000-inspection/3f6ae3ca-1854-42a2-9a33-89b6f3f1a3dd_1000.jpg!m_fill,w_280,h_210,f_jpg?from=ke.com
20240924,怀柔,怀柔,101126468906,顶秀美泉一期精装修大三居顶层带隔层环山依水,455万,28662元/平,顶层 (共5层) 3室2厅 | 158.75平米 | 南 北,https://ke-image.ljcdn.com/110000-inspection/42f3ab1d-041f-4846-a699-fbd865c3a929_1000.jpg!m_fill,w_280,h_210,f_jpg?from=ke.com
20240924,怀柔,怀柔,101126467824,南华园四区 3室1厅 南 北,175万,21856元/平,高楼层 (共6层) 3室1厅 | 80.07平米 | 南 北,https://ke-image.ljcdn.com/110000-inspection/pc1_0V1wZMPVx.jpg!m_fill,w_280,h_210,f_jpg?from=ke.com
20240924,怀柔,怀柔,101126438092,龙山御景 3室2厅 南 北,470万,35397元/平,中楼层 (共20层) 3室2厅 | 132.78平米 | 南 北,https://ke-image.ljcdn.com/110000-inspection/f354f590-225a-41d9-a967-9f1fbc50033c_1000.jpg!m_fill,w_280,h_210,f_jpg?from=ke.com
20240924,怀柔,怀柔,101126436327,龍祥小區 1室1厅 南 北,140万,31461元/平,顶层 (共6层) 1室1厅 | 44.5平米 | 南 北,https://ke-image.ljcdn.com/110000-inspection/871a1bbe-5fa6-4027-ab08-6bdba17de3f2_1000.jpg!m_fill,w_280,h_210,f_jpg?from=ke.com
20240924,怀柔,怀柔,101126404511,北大街1号院 3室3厅 南 北,360万,23181元/平,顶层 (共6层) 3室3厅 | 155.3平米 | 南 北,https://ke-image.ljcdn.com/110000-inspection/pc1_A6YNxX4LS.jpg!m_fill,w_280,h_210,f_jpg?from=ke.com
20240924,怀柔,怀柔,101126378749,莲馨苑 双卧朝南 满五唯一低楼层 小区中间,249万,24591元/平,低楼层 (共6层) 3室2厅 | 101.26平米 | 南 北,https://ke-image.ljcdn.com/110000-inspection/pc1_kRyw8llSw.jpg!m_fill,w_280,h_210,f_jpg?from=ke.com
20240924,怀柔,怀柔,101126365021,小中富乐二区 5室2厅 南 北,1030万,44957元/平,底层 (共2层) | 2001年 | 5室2厅 | 229.11平米 | 南 北,https://ke-image.ljcdn.com/110000-inspection/f25a5eac-d96d-4731-9c40-c5c051fb427d_1000.jpg!m_fill,w_280,h_210,f_jpg?from=ke.com
20240924,怀柔,怀柔,101126333232,青春路新上健身楼层一室两厅房源房主自荐,150万,26137元/平,高楼层 (共6层) 1室2厅 | 57.39平米 | 南 西,https://ke-image.ljcdn.com/110000-inspection/pc1_ayRr44R1x_1.jpg!m_fill,w_280,h_210,f_jpg?from=ke.com
20240924,怀柔,怀柔,101126288455,依山傍水别墅精装修一天没住空间大两车库诚售,968万,29176元/平,底层 (共3层) 9室3厅 | 331.78平米 | 南 北,https://ke-image.ljcdn.com/110000-inspection/fee7de7e-faeb-4031-a473-7c8bf204a27a_1000.jpg!m_fill,w_280,h_210,f_jpg?from=ke.com
20240924,怀柔,怀柔,101126282774,富乐大街顶层的优质房源富乐大街,290万,19652元/平,顶层 (共6层) 3室3厅 | 147.57平米 | 南 北,https://ke-image.ljcdn.com/110000-inspection/f656e38f-e045-46c5-8a05-df618dfcb81d_1000.jpg!m_fill,w_280,h_210,f_jpg?from=ke.com
20240924,怀柔,怀柔,101126274427,青春苑西区6跃7复式房南北通透全明户型。,320万,25168元/平,顶层 (共6层) | 2000年 | 4室2厅 | 127.15平米 | 南 北,https://ke-image.ljcdn.com/110000-inspection/10fbf059-400f-484a-90c2-8e7451e331b4_1000.jpg!m_fill,w_280,h_210,f_jpg?from=ke.com
20240924,怀柔,怀柔,101126273845,青春苑西区大三室户型好适合居住,265万,28440元/平,中楼层 (共6层) 3室2厅 | 93.18平米 | 南 北,https://ke-image.ljcdn.com/110000-inspection/pc1_6IXxqPjiU_1.jpg!m_fill,w_280,h_210,f_jpg?from=ke.com
20240924,怀柔,怀柔,101126271884,万通龙山逸墅联排别墅看房方便,748万,23329元/平,底层 (共3层) 5室3厅 | 320.64平米 | 南 北,https://ke-image.ljcdn.com/110000-inspection/pc1_JvAGekN3b.jpg!m_fill,w_280,h_210,f_jpg?from=ke.com
20240924,怀柔,怀柔,101126258668,府前观邸成熟小区电梯精装好房出售,193万,35329元/平,中楼层 (共12层) | 2013年 | 1室1厅 | 54.63平米 | 西北,https://ke-image.ljcdn.com/110000-inspection/23188a95-3323-4280-8d7d-331772ebaada_1000.jpg!m_fill,w_280,h_210,f_jpg?from=ke.com
20240924,怀柔,怀柔,101126245227,万通龙山逸墅 精装联排东边户大花园,900万,28435元/平,底层 (共2层) | 2012年 | 5室4厅 | 316.52平米 | 南 北,https://ke-image.ljcdn.com/110000-inspection/8eff2ca0-9777-4f1b-98b9-9df42a89be73_1000.jpg!m_fill,w_280,h_210,f_jpg?from=ke.com
20240924,怀柔,怀柔,101126231898,怀柔新新家园 低楼层 大三居 精装修,455万,33852元/平,底层 (共16层) 3室2厅 | 134.41平米 | 南 西 北,https://ke-image.ljcdn.com/110000-inspection/de5a6add-e78c-42c6-9c77-45b84fc0a371_1000.jpg!m_fill,w_280,h_210,f_jpg?from=ke.com
20240924,怀柔,怀柔,101126228648,此房满五唯一南北通透户型方正卧室大阳台,269万,24180元/平,中楼层 (共6层) 3室2厅 | 111.25平米 | 南 北,https://ke-image.ljcdn.com/110000-inspection/pc1_5pCOfMHm5_1.jpg!m_fill,w_280,h_210,f_jpg?from=ke.com
20240924,怀柔,怀柔,101126228130,南大街35号院电梯房南北通透,638万,40116元/平,顶层 (共6层) 3室2厅 | 159.04平米 | 南 北,https://ke-image.ljcdn.com/110000-inspection/21ee9e29-0868-43ff-ae1e-c73e19f335c4_1000.jpg!m_fill,w_280,h_210,f_jpg?from=ke.com
20240924,怀柔,怀柔,101126227839,东关一区 南北通透三居室 采光好,175万,18765元/平,高楼层 (共7层) 3室1厅 | 93.26平米 | 南 北,https://ke-image.ljcdn.com/110000-inspection/9edf0f28-0e3f-4233-9dcb-fd420aa3c13c_1000.jpg!m_fill,w_280,h_210,f_jpg?from=ke.com
20240924,怀柔,怀柔,101126225063,南华园四区 精装修 出行方便   南北通透,699万,37887元/平,底层 (共2层) 5室3厅 | 184.5平米 | 南 北,https://ke-image.ljcdn.com/110000-inspection/pc1_we9SmpnN4_1.jpg!m_fill,w_280,h_210,f_jpg?from=ke.com
20240924,怀柔,怀柔,101126210803,万通龙山新新小镇一期大独栋七星之一的天权,1480万,38562元/平,底层 (共2层) 6室3厅 | 383.8平米 | 东 南 北,https://ke-image.ljcdn.com/110000-inspection/73943c1e-4c5b-47d8-9faf-a4061c754c51_1000.jpg!m_fill,w_280,h_210,f_jpg?from=ke.com
20240924,怀柔,怀柔,101126195390,万通龙山新新小镇看房方便门后有车位业主诚意出售,690万,27962元/平,底层 (共2层) 3室2厅 | 246.77平米 | 南 北,https://ke-image.ljcdn.com/110000-inspection/14e2b862-9c04-471b-8f5e-dc2bbec8d845_1000.jpg!m_fill,w_280,h_210,f_jpg?from=ke.com
20240924,怀柔,怀柔,101126193395,经典小三居  把边全明格局  随时签约！,128万,17690元/平,高楼层 (共6层) 3室1厅 | 72.36平米 | 南 西 北,https://ke-image.ljcdn.com/110000-inspection/f7acb9c2-0c10-4615-8f78-210146408804_1000.jpg!m_fill,w_280,h_210,f_jpg?from=ke.com
20240924,怀柔,怀柔,101126157364,万通龙山新新小镇独栋别墅停车方便,620万,38063元/平,底层 (共2层) 4室2厅 | 162.89平米 | 南 北,https://ke-image.ljcdn.com/110000-inspection/4e9c1ad1-17ed-4a66-80a8-25032ba2956c_1000.jpg!m_fill,w_280,h_210,f_jpg?from=ke.com
20240924,怀柔,怀柔,101126155895,万通龙山新新小镇独栋别墅600平米大花园看房方便,1500万,39083元/平,底层 (共2层) 6室2厅 | 383.8平米 | 南 北,https://ke-image.ljcdn.com/110000-inspection/4e68c677-1b23-4738-81e8-6798c0f2c017_1000.jpg!m_fill,w_280,h_210,f_jpg?from=ke.com
20240924,怀柔,怀柔,101126146375,客厅通阳台采光好南北通透大三居,499万,37559元/平,低楼层 (共6层) 3室1厅 | 132.86平米 | 南 北,https://ke-image.ljcdn.com/110000-inspection/8613db6b-ce9a-486f-8042-2445074a032b_1000.jpg!m_fill,w_280,h_210,f_jpg?from=ke.com
20240924,怀柔,怀柔,101126144650,金台园45栋 满五唯一 3室1厅1厨1卫 南北,199万,25658元/平,中楼层 (共6层) 3室1厅 | 77.56平米 | 南 北,https://ke-image.ljcdn.com/110000-inspection/508e5e14-c501-4f89-9d5e-82f84db18bf2_1000.jpg!m_fill,w_280,h_210,f_jpg?from=ke.com
20240924,怀柔,怀柔,101126142904,红螺家园房子顶层复式南北通透采光好视野开阔,195万,21448元/平,顶层 (共5层) | 2007年 | 2室1厅 | 90.92平米 | 南 北,https://ke-image.ljcdn.com/110000-inspection/559ac9d0-19ce-48f2-94e2-6f4bb5fc8d1a_1000.jpg!m_fill,w_280,h_210,f_jpg?from=ke.com
20240924,怀柔,怀柔,101126130466,湖光小区  二居室  看房方便 业主诚意出售,149万,24702元/平,中楼层 (共6层) | 1989年 | 2室1厅 | 60.32平米 | 南 北,https://ke-image.ljcdn.com/110000-inspection/a162e9ba-560e-49e9-8da6-a6cf5c5e8cda_1000.jpg!m_fill,w_280,h_210,f_jpg?from=ke.com
20240924,怀柔,怀柔,101126125571,环山邻湖南北通透落地窗高楼层视野宽阔,175万,19482元/平,高楼层 (共6层) | 2007年 | 2室1厅 | 89.83平米 | 南 北,https://ke-image.ljcdn.com/110000-inspection/e996a4e2-4ff6-4122-be7f-dbe66001e0e2_1000.jpg!m_fill,w_280,h_210,f_jpg?from=ke.com
20240924,怀柔,怀柔,101126117046,塞班假日独栋别墅看房方便,952万,29994元/平,底层 (共3层) 5室2厅 | 317.4平米 | 南 北,https://ke-image.ljcdn.com/110000-inspection/1c4fac0a-63ba-4016-be35-7fafc83c05a9_1000.jpg!m_fill,w_280,h_210,f_jpg?from=ke.com
20240924,怀柔,怀柔,101126110139,东关一区    4层3居室   看房子方便,198万,21231元/平,中楼层 (共7层) 3室2厅 | 93.26平米 | 南 北,https://ke-image.ljcdn.com/110000-inspection/pc1_jJ0oM2ecW.jpg!m_fill,w_280,h_210,f_jpg?from=ke.com
20240924,怀柔,怀柔,101126092811,万通龙山新新小镇双拼别墅看房方便业主诚意出售,680万,27463元/平,底层 (共2层) 5室4厅 | 247.61平米 | 南 北,https://ke-image.ljcdn.com/110000-inspection/750cf2a5-22a9-49d3-9ca7-3f4ed3673d51_1000.jpg!m_fill,w_280,h_210,f_jpg?from=ke.com
20240924,怀柔,怀柔,101126092387,怀柔新新家园 2室1厅 西,290万,33593元/平,低楼层 (共15层) | 2017年 | 2室1厅 | 86.33平米 | 西,https://ke-image.ljcdn.com/110000-inspection/pc1_Nizml6iz0_1.jpg!m_fill,w_280,h_210,f_jpg?from=ke.com
20240924,怀柔,怀柔,101126092073,天恒半山世家独栋新装修边户急售,900万,35477元/平,底层 (共2层) 5室3厅 | 253.69平米 | 南 北,https://ke-image.ljcdn.com/110000-inspection/3242210d-1e10-4361-ad8f-0913498da561_1000.jpg!m_fill,w_280,h_210,f_jpg?from=ke.com
20240924,怀柔,怀柔,101126090984,南北通透采光充足视野开阔花园式洋房！,222万,27280元/平,顶层 (共7层) | 2013年 | 3室1厅 | 81.38平米 | 南 北,https://ke-image.ljcdn.com/110000-inspection/pc1_LnixSqVqU.jpg!m_fill,w_280,h_210,f_jpg?from=ke.com
20240924,怀柔,怀柔,101126090847,世嘉光织谷东区 3室1厅 南 北,459万,35919元/平,底层 (共7层) 3室1厅 | 127.79平米 | 南 北,https://ke-image.ljcdn.com/110000-inspection/cadf1395-bc07-4f3c-bf4a-cd63ad67607b_1000.jpg!m_fill,w_280,h_210,f_jpg?from=ke.com
20240924,怀柔,怀柔,101126086262,府前东街13号院 满五唯一 采光好,265万,34474元/平,底层 (共6层) 3室1厅 | 76.87平米 | 南 北,https://ke-image.ljcdn.com/110000-inspection/c33a16c8-25b1-4dbe-8a1e-54682c90d1b4_1000.jpg!m_fill,w_280,h_210,f_jpg?from=ke.com
20240924,怀柔,怀柔,101126054530,光织谷西区满五唯一毛坯车位,18万,4139元/平,地下室 | 2012年 | 1室0厅 | 43.49平米 | 东 南 西 北,https://ke-image.ljcdn.com/110000-inspection/pc1_Ao4c7lIG0.jpg!m_fill,w_280,h_210,f_jpg?from=ke.com
20240924,怀柔,怀柔,101126036126,万达商圈 满五唯一  南北通透 两室两厅,165万,19389元/平,顶层 (共6层) 3室1厅 | 85.1平米 | 南 北,https://ke-image.ljcdn.com/110000-inspection/6aebacf1-5e99-4434-92cc-dee20128ab4d_1000.jpg!m_fill,w_280,h_210,f_jpg?from=ke.com
20240924,怀柔,怀柔,101126036010,东关一区 3室1厅 东 西,180万,22040元/平,中楼层 (共6层) | 2012年 | 3室1厅 | 81.67平米 | 东 西,https://ke-image.ljcdn.com/110000-inspection/pc1_bmEdXfdNj.jpg!m_fill,w_280,h_210,f_jpg?from=ke.com
20240924,怀柔,怀柔,101126035304,和泰家园 2室1厅 南 北,235万,28158元/平,顶层 (共6层) 2室1厅 | 83.46平米 | 南 北,https://ke-image.ljcdn.com/110000-inspection/pc1_AfqOe7uJ7_1.jpg!m_fill,w_280,h_210,f_jpg?from=ke.com
20240924,怀柔,怀柔,101126020589,精装修2年  成熟社区  配套完善  拎包入住,188万,22692元/平,顶层 (共6层) | 1997年 | 3室1厅 | 82.85平米 | 南 北,https://ke-image.ljcdn.com/110000-inspection/pc1_lUImpbWts_1.jpg!m_fill,w_280,h_210,f_jpg?from=ke.com
20240924,怀柔,怀柔,101125978522,欧郡香水城 4室3厅 南 北,300万,37727元/平,顶层 (共3层) 4室3厅 | 79.52平米 | 南 北,https://ke-image.ljcdn.com/110000-inspection/be96d83f-3c89-4fee-af3d-02a37ba245a2_1000.jpg!m_fill,w_280,h_210,f_jpg?from=ke.com
20240924,怀柔,怀柔,101125965194,万通龙山新新小镇 德园独栋 精装急售 全屋地暖,650万,39780元/平,底层 (共2层) | 2008年 | 4室3厅 | 163.4平米 | 南 北,https://ke-image.ljcdn.com/110000-inspection/pc1_ULDR1FqMl_1.jpg!m_fill,w_280,h_210,f_jpg?from=ke.com
20240924,怀柔,怀柔,101125955116,富乐家园五层次顶层采光棒业主诚意出售,175万,17966元/平,高楼层 (共6层) | 2003年 | 2室2厅 | 97.41平米 | 东 西,https://ke-image.ljcdn.com/110000-inspection/fad352c7-b86f-4044-b704-9fc4f28f3169_1000.jpg!m_fill,w_280,h_210,f_jpg?from=ke.com
20240924,怀柔,怀柔,101125938050,育龙馨居3-2-1-2 104.26㎡ 210万,260万,24938元/平,顶层 (共14层) | 2013年 | 3室2厅 | 104.26平米 | 南 北,https://ke-image.ljcdn.com/110000-inspection/pc1_UZoRLsqGa_1.jpg!m_fill,w_280,h_210,f_jpg?from=ke.com
20240924,怀柔,怀柔,101125936526,怀柔科学城花园电梯洋房 顶秀美泉小镇B区 南北两居,255万,28694元/平,中楼层 (共5层) | 2015年 | 2室1厅 | 88.87平米 | 南 北,https://ke-image.ljcdn.com/110000-inspection/8a00c682-c46b-4460-903b-f0399040703a_1000.jpg!m_fill,w_280,h_210,f_jpg?from=ke.com
20240924,怀柔,怀柔,101125915885,天恒半山世家  独栋别墅  把边大花园 新装修,1280万,65756元/平,底层 (共2层) 5室2厅 | 194.66平米 | 南 北,https://ke-image.ljcdn.com/110000-inspection/pc1_ArCTu4d0v_1.jpg!m_fill,w_280,h_210,f_jpg?from=ke.com
20240924,怀柔,怀柔,101125902188,万通龙山新新小镇徽派建筑苏式园林看房方便业主诚意出,1380万,24810元/平,底层 (共2层) 5室2厅 | 556.23平米 | 东 南 西 北,https://ke-image.ljcdn.com/110000-inspection/pc1_81tUEZ2Qy_1.jpg!m_fill,w_280,h_210,f_jpg?from=ke.com
20240924,怀柔,怀柔,101125896279,顶秀美泉小镇A区 2室1厅 南 北,280万,31650元/平,顶层 (共4层) 2室1厅 | 88.47平米 | 南 北,https://ke-image.ljcdn.com/110000-inspection/pc1_s4IyFrgNk_1.jpg!m_fill,w_280,h_210,f_jpg?from=ke.com
20240924,怀柔,怀柔,101125855639,万通龙山新新小镇独栋别墅看房方便业主诚意出售,860万,41671元/平,底层 (共2层) | 2008年 | 5室2厅 | 206.38平米 | 南 北,https://ke-image.ljcdn.com/110000-inspection/c3196251-17fe-4bc7-9a6e-47fdab2e6896_1000.jpg!m_fill,w_280,h_210,f_jpg?from=ke.com
20240924,怀柔,怀柔,101125847887,富乐南里 3室2卫 一梯一户 满五唯一,335万,28361元/平,底层 (共6层) 3室2厅 | 118.12平米 | 南 北,https://ke-image.ljcdn.com/110000-inspection/813a4912-2040-4d19-930b-e3a26d266f6e_1000.jpg!m_fill,w_280,h_210,f_jpg?from=ke.com
20240924,怀柔,怀柔,101125843488,天恒别墅山北有红螺寺南有万达交通配套齐全。,2600万,50774元/平,底层 (共2层) 8室3厅 | 512.08平米 | 东 南 西 北,https://ke-image.ljcdn.com/110000-inspection/pc1_trU13pFsT_1.jpg!m_fill,w_280,h_210,f_jpg?from=ke.com
20240924,怀柔,怀柔,101125840814,拎包入住两居室  成熟社区  配套完善  随时签,135万,25496元/平,中楼层 (共5层) 2室1厅 | 52.95平米 | 南,https://ke-image.ljcdn.com/110000-inspection/be522046-d30d-44da-8712-8cfd67f08867_1000.jpg!m_fill,w_280,h_210,f_jpg?from=ke.com
20240924,怀柔,怀柔,101125830613,富乐小区北里新兴居小区满五年唯一,240万,25333元/平,中楼层 (共7层) 2室1厅 | 94.74平米 | 东 西 北,https://ke-image.ljcdn.com/110000-inspection/pc1_62lrqTEAu_1.jpg!m_fill,w_280,h_210,f_jpg?from=ke.com
20240924,怀柔,怀柔,101125811575,滨河馨居 朝南户型   采光好  电梯房,147万,20632元/平,中楼层 (共11层) 2室2厅 | 71.25平米 | 南,https://ke-image.ljcdn.com/110000-inspection/pc1_yeIG9WIOr_1.jpg!m_fill,w_280,h_210,f_jpg?from=ke.com
20240924,怀柔,怀柔,101125799300,铁路小区 3室1厅 南 北,199万,18257元/平,顶层 (共6层) 3室1厅 | 109平米 | 南 北,https://ke-image.ljcdn.com/110000-inspection/d8e1f93a-c695-4ebd-a719-b3979b486579_1000.jpg!m_fill,w_280,h_210,f_jpg?from=ke.com
20240924,怀柔,怀柔,101125762839,世嘉光织谷西区满五唯一精装修,216万,22709元/平,中楼层 (共6层) | 2012年 | 2室1厅 | 95.12平米 | 南 北,https://ke-image.ljcdn.com/110000-inspection/pc1_sTFhnn8di_1.jpg!m_fill,w_280,h_210,f_jpg?from=ke.com
20240924,怀柔,怀柔,101125759224,此房满五唯一楼层好视野宽阔采光充配套设施齐全交通便,177万,18162元/平,低楼层 (共6层) 3室1厅 | 97.46平米 | 东 西,https://ke-image.ljcdn.com/110000-inspection/pc1_0TagSu0JP_1.jpg!m_fill,w_280,h_210,f_jpg?from=ke.com
20240924,怀柔,怀柔,101125749961,馥郁苑落地窗高楼层视野宽阔户型方正格局规整,355万,26923元/平,顶层 (共6层) 3室2厅 | 131.86平米 | 南 北,https://ke-image.ljcdn.com/110000-inspection/a1ed9a20-ec72-4062-9a9b-3697bcc83cc1_1000.jpg!m_fill,w_280,h_210,f_jpg?from=ke.com
20240924,怀柔,怀柔,101125747709,新村满五唯一6-7层复式,138万,18405元/平,顶层 (共6层) | 2012年 | 2室1厅 | 74.98平米 | 南 北,https://ke-image.ljcdn.com/110000-inspection/1e467a8d-85a1-4017-b1df-1a74a8aeffd3_1000.jpg!m_fill,w_280,h_210,f_jpg?from=ke.com
20240924,怀柔,怀柔,101125745380,怡成园 南北通透 采光视野无遮挡 有电梯 有钥匙,520万,27081元/平,顶层 (共12层) 5室1厅 | 192.02平米 | 东 南 北,https://ke-image.ljcdn.com/110000-inspection/8569a8fc-58e1-4ac3-8c4e-71b036dde0b5_1000.jpg!m_fill,w_280,h_210,f_jpg?from=ke.com
20240924,怀柔,怀柔,101125702706,东关一区 低层 正规三居 南北通透 房龄新 采光好,240万,29707元/平,底层 (共6层) 3室1厅 | 80.79平米 | 南 北,https://ke-image.ljcdn.com/110000-inspection/pc1_5Ddj6TjzU_1.jpg!m_fill,w_280,h_210,f_jpg?from=ke.com
20240924,怀柔,怀柔,101125694414,万通龙山新新小镇 7室3厅 南,550万,19841元/平,底层 (共2层) 7室3厅 | 277.21平米 | 南,https://ke-image.ljcdn.com/110000-inspection/pc1_aLvxDy18h.jpg!m_fill,w_280,h_210,f_jpg?from=ke.com
20240924,怀柔,怀柔,101125686082,欧郡香水城精装别墅看房方便业主诚意出售价格可谈,960万,31564元/平,地下室 (共2层) | 2010年 | 6室5厅 | 304.15平米 | 南 北,https://ke-image.ljcdn.com/110000-inspection/48163591-3934-4b60-a329-988965bfb8d6_1000.jpg!m_fill,w_280,h_210,f_jpg?from=ke.com
20240924,怀柔,怀柔,101125679466,怀柔科学城 花园洋房 顶秀美泉小镇C区 南北两居,228万,25880元/平,底层 (共4层) | 2012年 | 2室1厅 | 88.1平米 | 南 北,https://ke-image.ljcdn.com/110000-inspection/2003918e-132d-4103-98c8-eff8551e42d4_1000.jpg!m_fill,w_280,h_210,f_jpg?from=ke.com
20240924,怀柔,怀柔,101125646194,梦想家园东区电梯房观景好楼层精装修拎包入住,290万,28183元/平,高楼层 (共15层) | 2014年 | 3室2厅 | 102.9平米 | 南 北,https://ke-image.ljcdn.com/110000-inspection/3c357158-5524-48e5-8dba-07de0d357e98_1000.jpg!m_fill,w_280,h_210,f_jpg?from=ke.com
20240924,怀柔,怀柔,101125631512,育龙馨居  电梯房 南北通透 采光好,160万,19264元/平,中楼层 (共11层) | 2013年 | 2室1厅 | 83.06平米 | 南 北,https://ke-image.ljcdn.com/110000-inspection/pc1_L3o1HMMRz_1.jpg!m_fill,w_280,h_210,f_jpg?from=ke.com
20240924,怀柔,怀柔,101125621148,益田影人四季花园 健身楼层 采光通透,190万,19119元/平,顶层 (共8层) | 2012年 | 2室1厅 | 99.38平米 | 南 北,https://ke-image.ljcdn.com/110000-inspection/57526384-683e-4428-af0e-12b1f0e0d5a6_1000.jpg!m_fill,w_280,h_210,f_jpg?from=ke.com
20240924,怀柔,怀柔,101125618793,世嘉光织谷东区 车位,15万,4233元/平,地下室 (共6层) | 2013年 | 1室0厅 | 35.44平米 | 东 南 西 北,https://ke-image.ljcdn.com/110000-inspection/12e79ff7-fe3d-4a94-a2e4-8aedda67abe3_1000.jpg!m_fill,w_280,h_210,f_jpg?from=ke.com
20240924,怀柔,怀柔,101125560343,万通龙山新新小镇独栋别墅 户型方正 业主诚意出售,586万,35863元/平,底层 (共2层) 5室2厅 | 163.4平米 | 南 北,https://ke-image.ljcdn.com/110000-inspection/4103baea-1533-4739-91c2-4d73fc2e8457_1000.jpg!m_fill,w_280,h_210,f_jpg?from=ke.com
20240924,怀柔,怀柔,101125558922,融城园北区 中层 正规三居 南北通透 房龄新采光好,220万,21049元/平,中楼层 (共6层) 3室2厅 | 104.52平米 | 南 北,https://ke-image.ljcdn.com/110000-inspection/fa96707c-89d8-439b-b1ed-ed135e70f91f_1000.jpg!m_fill,w_280,h_210,f_jpg?from=ke.com
20240924,怀柔,怀柔,101125536500,顶秀美泉小镇新上4+1双层大house,380万,24022元/平,顶层 (共4层) 3室2厅 | 158.19平米 | 南 北 西,https://ke-image.ljcdn.com/110000-inspection/pc1_gUiFyIH7p_1.jpg!m_fill,w_280,h_210,f_jpg?from=ke.com
20240924,怀柔,怀柔,101125534206,万通龙山新新小镇双拼别墅看房方便业主诚意出售,620万,24369元/平,底层 (共2层) 3室2厅 | 254.43平米 | 北 南,https://ke-image.ljcdn.com/110000-inspection/pc1_TUB2flbLY_1.jpg!m_fill,w_280,h_210,f_jpg?from=ke.com
20240924,怀柔,怀柔,101125510316,房子小区环境好交通方便生活便利,285万,21012元/平,顶层 (共6层) 3室3厅 | 135.64平米 | 南,https://ke-image.ljcdn.com/110000-inspection/pc1_jACeThoKE_1.jpg!m_fill,w_280,h_210,f_jpg?from=ke.com
20240924,怀柔,怀柔,101125487236,满五唯一 好楼层 前后无遮挡 采光好,285万,25914元/平,中楼层 (共6层) 3室1厅 | 109.98平米 | 南 北,https://ke-image.ljcdn.com/110000-inspection/45b06b1f-b12a-4130-8cf1-568d18b51ab2_1000.jpg!m_fill,w_280,h_210,f_jpg?from=ke.com
20240924,怀柔,怀柔,101125473728,湖光小区 2室1厅 南 北,175万,24145元/平,顶层 (共5层) 2室1厅 | 72.48平米 | 南 北,https://ke-image.ljcdn.com/110000-inspection/165b7b15-94dc-4e74-a386-b65dc284e244_1000.jpg!m_fill,w_280,h_210,f_jpg?from=ke.com
20240924,怀柔,怀柔,101125472225,雁栖园小区叠拼南北通透小区环境优美,360万,21399元/平,底层 (共3层) 4室1厅 | 168.24平米 | 南 北,https://ke-image.ljcdn.com/110000-inspection/pc1_JyANFKAEY_1.jpg!m_fill,w_280,h_210,f_jpg?from=ke.com
20240924,怀柔,怀柔,101125457269,镜春园 满五唯一 有车库 有地下室,588万,31981元/平,底层 (共6层) | 2007年 | 4室2厅 | 183.86平米 | 南 北,https://ke-image.ljcdn.com/110000-inspection/c72abbc0-4d49-4d78-a536-3298d2f1fd5b_1000.jpg!m_fill,w_280,h_210,f_jpg?from=ke.com
20240924,怀柔,怀柔,101125440400,滨湖小区一层南北通透两居室满五年诚心出售看房随时,195万,29872元/平,底层 (共6层) 2室1厅 | 65.28平米 | 南 北,https://ke-image.ljcdn.com/110000-inspection/b7d8e899-50e2-4aa8-aafd-142b9e8ff821_1000.jpg!m_fill,w_280,h_210,f_jpg?from=ke.com
20240924,怀柔,怀柔,101125373864,天恒半山世家独栋户型方正南北通透边户型,1100万,56637元/平,底层 (共2层) 5室2厅 | 194.22平米 | 南 北,https://ke-image.ljcdn.com/110000-inspection/00ed5f25-f870-4935-8224-4b99aa060604_1000.jpg!m_fill,w_280,h_210,f_jpg?from=ke.com
20240924,怀柔,怀柔,101125358587,裕华园一区南向一居室格局方正有电梯采光充足,100万,17174元/平,高楼层 (共14层) | 2013年 | 1室1厅 | 58.23平米 | 南,https://ke-image.ljcdn.com/110000-inspection/pc1_QuaVgdB44_1.jpg!m_fill,w_280,h_210,f_jpg?from=ke.com
20240924,怀柔,怀柔,101125346631,小中富乐二区 3室1厅 南 北,270万,22783元/平,中楼层 (共6层) | 1996年 | 3室1厅 | 118.51平米 | 南 北,https://ke-image.ljcdn.com/110000-inspection/7598dc0f-6c96-45bd-8a3f-e815d895d80b_1000.jpg!m_fill,w_280,h_210,f_jpg?from=ke.com
20240924,怀柔,怀柔,101125316339,南华大街一层门脸房业主急售！！,210万,26320元/平,底层 (共6层) 1室2厅 | 79.79平米 | 南 北,https://ke-image.ljcdn.com/110000-inspection/eec688f8-be24-457f-8857-2d0e1e2417b2_1000.jpg!m_fill,w_280,h_210,f_jpg?from=ke.com
20240924,怀柔,怀柔,101125315304,镜春园电梯房南北通透格局采光视野无遮挡,800万,31083元/平,顶层 (共6层) 6室2厅 | 257.38平米 | 南 北,https://ke-image.ljcdn.com/110000-inspection/24945553-ba7f-4dc2-bc32-3728266464d2_1000.jpg!m_fill,w_280,h_210,f_jpg?from=ke.com
20240924,怀柔,怀柔,101125291877,梅苑花园 4室2厅 南 北,445万,30184元/平,顶层 (共6层) 4室2厅 | 147.43平米 | 南 北,https://ke-image.ljcdn.com/110000-inspection/b215d465-3159-4904-af71-7f01c17ddcc9_1000.jpg!m_fill,w_280,h_210,f_jpg?from=ke.com
20240924,怀柔,怀柔,101125289286,万通龙山新新小镇联排边户精装修拎包入住,648万,22207元/平,底层 (共2层) 5室2厅 | 291.81平米 | 南 北,https://ke-image.ljcdn.com/110000-inspection/4108a035-4fa3-424a-9cf8-76aa8d5e6a00_1000.jpg!m_fill,w_280,h_210,f_jpg?from=ke.com
20240924,怀柔,怀柔,101125282458,兴怀大街小区 中间层 精装修 南北通透大三居,396万,37607元/平,中楼层 (共6层) 3室2厅 | 105.3平米 | 东 南 北,https://ke-image.ljcdn.com/110000-inspection/pc1_wZxjKLJNo_1.jpg!m_fill,w_280,h_210,f_jpg?from=ke.com
20240924,怀柔,怀柔,101125275463,莲馨苑 高层边户全明 满五唯一 视野好采光好有钥匙,189万,16030元/平,顶层 (共6层) 3室1厅 | 117.91平米 | 南 北,https://ke-image.ljcdn.com/110000-inspection/deda361f-7858-4284-b166-7fb4bad0ff63_1000.jpg!m_fill,w_280,h_210,f_jpg?from=ke.com
20240924,怀柔,怀柔,101125205096,怀柔北大街 3室1厅 南 北,190万,25728元/平,高楼层 (共6层) | 1998年 | 3室1厅 | 73.85平米 | 南 北,https://ke-image.ljcdn.com/110000-inspection/af53d19f-273d-442d-9f00-c3a8f28d4ff8_1000.jpg!m_fill,w_280,h_210,f_jpg?from=ke.com
20240924,怀柔,怀柔,101125193459,益田影人四季花园 3室2厅 南 北,560万,30800元/平,高楼层 (共8层) | 2012年 | 3室2厅 | 181.82平米 | 南 北,https://ke-image.ljcdn.com/110000-inspection/b88beee6-fa0d-4865-aa1b-f01e97288f5c_1000.jpg!m_fill,w_280,h_210,f_jpg?from=ke.com
20240924,怀柔,怀柔,101125182009,钓鱼台小区 复式 高层采光充足落地窗视野开阔,380万,24217元/平,顶层 (共6层) 4室2厅 | 156.92平米 | 南 北,https://ke-image.ljcdn.com/110000-inspection/67e5eff0-17ba-4b18-b99b-a0e4a7791054_1000.jpg!m_fill,w_280,h_210,f_jpg?from=ke.com
20240924,怀柔,怀柔,101125180487,此房满五年唯一双南向眼镜户型低楼层出入方便,348万,34686元/平,低楼层 (共12层) 2室1厅 | 100.33平米 | 南,https://ke-image.ljcdn.com/110000-inspection/bde72928-85b1-416c-a7bc-4cb58b8cfca7_1000.jpg!m_fill,w_280,h_210,f_jpg?from=ke.com
20240924,怀柔,怀柔,101125114563,南大街25号 1室1厅 南,150万,21781元/平,顶层 (共6层) 1室1厅 | 68.87平米 | 南,https://ke-image.ljcdn.com/110000-inspection/pc1_cPJEK7zHP_1.jpg!m_fill,w_280,h_210,f_jpg?from=ke.com
20240924,怀柔,怀柔,101125104981,雁栖一品园B区  电梯房    南北通透  精装修,270万,21112元/平,顶层 (共14层) 2室2厅 | 127.89平米 | 南 北,https://ke-image.ljcdn.com/110000-inspection/f5c523be-e4d7-42a8-8208-adf77dcacb1b_1000.jpg!m_fill,w_280,h_210,f_jpg?from=ke.com
20240924,怀柔,怀柔,101125102933,安乐馨居电梯房7层采光好19年建成精装修全明格局,153万,18131元/平,中楼层 (共15层) | 2019年 | 2室1厅 | 84.39平米 | 南 北,https://ke-image.ljcdn.com/110000-inspection/200ba476-a73f-4aeb-b577-9d00d0f9f2be_1000.jpg!m_fill,w_280,h_210,f_jpg?from=ke.com
20240924,怀柔,怀柔,101125083862,汇都家园  大三居室  看房方便   满五唯一,308万,28721元/平,中楼层 (共6层) 3室1厅 | 107.24平米 | 南 北,https://ke-image.ljcdn.com/110000-inspection/1ca78ded-a2bf-440c-9b0e-d238b2bc52d7_1000.jpg!m_fill,w_280,h_210,f_jpg?from=ke.com
20240924,怀柔,怀柔,101125037923,湖光山舍精装修独栋上下楼有电梯方便看房提前约,800万,27089元/平,底层 (共3层) 4室2厅 | 295.33平米 | 南 北,https://ke-image.ljcdn.com/110000-inspection/01e70a3e-1b76-427d-a98d-63fc742755a1_1000.jpg!m_fill,w_280,h_210,f_jpg?from=ke.com
20240924,怀柔,怀柔,101125029710,怀柔新新家园 3室2厅 南 西 北,430万,31992元/平,顶层 (共16层) | 2017年 | 3室2厅 | 134.41平米 | 南 西 北,https://ke-image.ljcdn.com/110000-inspection/8fb0d83f-0612-4cbf-912e-51f00c6ad6f1_1000.jpg!m_fill,w_280,h_210,f_jpg?from=ke.com
20240924,怀柔,怀柔,101125024459,东关二区小区 低楼层出入方便 老三居 无遮挡,195万,25658元/平,低楼层 (共6层) | 1996年 | 3室1厅 | 76平米 | 南 北,https://ke-image.ljcdn.com/110000-inspection/fad1f8b1-0277-489c-8b55-bc0478a6b678_1000.jpg!m_fill,w_280,h_210,f_jpg?from=ke.com
20240924,怀柔,怀柔,101125020163,青春苑西区南北通透明厨明卫高楼层采光好,365万,21498元/平,顶层 (共6层) 5室2厅 | 169.79平米 | 南 北,https://ke-image.ljcdn.com/110000-inspection/pc1_BuOuAc9Kh.jpg!m_fill,w_280,h_210,f_jpg?from=ke.com
20240924,怀柔,怀柔,101124953565,府前观邸   带电梯 采光好 诚意出售,220万,40271元/平,中楼层 (共12层) 1室1厅 | 54.63平米 | 西北,https://ke-image.ljcdn.com/110000-inspection/pc1_1MbCMGLE7_1.jpg!m_fill,w_280,h_210,f_jpg?from=ke.com
20240924,怀柔,怀柔,101124920353,金台园小区43号楼房源特色详情。,330万,27788元/平,中楼层 (共6层) 3室1厅 | 118.76平米 | 南 北,https://ke-image.ljcdn.com/110000-inspection/pc1_wTTiZ04t7_1.jpg!m_fill,w_280,h_210,f_jpg?from=ke.com
20240924,怀柔,怀柔,101124912423,馥郁苑二期 电梯房 采光好 价格能谈,265万,38777元/平,顶层 (共6层) | 2017年 | 2室1厅 | 68.34平米 | 南 北,https://ke-image.ljcdn.com/110000-inspection/pc1_tkpxf9988.jpg!m_fill,w_280,h_210,f_jpg?from=ke.com
20240924,怀柔,怀柔,101124854948,融城园南区 3室1厅 南 北,205万,21816元/平,中楼层 (共6层) 3室1厅 | 93.97平米 | 南 北,https://ke-image.ljcdn.com/110000-inspection/pc1_lvyrVlMIg.jpg!m_fill,w_280,h_210,f_jpg?from=ke.com
20240924,怀柔,怀柔,101124850654,万通龙山新新小镇独栋别墅看房方便业主诚意出售,680万,33626元/平,底层 (共2层) 4室2厅 | 202.23平米 | 南 北,https://ke-image.ljcdn.com/110000-inspection/pc1_6uYWpeHZD.jpg!m_fill,w_280,h_210,f_jpg?from=ke.com
20240924,怀柔,怀柔,101124800101,怀柔 电梯小区 怀柔新新家园 两居室 纯毛坯,228万,32595元/平,中楼层 (共6层) | 2015年 | 2室1厅 | 69.95平米 | 南 北,https://ke-image.ljcdn.com/110000-inspection/58ccd5d4-783b-44ab-8889-552a746a81d2_1000.jpg!m_fill,w_280,h_210,f_jpg?from=ke.com
20240924,怀柔,怀柔,101124795671,世嘉光织谷东区  环境优美  配套齐全,220万,23921元/平,中楼层 (共7层) | 2013年 | 2室2厅 | 91.97平米 | 南,https://ke-image.ljcdn.com/110000-inspection/7af9f351-537b-4a9b-b558-6cd065f9b220_1000.jpg!m_fill,w_280,h_210,f_jpg?from=ke.com
20240924,怀柔,怀柔,101124793707,金善名居精装修三居室南北通透拎包入住,180万,19194元/平,顶层 (共6层) 3室2厅 | 93.78平米 | 南 北,https://ke-image.ljcdn.com/110000-inspection/1604c0cf-684b-4241-ba28-ee9a7cf74e7e_1000.jpg!m_fill,w_280,h_210,f_jpg?from=ke.com
20240924,怀柔,怀柔,101124791840,融城园南区 三居室 南北通透  采光好,163万,20496元/平,底层 (共6层) | 2010年 | 3室1厅 | 79.53平米 | 南 北,https://ke-image.ljcdn.com/110000-inspection/pc1_9z1Dg6t1K_1.jpg!m_fill,w_280,h_210,f_jpg?from=ke.com
20240924,怀柔,怀柔,101124791628,家天下   复式大三居室   精装修,355万,18693元/平,顶层 (共6层) 3室3厅 | 189.92平米 | 南 北,https://ke-image.ljcdn.com/110000-inspection/1142592a-4832-4d5b-87ba-f36a82e72f65_1000.jpg!m_fill,w_280,h_210,f_jpg?from=ke.com
20240924,怀柔,怀柔,101124782011,万通龙山新新小镇联排别墅看房方便价格可以商量,650万,23718元/平,底层 (共2层) 4室2厅 | 274.06平米 | 南 北,https://ke-image.ljcdn.com/110000-inspection/pc1_CM4DULRwT.jpg!m_fill,w_280,h_210,f_jpg?from=ke.com
20240924,怀柔,怀柔,101124772029,新兴居精装修三居室双卫户型南北通透车位充足,320万,26968元/平,高楼层 (共6层) 3室2厅 | 118.66平米 | 南 北,https://ke-image.ljcdn.com/110000-inspection/2cdc7332-21f3-4734-9051-8cea79662f32_1000.jpg!m_fill,w_280,h_210,f_jpg?from=ke.com
20240924,怀柔,怀柔,101124744542,幸福东园2号院 中间楼层3室一厅 满五唯一,170万,16029元/平,中楼层 (共6层) 3室1厅 | 106.06平米 | 南 北,https://ke-image.ljcdn.com/110000-inspection/pc1_uuEb0ax2t_1.jpg!m_fill,w_280,h_210,f_jpg?from=ke.com
20240924,怀柔,怀柔,101124744139,于家园一区 满五唯一 中间楼层,200万,22317元/平,中楼层 (共6层) 2室2厅 | 89.62平米 | 东 西,https://ke-image.ljcdn.com/110000-inspection/ef9dd01f-e376-49f4-8253-bad668da44b1_1000.jpg!m_fill,w_280,h_210,f_jpg?from=ke.com
20240924,怀柔,怀柔,101124722423,顶秀A区精装修三居室全明格局把边户顶层带隔层,320万,30687元/平,顶层 (共4层) | 2010年 | 3室1厅 | 104.28平米 | 南 北,https://ke-image.ljcdn.com/110000-inspection/pc1_d5Pdo9R8D.jpg!m_fill,w_280,h_210,f_jpg?from=ke.com
20240924,怀柔,怀柔,101124716529,万通龙山逸墅 联排别墅 靠谱卖,579万,18056元/平,底层 (共3层) | 2012年 | 4室2厅 | 320.68平米 | 南 北,https://ke-image.ljcdn.com/110000-inspection/pc1_eI3PNXBTS_1.jpg!m_fill,w_280,h_210,f_jpg?from=ke.com
20240924,怀柔,怀柔,101124714637,半山墅一期房价格比不错毛坯双拼西边户随时看。,750万,45878元/平,底层 (共3层) 4室1厅 | 163.48平米 | 南 北,https://ke-image.ljcdn.com/110000-inspection/8b3679b8-b1b2-46d6-911d-bf711fa30c55_1000.jpg!m_fill,w_280,h_210,f_jpg?from=ke.com
20240924,怀柔,怀柔,101124682271,本房满五年家庭唯一全新装修小区里主力户型,260万,29041元/平,底层 (共4层) | 2012年 | 2室1厅 | 89.53平米 | 南 北,https://ke-image.ljcdn.com/110000-inspection/pc1_UUMEIKfQB_1.jpg!m_fill,w_280,h_210,f_jpg?from=ke.com
20240924,怀柔,怀柔,101124665629,融城园北区边户两居室观景房可看水景和山景,175万,22119元/平,顶层 (共5层) | 2004年 | 2室2厅 | 79.12平米 | 东 西 北,https://ke-image.ljcdn.com/110000-inspection/272cece9-7d81-4b3b-a6e9-3d44ba9148e6_1000.jpg!m_fill,w_280,h_210,f_jpg?from=ke.com
20240924,怀柔,怀柔,101124644900,新贤家园 高层 正规两居 朝南户型 采光好 房龄新,265万,37382元/平,高楼层 (共11层) 2室1厅 | 70.89平米 | 南,https://ke-image.ljcdn.com/110000-inspection/275ae237-134f-4bbc-9acc-829eada0d4b0_1000.jpg!m_fill,w_280,h_210,f_jpg?from=ke.com
20240924,怀柔,怀柔,101124627894,汇都家园  南北通透   采光好  三室双卫,299万,30129元/平,高楼层 (共6层) 3室2厅 | 99.24平米 | 南 北,https://ke-image.ljcdn.com/110000-inspection/049d8d49-3498-4442-80f9-80e7999de05c_1000.jpg!m_fill,w_280,h_210,f_jpg?from=ke.com
20240924,怀柔,怀柔,101124622167,馥郁苑采光好格局好楼龄新,390万,28159元/平,中楼层 (共7层) 4室2厅 | 138.5平米 | 南 北,https://ke-image.ljcdn.com/110000-inspection/2167e2f4-cc8a-4160-adeb-a68fc99e12b8_1000.jpg!m_fill,w_280,h_210,f_jpg?from=ke.com
20240924,怀柔,怀柔,101124597203,万通龙山新新小镇精装双拼户型方正,940万,32281元/平,底层 (共3层) 5室3厅 | 291.2平米 | 南 北,https://ke-image.ljcdn.com/110000-inspection/d920e1b5-5616-4f5e-95e6-6811c1bb8cf5_1000.jpg!m_fill,w_280,h_210,f_jpg?from=ke.com
20240924,怀柔,怀柔,101124575775,新贤家园  南北通透   电梯房  诚意出售,288万,34537元/平,顶层 (共11层) 2室1厅 | 83.39平米 | 南 北,https://ke-image.ljcdn.com/110000-inspection/34d0f45a-fb94-4ab5-a8c2-c1e74364f8aa_1000.jpg!m_fill,w_280,h_210,f_jpg?from=ke.com
20240924,怀柔,怀柔,101124546441,泉河街道北园社区 3室1厅 南 北,175万,24162元/平,顶层 (共6层) 3室1厅 | 72.43平米 | 南 北,https://ke-image.ljcdn.com/110000-inspection/pc1_bOcl9GwcB_1.jpg!m_fill,w_280,h_210,f_jpg?from=ke.com
20240924,怀柔,怀柔,101124538378,欧郡香水城风情园独栋精装别墅自住看房提前约。房主自荐,898万,27268元/平,底层 (共2层) | 2008年 | 4室2厅 | 329.33平米 | 南 北,https://ke-image.ljcdn.com/110000-inspection/6d27a6a1-9842-422e-a247-2ba76a476a28_1000.jpg!m_fill,w_280,h_210,f_jpg?from=ke.com
20240924,怀柔,怀柔,101124530794,龙山御景 3室2厅 南 北,490万,36437元/平,低楼层 (共26层) | 2014年 | 3室2厅 | 134.48平米 | 南 北,https://ke-image.ljcdn.com/110000-inspection/4a776688-4887-4b45-ad91-537b701c0412_1000.jpg!m_fill,w_280,h_210,f_jpg?from=ke.com
20240924,怀柔,怀柔,101124519513,望博苑 东园南区 精装优质三居 采光视野俱佳,185万,23603元/平,顶层 (共6层) 3室1厅 | 78.38平米 | 南 北,https://ke-image.ljcdn.com/110000-inspection/06f85be8-3fee-4baa-8d03-c3b546d18184_1000.jpg!m_fill,w_280,h_210,f_jpg?from=ke.com
20240924,怀柔,怀柔,101124502883,怡安园小区 3室3厅 南 北,175万,15753元/平,顶层 (共6层) 3室3厅 | 111.09平米 | 南 北,https://ke-image.ljcdn.com/110000-inspection/86a81298-2c36-4ac7-8e70-e20d2506be7c_1000.jpg!m_fill,w_280,h_210,f_jpg?from=ke.com
20240924,怀柔,怀柔,101124498396,家天下   大三居室   3室两厅2卫生间,380万,31328元/平,低楼层 (共6层) 3室1厅 | 121.3平米 | 南 北,https://ke-image.ljcdn.com/110000-inspection/pc1_tw9kPN8kQ.jpg!m_fill,w_280,h_210,f_jpg?from=ke.com
20240924,怀柔,怀柔,101124494068,电梯房 三居室 中间楼层 停车方便 怀柔医院旁边,169万,17949元/平,中楼层 (共11层) 3室1厅 | 94.16平米 | 南 北,https://ke-image.ljcdn.com/110000-inspection/pc1_FNnBvQBxD.jpg!m_fill,w_280,h_210,f_jpg?from=ke.com
20240924,怀柔,怀柔,101124481435,康馨家园 2室2厅 南 北,253万,32883元/平,顶层 (共6层) 2室2厅 | 76.94平米 | 南 北,https://ke-image.ljcdn.com/110000-inspection/27a9e8de-3d6e-471d-a303-024095f279f7_1000.jpg!m_fill,w_280,h_210,f_jpg?from=ke.com
20240924,怀柔,怀柔,101124479862,乐红园满五唯一三室两厅采光好。,293万,19775元/平,顶层 (共6层) 3室2厅 | 148.17平米 | 南 北,https://ke-image.ljcdn.com/110000-inspection/64e5bfca-b013-40aa-8377-f222c60cb049_1000.jpg!m_fill,w_280,h_210,f_jpg?from=ke.com
20240924,怀柔,怀柔,101124463897,万通龙山新新小镇联排别墅边户业主诚意出售,620万,25224元/平,底层 (共2层) 4室1厅 | 245.8平米 | 南 北,https://ke-image.ljcdn.com/110000-inspection/8f98f13d-a773-4af9-9a70-5a1eb4bbc9f4_1000.jpg!m_fill,w_280,h_210,f_jpg?from=ke.com
20240924,怀柔,怀柔,101124460399,万通龙山新新小镇联排边户看房方便业主诚意出售,550万,18848元/平,底层 (共3层) 5室2厅 | 291.81平米 | 南 北,https://ke-image.ljcdn.com/110000-inspection/pc1_DlidijaKN.jpg!m_fill,w_280,h_210,f_jpg?from=ke.com
20240924,怀柔,怀柔,101124459459,万通龙山新新小镇精装独栋别墅急售看房方便诚意出售,860万,25470元/平,底层 (共3层) 5室2厅 | 337.66平米 | 南 北,https://ke-image.ljcdn.com/110000-inspection/5f454b8f-ba91-436a-b263-9529fab3b3ba_1000.jpg!m_fill,w_280,h_210,f_jpg?from=ke.com
20240924,怀柔,怀柔,101124438978,青春苑西区   三居室   3层,380万,29779元/平,中楼层 (共6层) 3室2厅 | 127.61平米 | 南 北,https://ke-image.ljcdn.com/110000-inspection/08b06b6a-2dd5-48c0-afae-4de167e52d4e_1000.jpg!m_fill,w_280,h_210,f_jpg?from=ke.com
20240924,怀柔,怀柔,101124438568,天韵家园顶层复式南北通透采光充足,400万,26292元/平,顶层 (共6层) | 2004年 | 3室1厅 | 152.14平米 | 南 北,https://ke-image.ljcdn.com/110000-inspection/1b850a09-9ab8-4627-9828-6136e8c4579b_1000.jpg!m_fill,w_280,h_210,f_jpg?from=ke.com
20240924,怀柔,怀柔,101124438237,世嘉光织谷东区跃层花园式洋房,680万,35675元/平,底层 (共4层) | 2013年 | 4室3厅 | 190.61平米 | 南 北,https://ke-image.ljcdn.com/110000-inspection/f0e673eb-8618-4899-adba-11d594792191_1000.jpg!m_fill,w_280,h_210,f_jpg?from=ke.com
20240924,怀柔,怀柔,101124429747,此房南北通透格局视野宽阔采光充足,181万,23819元/平,顶层 (共6层) | 2009年 | 2室1厅 | 75.99平米 | 南 北,https://ke-image.ljcdn.com/110000-inspection/27bac1d0-1df6-4952-9e20-2f214e0a138c_1000.jpg!m_fill,w_280,h_210,f_jpg?from=ke.com
20240924,怀柔,怀柔,101124420624,南北通透 采光充足 价格合适,210万,12060元/平,顶层 (共5层) | 2005年 | 4室3厅 | 174.13平米 | 南 北,https://ke-image.ljcdn.com/110000-inspection/dc277b6a-c403-4619-a8b3-906f5f71a962_1000.jpg!m_fill,w_280,h_210,f_jpg?from=ke.com
20240924,怀柔,怀柔,101124418335,幸福东园2号院 南北通透户型方正业主急售,151万,16013元/平,顶层 (共6层) 2室1厅 | 94.3平米 | 南 北,https://ke-image.ljcdn.com/110000-inspection/pc1_nKWWPZaOn_2.jpg!m_fill,w_280,h_210,f_jpg?from=ke.com
20240924,怀柔,怀柔,101124418332,湖光山舍双拼西边户三面景观精装修,898万,41005元/平,底层 (共2层) 3室2厅 | 219平米 | 南 西 北,https://ke-image.ljcdn.com/110000-inspection/pc1_ptVznEuFI.jpg!m_fill,w_280,h_210,f_jpg?from=ke.com
20240924,怀柔,怀柔,101124393300,万通龙山新新小镇  德园独栋别墅 精装修保持好,650万,32196元/平,底层 (共2层) | 2007年 | 7室1厅 | 201.89平米 | 南 北,https://ke-image.ljcdn.com/110000-inspection/pc1_2zJMHISvy_1.jpg!m_fill,w_280,h_210,f_jpg?from=ke.com
20240924,怀柔,怀柔,101124374706,幸福东园2号院把边全明户型南北通透3居室,155万,15494元/平,高楼层 (共6层) 3室1厅 | 100.04平米 | 南 北,https://ke-image.ljcdn.com/110000-inspection/pc1_L3HP6Etak_1.jpg!m_fill,w_280,h_210,f_jpg?from=ke.com
20240924,怀柔,怀柔,101124367937,馥郁苑 品质社区 中间层 三居室 采光充足,355万,32026元/平,中楼层 (共6层) 3室2厅 | 110.85平米 | 南 北,https://ke-image.ljcdn.com/110000-inspection/2df04051-58ab-4e71-932c-8a3ab56b38ba_1000.jpg!m_fill,w_280,h_210,f_jpg?from=ke.com
20240924,怀柔,怀柔,101124357752,影都 电影学院 梦想家园东区 电梯 三居室,238万,23130元/平,中楼层 (共15层) 3室2厅 | 102.9平米 | 南 北,https://ke-image.ljcdn.com/110000-inspection/pc1_FS9lwtdS7_1.jpg!m_fill,w_280,h_210,f_jpg?from=ke.com
20240924,怀柔,怀柔,101124347084,华欣湾小区A区封闭式小区环境安静电梯直达.,186万,13996元/平,低楼层 (共9层) | 2014年 | 3室2厅 | 132.9平米 | 南 西,https://ke-image.ljcdn.com/110000-inspection/51986c6e-c72a-4927-811d-7807f6abe77d_1000.jpg!m_fill,w_280,h_210,f_jpg?from=ke.com
20240924,怀柔,怀柔,101124342985,梦想家园西区电梯房南北通透拎包入住,166万,18792元/平,低楼层 (共15层) | 2014年 | 2室2厅 | 88.34平米 | 南 北,https://ke-image.ljcdn.com/110000-inspection/pc1_t3Upv080L.jpg!m_fill,w_280,h_210,f_jpg?from=ke.com
20240924,怀柔,怀柔,101124335821,封闭式小区人车分流环境安静电梯直达.,168万,15585元/平,低楼层 (共11层) 3室1厅 | 107.8平米 | 南,https://ke-image.ljcdn.com/110000-inspection/981a6a1e-0cec-454c-9435-8319803bfb2b_1000.jpg!m_fill,w_280,h_210,f_jpg?from=ke.com
20240924,怀柔,怀柔,101124310306,金善名居  精装修  楼上有卧室和独立的卫生间。,178万,21168元/平,顶层 (共6层) | 2009年 | 2室1厅 | 84.09平米 | 南 北,https://ke-image.ljcdn.com/110000-inspection/8adb5515-7114-4ae7-b793-3c1b9af9f2c3_1000.jpg!m_fill,w_280,h_210,f_jpg?from=ke.com
20240924,怀柔,怀柔,101124301463,怡安园小区 满五年唯一 南北通透三居室,135万,18621元/平,顶层 (共6层) 3室1厅 | 72.5平米 | 南 北,https://ke-image.ljcdn.com/110000-inspection/d72296b3-7bbc-4413-86a8-25ecf90d6945_1000.jpg!m_fill,w_280,h_210,f_jpg?from=ke.com
20240924,怀柔,怀柔,101124300467,美丽家园 满五唯一 南北通透 采光视野好,239万,26377元/平,高楼层 (共6层) | 2002年 | 2室1厅 | 90.61平米 | 南 北,https://ke-image.ljcdn.com/110000-inspection/126e50c2-454d-4d3e-a567-503795812879_1000.jpg!m_fill,w_280,h_210,f_jpg?from=ke.com
20240924,怀柔,怀柔,101124291057,东关二区南北通透三居室全明格局,225万,27440元/平,底层 (共6层) 3室1厅 | 82平米 | 南 北,https://ke-image.ljcdn.com/110000-inspection/pc1_m0R3QqB7B.jpg!m_fill,w_280,h_210,f_jpg?from=ke.com
20240924,怀柔,怀柔,101124257936,梦想家园西区 2室2厅 南 北,190万,21574元/平,中楼层 (共15层) | 2014年 | 2室2厅 | 88.07平米 | 南 北,https://ke-image.ljcdn.com/110000-inspection/8bb80b1e-5cd4-4829-97d7-9f3238a1154c_1000.jpg!m_fill,w_280,h_210,f_jpg?from=ke.com
20240924,怀柔,怀柔,101124255032,金泰苑小区北大街1号院2-1-1-1 71.88㎡,175万,24347元/平,底层 (共6层) 2室1厅 | 71.88平米 | 南 北,https://ke-image.ljcdn.com/110000-inspection/pc1_fvsgaIe9q_1.jpg!m_fill,w_280,h_210,f_jpg?from=ke.com
20240924,怀柔,怀柔,101124245517,于家园二区南院高楼层南北通透把边户型,198万,22684元/平,顶层 (共6层) 3室1厅 | 87.29平米 | 南 北,https://ke-image.ljcdn.com/110000-inspection/pc1_YMZXMZoUp_1.jpg!m_fill,w_280,h_210,f_jpg?from=ke.com
20240924,怀柔,怀柔,101124245288,视野好采光充足配套设施齐全交通便,126万,23010元/平,中楼层 (共6层) 2室1厅 | 54.76平米 | 南,https://ke-image.ljcdn.com/110000-inspection/pc1_hj5k0xcKH_1.jpg!m_fill,w_280,h_210,f_jpg?from=ke.com
20240924,怀柔,怀柔,101124240557,迎宾中路甲27号 3室1厅 东 西,299万,18424元/平,中楼层 (共4层) | 2000年 | 3室1厅 | 162.29平米 | 东 西,https://ke-image.ljcdn.com/110000-inspection/3fc9e0d4-669b-4c8a-851c-6308abf23a05_1000.jpg!m_fill,w_280,h_210,f_jpg?from=ke.com
20240924,怀柔,怀柔,101124234937,万通龙山新新小镇14出口下既是,580万,32697元/平,底层 (共3层) | 2001年 | 4室1厅 | 177.39平米 | 南 北,https://ke-image.ljcdn.com/110000-inspection/e84214e5-a964-45cc-a993-17fea42125b2_1000.jpg!m_fill,w_280,h_210,f_jpg?from=ke.com
20240924,怀柔,怀柔,101124234833,万通龙山新新小镇独栋别墅全屋地暖自住房优质,770万,28504元/平,底层 (共2层) 5室3厅 | 270.14平米 | 南 北,https://ke-image.ljcdn.com/110000-inspection/b66d0e01-38b4-4240-9d74-d4f1a1a9778c_1000.jpg!m_fill,w_280,h_210,f_jpg?from=ke.com
20240924,怀柔,怀柔,101124232200,湖光小区 2室1厅 南 北,135万,24108元/平,中楼层 (共5层) 2室1厅 | 56平米 | 南 北,https://ke-image.ljcdn.com/110000-inspection/pc1_xSc8hVp68.jpg!m_fill,w_280,h_210,f_jpg?from=ke.com
20240924,怀柔,怀柔,101124222065,万通龙山新新小镇双拼别墅看房方便业主诚意出售,520万,20438元/平,底层 (共2层) 4室3厅 | 254.43平米 | 西南 北,https://ke-image.ljcdn.com/110000-inspection/pc1_rLA61cvrv.jpg!m_fill,w_280,h_210,f_jpg?from=ke.com
20240924,怀柔,怀柔,101124222633,链家优质好房 顶秀A区二层 精装修 满五唯一,248万,27185元/平,中楼层 (共4层) | 2010年 | 2室1厅 | 91.23平米 | 南 北,https://ke-image.ljcdn.com/110000-inspection/cd710913-db7f-423d-855c-310c5f169397_1000.jpg!m_fill,w_280,h_210,f_jpg?from=ke.com
20240924,怀柔,怀柔,101124222455,红螺湖独栋 院大精装修拎包住自住看房随时。,1620万,41038元/平,底层 (共2层) | 2007年 | 5室5厅 | 394.76平米 | 南 北,https://ke-image.ljcdn.com/110000-inspection/5f045f62-dbad-4c60-97be-cd014359abcf_1000.jpg!m_fill,w_280,h_210,f_jpg?from=ke.com
20240924,怀柔,怀柔,101124222195,青春苑西区此房南北通透大四居顶层复式采光充足,400万,25529元/平,顶层 (共6层) | 2000年 | 4室3厅 | 156.69平米 | 南 北,https://ke-image.ljcdn.com/110000-inspection/pc1_Z6OS64qnf_1.jpg!m_fill,w_280,h_210,f_jpg?from=ke.com
20240924,怀柔,怀柔,101124201408,府前观邸 4室2厅 南 北,580万,33397元/平,高楼层 (共12层) 4室2厅 | 173.67平米 | 南 北,https://ke-image.ljcdn.com/110000-inspection/pc1_sdRA5rO2U_1.jpg!m_fill,w_280,h_210,f_jpg?from=ke.com
20240924,怀柔,怀柔,101124196070,新兴居3室1厅1厨1卫 看房方便,280万,23812元/平,高楼层 (共7层) 3室1厅 | 117.59平米 | 南 北,https://ke-image.ljcdn.com/110000-inspection/41b83b52-1731-49f8-8aac-99e91645c7b4_1000.jpg!m_fill,w_280,h_210,f_jpg?from=ke.com
20240924,怀柔,怀柔,101124191746,府前东街 精装修 南北通透 3室1厅 看房方便,216万,27095元/平,中楼层 (共6层) | 1991年 | 3室1厅 | 79.72平米 | 南 北,https://ke-image.ljcdn.com/110000-inspection/pc1_Dim5wLagN_1.jpg!m_fill,w_280,h_210,f_jpg?from=ke.com
20240924,怀柔,怀柔,101124183674,影人峰汇的精装修大两居电梯房。,195万,15458元/平,低楼层 (共16层) 2室2厅 | 126.15平米 | 南 北,https://ke-image.ljcdn.com/110000-inspection/4f9ddc6a-0361-4fdc-a8ec-4222ba100ef5_1000.jpg!m_fill,w_280,h_210,f_jpg?from=ke.com
20240924,怀柔,怀柔,101124174666,2001年大三居精装修城区配套户型方正双卧朝南,259万,24571元/平,高楼层 (共6层) 3室2厅 | 105.41平米 | 北,https://ke-image.ljcdn.com/110000-inspection/3893d17d-26d3-45f4-9541-1f64e9a7ecc0_1000.jpg!m_fill,w_280,h_210,f_jpg?from=ke.com
20240924,怀柔,怀柔,101124170345,欧郡香水城 双拼优质别墅  看房有钥匙,600万,19736元/平,底层 (共2层) 4室3厅 | 304.02平米 | 南 北,https://ke-image.ljcdn.com/110000-inspection/828f4c65-106d-41aa-859a-2f0c4fb53d75_1000.jpg!m_fill,w_280,h_210,f_jpg?from=ke.com
20240924,怀柔,怀柔,101124167986,于家园三区中间楼层满五唯一,220万,26067元/平,中楼层 (共6层) | 1993年 | 2室2厅 | 84.4平米 | 南 北,https://ke-image.ljcdn.com/110000-inspection/pc1_e4Fp0uGL1_1.jpg!m_fill,w_280,h_210,f_jpg?from=ke.com
20240924,怀柔,怀柔,101124157488,新兴居 东西通透 满五唯一 交通便利,225万,23389元/平,高楼层 (共6层) 2室2厅 | 96.2平米 | 东 西,https://ke-image.ljcdn.com/110000-inspection/dda60408-f753-4170-9c2d-4d4b61d9da09_1000.jpg!m_fill,w_280,h_210,f_jpg?from=ke.com
20240924,怀柔,怀柔,101124155147,世嘉光织谷西区   电梯房    南北通透 采光好,456万,29861元/平,高楼层 (共7层) | 2012年 | 4室3厅 | 152.71平米 | 南 北,https://ke-image.ljcdn.com/110000-inspection/d36ff6bd-fd8f-49fb-b423-d4384e9038ad_1000.jpg!m_fill,w_280,h_210,f_jpg?from=ke.com
20240924,怀柔,怀柔,101124145400,天恒半山世家 新装独栋 挑空客厅 宽敞明亮,1680万,55129元/平,底层 (共2层) 5室2厅 | 304.74平米 | 南 北,https://ke-image.ljcdn.com/110000-inspection/c3d97f29-ec31-415f-8728-5c1d13842a97_1000.jpg!m_fill,w_280,h_210,f_jpg?from=ke.com
20240924,怀柔,怀柔,101124144084,龙山御景 顶层观景复式 可观水库全景,1688万,55106元/平,高楼层 (共25层) 7室4厅 | 306.32平米 | 南,https://ke-image.ljcdn.com/110000-inspection/b9095ef9-34d2-4cbb-8b2c-fd97e02e4580_1000.jpg!m_fill,w_280,h_210,f_jpg?from=ke.com
20240924,怀柔,怀柔,101124136141,此房户型方正无浪费面积双卫生间诚心出售,270万,21219元/平,高楼层 (共6层) | 1995年 | 3室2厅 | 127.25平米 | 南 北,https://ke-image.ljcdn.com/110000-inspection/pc1_YrsZqoP1F_1.jpg!m_fill,w_280,h_210,f_jpg?from=ke.com
20240924,怀柔,怀柔,101124128174,安乐馨居纯南户型电梯房采光好,145万,18119元/平,高楼层 (共17层) 2室1厅 | 80.03平米 | 南,https://ke-image.ljcdn.com/110000-inspection/00d09077-2a78-4228-a268-fcd20e37c4f3_1000.jpg!m_fill,w_280,h_210,f_jpg?from=ke.com
20240924,怀柔,怀柔,101124113477,钓鱼台小区 3室3厅 南 北,425万,26904元/平,高楼层 (共6层) | 2006年 | 3室3厅 | 157.97平米 | 南 北,https://ke-image.ljcdn.com/110000-inspection/pc1_AwP9AHZow_1.jpg!m_fill,w_280,h_210,f_jpg?from=ke.com
20240924,怀柔,怀柔,101124080867,此房满五年唯一南北通透格局好顶层距离公园近,300万,32141元/平,中楼层 (共6层) 3室2厅 | 93.34平米 | 南 北,https://ke-image.ljcdn.com/110000-inspection/pc1_kYuib7Rq8.jpg!m_fill,w_280,h_210,f_jpg?from=ke.com
20240924,怀柔,怀柔,101124045802,富乐小区南里 诚意出售 带10平米地下室（带窗户）,310万,26245元/平,高楼层 (共6层) 3室2厅 | 118.12平米 | 南 西 北,https://ke-image.ljcdn.com/110000-inspection/pc1_dJkUkfiYO_1.jpg!m_fill,w_280,h_210,f_jpg?from=ke.com
20240924,怀柔,怀柔,101124031985,万通龙山新新小镇独栋看房方便业主诚意出售,980万,25535元/平,底层 (共2层) 5室3厅 | 383.8平米 | 南 北,https://ke-image.ljcdn.com/110000-inspection/pc1_L3vMa7YfP_1.jpg!m_fill,w_280,h_210,f_jpg?from=ke.com
20240924,怀柔,怀柔,101123999210,天恒半山世家独栋别墅看房方便业主诚意出售,1080万,55482元/平,底层 (共3层) 4室2厅 | 194.66平米 | 南 北,https://ke-image.ljcdn.com/110000-inspection/6284aa41-d738-4ada-8a7a-d1ffb7ace41d_1000.jpg!m_fill,w_280,h_210,f_jpg?from=ke.com
20240924,怀柔,怀柔,101123984829,万通龙山新新小镇 面宽20米 独栋东边户 大院,998万,39637元/平,底层 (共2层) 5室2厅 | 251.79平米 | 南 北,https://ke-image.ljcdn.com/110000-inspection/da4c65e8-fadb-458c-a9bb-2f66fc898ed4_1000.jpg!m_fill,w_280,h_210,f_jpg?from=ke.com
20240924,怀柔,怀柔,101123981953,万通龙山新新小镇大院独栋 全屋地暖 大面宽采光好,818万,24226元/平,底层 (共3层) 4室2厅 | 337.66平米 | 南 北,https://ke-image.ljcdn.com/110000-inspection/pc1_pvqCioTJk.jpg!m_fill,w_280,h_210,f_jpg?from=ke.com
20240924,怀柔,怀柔,101123964553,开利园小区 户型方正 中间楼层,129万,23298元/平,中楼层 (共4层) 1室1厅 | 55.37平米 | 东,https://ke-image.ljcdn.com/110000-inspection/7bad3a2d-cd76-4f6c-a908-73290a9f1444_1000.jpg!m_fill,w_280,h_210,f_jpg?from=ke.com
20240924,怀柔,怀柔,101123954688,世嘉光织谷东区 4室3厅 南 北,570万,29478元/平,中楼层 (共5层) 4室3厅 | 193.37平米 | 南 北,https://ke-image.ljcdn.com/110000-inspection/b464fc32-90ae-4a57-bdf4-f3546e9227cf_1000.jpg!m_fill,w_280,h_210,f_jpg?from=ke.com
20240924,怀柔,怀柔,101123941069,青春苑西区满五可以配合唯一视野好,275万,19322元/平,顶层 (共6层) | 2000年 | 4室2厅 | 142.33平米 | 南 北,https://ke-image.ljcdn.com/110000-inspection/447d889c-b97f-4f1f-a8c1-665165540edc_1000.jpg!m_fill,w_280,h_210,f_jpg?from=ke.com
20240924,怀柔,怀柔,101123906280,金善名居小区  三居室  业主诚意出售  看房方便,218万,20035元/平,顶层 (共6层) 2室3厅 | 108.81平米 | 南 北,https://ke-image.ljcdn.com/110000-inspection/11be1733-ed73-4d1d-ade3-1d474907d43a_1000.jpg!m_fill,w_280,h_210,f_jpg?from=ke.com
20240924,怀柔,怀柔,101123846365,龙山御景 精装修 视野开阔 南北通透,860万,47300元/平,低楼层 (共24层) 4室2厅 | 181.82平米 | 南 北,https://ke-image.ljcdn.com/110000-inspection/pc1_mHHRnclgI_1.jpg!m_fill,w_280,h_210,f_jpg?from=ke.com
20240924,怀柔,怀柔,101123842205,六环外 16年独栋别墅现代风建筑邻景区。房主自荐,3980万,92978元/平,底层 (共2层) | 2011年 | 5室2厅 | 428.06平米 | 南 北,https://ke-image.ljcdn.com/110000-inspection/27d532e9-dd6a-483a-8a37-95351348b8aa_1000.jpg!m_fill,w_280,h_210,f_jpg?from=ke.com
20240924,怀柔,怀柔,101123835043,龙山新新小镇独栋精装急售带100平院落采光好,618万,25951元/平,底层 (共3层) 3室5厅 | 238.15平米 | 南 北,https://ke-image.ljcdn.com/110000-inspection/e173ae6d-9518-4862-8a3d-341b1485e3af_1000.jpg!m_fill,w_280,h_210,f_jpg?from=ke.com
20240924,怀柔,怀柔,101123827862,精装独栋都是博洛尼装修地暖年六千房子特干净。,900万,26166元/平,底层 (共2层) 4室2厅 | 343.97平米 | 南 北,https://ke-image.ljcdn.com/110000-inspection/0bb493fd-5c6f-4ccf-a508-ebcb99bc0189_1000.jpg!m_fill,w_280,h_210,f_jpg?from=ke.com
20240924,怀柔,怀柔,101123803884,金台园业主着急出售 房子保持的很好,335万,28027元/平,顶层 (共6层) | 2002年 | 3室1厅 | 119.53平米 | 北 南,https://ke-image.ljcdn.com/110000-inspection/pc1_WEOTKCjDh.jpg!m_fill,w_280,h_210,f_jpg?from=ke.com
20240924,怀柔,怀柔,101123791642,业主换房、满五唯一、诚心出售、看房方便,230万,23909元/平,顶层 (共6层) 2室2厅 | 96.2平米 | 东 西,https://ke-image.ljcdn.com/110000-inspection/51292743-c631-4299-83a4-d7f51858557d_1000.jpg!m_fill,w_280,h_210,f_jpg?from=ke.com
20240924,怀柔,怀柔,101123778820,府前观邸 三室双卫   南北通透  采光好,530万,37586元/平,高楼层 (共12层) 3室1厅 | 141.01平米 | 南 北,https://ke-image.ljcdn.com/110000-inspection/3c75ddab-7aa3-47db-8962-cc2cccf3b2f2_1000.jpg!m_fill,w_280,h_210,f_jpg?from=ke.com
20240924,怀柔,怀柔,101123772555,万通龙山新新小镇独栋看房需要提前联系诚意出售,1250万,27301元/平,底层 (共2层) | 2009年 | 6室2厅 | 457.86平米 | 南 北,https://ke-image.ljcdn.com/110000-inspection/pc1_ASHUpnOH4_1.jpg!m_fill,w_280,h_210,f_jpg?from=ke.com
20240924,怀柔,怀柔,101123764794,天恒半山世家独栋别墅看房方便有钥匙业主急售,1376万,45991元/平,底层 (共2层) 5室2厅 | 299.19平米 | 南 北,https://ke-image.ljcdn.com/110000-inspection/2e027bfa-c0f7-4f05-81d3-4073775f181a_1000.jpg!m_fill,w_280,h_210,f_jpg?from=ke.com
20240924,怀柔,怀柔,101123757194,怀柔城区青春路户型方正采光通透,270万,20821元/平,高楼层 (共6层) 3室1厅 | 129.68平米 | 北 南,https://ke-image.ljcdn.com/110000-inspection/pc1_M38A4eH4d_1.jpg!m_fill,w_280,h_210,f_jpg?from=ke.com
20240924,怀柔,怀柔,101123752135,青春路七院    朝南户型 采光好 无遮挡,140万,22223元/平,中楼层 (共5层) 2室1厅 | 63平米 | 南,https://ke-image.ljcdn.com/110000-inspection/5f607991-2df7-4fd0-830c-8fe37d7b21ac_1000.jpg!m_fill,w_280,h_210,f_jpg?from=ke.com
20240924,怀柔,怀柔,101123742203,府前东街九院  健身楼层全明格局 精装修,260万,25758元/平,顶层 (共5层) 3室2厅 | 100.94平米 | 南 西 北,https://ke-image.ljcdn.com/110000-inspection/90e4e57c-3f30-4a49-a6e1-17363a87c200_1000.jpg!m_fill,w_280,h_210,f_jpg?from=ke.com
20240924,怀柔,怀柔,101123738740,龙祥小区户型好采光好随时签约满五年唯一,250万,29316元/平,低楼层 (共6层) 2室2厅 | 85.28平米 | 南 北,https://ke-image.ljcdn.com/110000-inspection/pc1_e51RTe2Vv_1.jpg!m_fill,w_280,h_210,f_jpg?from=ke.com
20240924,怀柔,怀柔,101123730281,万通龙山新新小镇精装修双拼别墅看房方便价格可谈,530万,20831元/平,底层 (共2层) 5室2厅 | 254.43平米 | 南 北,https://ke-image.ljcdn.com/110000-inspection/8881fff7-e4d2-4ff6-8b8d-19c7f6647198_1000.jpg!m_fill,w_280,h_210,f_jpg?from=ke.com
20240924,怀柔,怀柔,101123727735,青春路一院 南北通透 三居室  随时看房,228万,24631元/平,顶层 (共6层) 3室1厅 | 92.57平米 | 南 北,https://ke-image.ljcdn.com/110000-inspection/pc1_H5IAs8DIK_1.jpg!m_fill,w_280,h_210,f_jpg?from=ke.com
20240924,怀柔,怀柔,101123681508,满五唯一此房南北通透客厅通阳台 通风效果好,145万,24163元/平,高楼层 (共6层) 2室1厅 | 60.01平米 | 南 北,https://ke-image.ljcdn.com/110000-inspection/28ec3c35-fe64-47c8-a74c-a7700e3f0b38_1000.jpg!m_fill,w_280,h_210,f_jpg?from=ke.com
20240924,怀柔,怀柔,101123672547,湖光小区新上中间楼层精装修2居室,280万,32114元/平,中楼层 (共6层) 2室1厅 | 87.19平米 | 南 北,https://ke-image.ljcdn.com/110000-inspection/pc1_3CowCl8SR_1.jpg!m_fill,w_280,h_210,f_jpg?from=ke.com
20240924,怀柔,怀柔,101123633406,府前东街 3室1厅 南 北,175万,26726元/平,中楼层 (共6层) 3室1厅 | 65.48平米 | 南 北,https://ke-image.ljcdn.com/110000-inspection/e0ef4b1b-534a-492c-a6f6-14106b7d2a27_1000.jpg!m_fill,w_280,h_210,f_jpg?from=ke.com
20240924,怀柔,怀柔,101123630187,杨家园小区 不临街小区中间采光好。诚意出售,195万,26953元/平,高楼层 (共6层) 3室1厅 | 72.35平米 | 南 北,https://ke-image.ljcdn.com/110000-inspection/pc1_4G8vQ5ftF_1.jpg!m_fill,w_280,h_210,f_jpg?from=ke.com
20240924,怀柔,怀柔,101123613877,丽湖馨居 电梯房 南北通透 看房方便 可随时签约,465万,35949元/平,低楼层 (共9层) | 2004年 | 3室2厅 | 129.35平米 | 南 北,https://ke-image.ljcdn.com/110000-inspection/d90be368-37e9-4458-b446-be19e0448bd0_1000.jpg!m_fill,w_280,h_210,f_jpg?from=ke.com
20240924,怀柔,怀柔,101123610135,成熟社区 南北通透户型方正采光好随时签约！,285万,31791元/平,中楼层 (共5层) 2室1厅 | 89.65平米 | 南 北,https://ke-image.ljcdn.com/110000-inspection/f28e2607-75a7-468b-a415-e3e519234cf7_1000.jpg!m_fill,w_280,h_210,f_jpg?from=ke.com
20240924,怀柔,怀柔,101123606426,精装修前后都没有遮挡采光和视野很好,319万,26447元/平,中楼层 (共6层) | 1999年 | 3室2厅 | 120.62平米 | 南 北,https://ke-image.ljcdn.com/110000-inspection/13ba5fd0-3f1e-412b-84a7-aacc745ad518_1000.jpg!m_fill,w_280,h_210,f_jpg?from=ke.com
20240924,怀柔,怀柔,101123584285,金台园 满五唯一  低楼层三居室   无遮挡采光好,265万,29182元/平,低楼层 (共6层) 3室1厅 | 90.81平米 | 南 北,https://ke-image.ljcdn.com/110000-inspection/0a4dc107-98da-45b9-adf0-78c319150f06_1000.jpg!m_fill,w_280,h_210,f_jpg?from=ke.com
20240924,怀柔,怀柔,101123583509,金善名居 2室1厅 南 北,175万,23030元/平,顶层 (共6层) | 2009年 | 2室1厅 | 75.99平米 | 南 北,https://ke-image.ljcdn.com/110000-inspection/3a714294-9ba7-4b12-a609-1131b9a6f471_1000.jpg!m_fill,w_280,h_210,f_jpg?from=ke.com
20240924,怀柔,怀柔,101123559193,世嘉光织一层的小户型沐浴阳光温馨舒适,210万,27786元/平,底层 (共6层) | 2012年 | 1室1厅 | 75.58平米 | 南,https://ke-image.ljcdn.com/110000-inspection/pc1_HM9wKvOyU.jpg!m_fill,w_280,h_210,f_jpg?from=ke.com
20240924,怀柔,怀柔,101123558033,雁栖一品园B区 看房提前联系业主随时可以,189万,31522元/平,高楼层 (共14层) 1室1厅 | 59.96平米 | 南,https://ke-image.ljcdn.com/110000-inspection/01a986fa-2d00-41ad-b04f-9bb81f1e1c52_1000.jpg!m_fill,w_280,h_210,f_jpg?from=ke.com
20240924,怀柔,怀柔,101123551754,顶秀美泉带二楼 满五唯一南北通透精装修 拎包入住,360万,30873元/平,顶层 (共4层) 3室2厅 | 116.61平米 | 南 北,https://ke-image.ljcdn.com/110000-inspection/pc1_Zb13ZX313.jpg!m_fill,w_280,h_210,f_jpg?from=ke.com
20240924,怀柔,怀柔,101123528638,万通龙山新新小镇景观双拼西边户通透性好户型方正,580万,24357元/平,底层 (共3层) | 2002年 | 4室2厅 | 238.13平米 | 东南,https://ke-image.ljcdn.com/110000-inspection/pc1_l1417myk7.jpg!m_fill,w_280,h_210,f_jpg?from=ke.com
20240924,怀柔,怀柔,101123498489,馥郁苑三阳卧室中间层精装修楼龄新位置好,295万,26941元/平,中楼层 (共6层) 3室2厅 | 109.5平米 | 南 北,https://ke-image.ljcdn.com/110000-inspection/e049e885-a60d-4c62-99b9-05629560bb2d_1000.jpg!m_fill,w_280,h_210,f_jpg?from=ke.com
20240924,怀柔,怀柔,101123490504,世嘉光织谷西区相当于满五唯一顶层多一层,350万,33066元/平,顶层 (共6层) 4室1厅 | 105.85平米 | 南 北,https://ke-image.ljcdn.com/110000-inspection/7a3c7426-366e-468f-93f7-364a382b9909_1000.jpg!m_fill,w_280,h_210,f_jpg?from=ke.com
20240924,怀柔,怀柔,101123468561,万通龙山新新小镇徽派建筑苏式园看房方便业主诚意出售,1590万,29385元/平,底层 (共2层) 6室4厅 | 541.11平米 | 北 南,https://ke-image.ljcdn.com/110000-inspection/3159b5e9-67ce-45ca-8f75-8359a1cfd1fa_1000.jpg!m_fill,w_280,h_210,f_jpg?from=ke.com
20240924,怀柔,怀柔,101123466275,漪澜鑫筑怀柔水库旁诚意出售单价低不临街。,242万,19935元/平,底层 (共24层) | 2001年 | 3室2厅 | 121.4平米 | 东 北,https://ke-image.ljcdn.com/110000-inspection/18f79f31-7f83-4ba9-ae93-03fcfbe7d557_1000.jpg!m_fill,w_280,h_210,f_jpg?from=ke.com
20240924,怀柔,怀柔,101123460904,满五唯一南北通透格局楼层好采光充足,195万,20910元/平,高楼层 (共7层) 3室1厅 | 93.26平米 | 南 北,https://ke-image.ljcdn.com/110000-inspection/pc1_6fnOXpbIZ_1.jpg!m_fill,w_280,h_210,f_jpg?from=ke.com
20240924,怀柔,怀柔,101123448154,万通龙山新新小镇德园门后停车方便看房随时,760万,46097元/平,底层 (共2层) | 2008年 | 4室2厅 | 164.87平米 | 南 北,https://ke-image.ljcdn.com/110000-inspection/208f3c8d-54fb-4549-92e9-3af843a8db06_1000.jpg!m_fill,w_280,h_210,f_jpg?from=ke.com
20240924,怀柔,怀柔,101123375634,塞班假日青春路61号精装修联排别墅,928万,28247元/平,底层 (共3层) 4室2厅 | 328.54平米 | 南 北,https://ke-image.ljcdn.com/110000-inspection/3d745fe0-6469-4894-b6b3-59872737d629_1000.jpg!m_fill,w_280,h_210,f_jpg?from=ke.com
20240924,怀柔,怀柔,101123316148,怀柔水库旁精装修电梯房漪澜鑫筑,315万,28815元/平,中楼层 (共24层) 2室2厅 | 109.32平米 | 南,https://ke-image.ljcdn.com/110000-inspection/pc1_kWeaBZuU3_1.jpg!m_fill,w_280,h_210,f_jpg?from=ke.com
20240924,怀柔,怀柔,101123304080,2013年电梯房社区南北通透把西边户满五唯一,284万,21972元/平,低楼层 (共6层) 3室2厅 | 129.26平米 | 南 西 北,https://ke-image.ljcdn.com/110000-inspection/b4296de4-87f4-4de1-bf02-728d52cb9fc0_1000.jpg!m_fill,w_280,h_210,f_jpg?from=ke.com
20240924,怀柔,怀柔,101123302803,世嘉光织谷东区 大平层复式 精装修 诚心出售,410万,25375元/平,高楼层 (共7层) 4室2厅 | 161.58平米 | 南 北,https://ke-image.ljcdn.com/110000-inspection/31693192-3b7e-4fd1-982e-49f5d39f66f0_1000.jpg!m_fill,w_280,h_210,f_jpg?from=ke.com
20240924,怀柔,怀柔,101123285791,益田影人四季花园一层大三居花园洋房适合一家人居住,456万,26948元/平,底层 (共8层) | 2012年 | 3室2厅 | 169.22平米 | 南 北,https://ke-image.ljcdn.com/110000-inspection/13beea77-627b-4aed-ad1b-41488106fa17_1000.jpg!m_fill,w_280,h_210,f_jpg?from=ke.com
20240924,怀柔,怀柔,101123275831,龙山御景 6室3厅 南 北,900万,32544元/平,顶层 (共25层) 6室3厅 | 276.55平米 | 南 北,https://ke-image.ljcdn.com/110000-inspection/c56d81ae-b78c-43ba-8d33-110a979b3d83_1000.jpg!m_fill,w_280,h_210,f_jpg?from=ke.com
20240924,怀柔,怀柔,101123274088,南北大两居 精装修  精装修  房龄新电梯洋房 房龄新,265万,29819元/平,中楼层 (共5层) | 2015年 | 2室1厅 | 88.87平米 | 南 北,https://ke-image.ljcdn.com/110000-inspection/f93582e7-60cc-4953-b572-c96ea06983ec_1000.jpg!m_fill,w_280,h_210,f_jpg?from=ke.com
20240924,怀柔,怀柔,101123266681,金台园  高楼层大三居 楼龄2002年 采光充足 双卧朝南,279万,23342元/平,顶层 (共6层) 3室1厅 | 119.53平米 | 南 北,https://ke-image.ljcdn.com/110000-inspection/fde38566-86ed-4f45-aebb-05ebc9b0daa7_1000.jpg!m_fill,w_280,h_210,f_jpg?from=ke.com
20240924,怀柔,怀柔,101123220860,滨河馨居 2室1厅 南 北,145万,20351元/平,中楼层 (共11层) 2室1厅 | 71.25平米 | 南 北,https://ke-image.ljcdn.com/110000-inspection/613aecf1-d629-4a51-8225-f1b5e2bf7efa_1000.jpg!m_fill,w_280,h_210,f_jpg?from=ke.com
20240924,怀柔,怀柔,101123208748,此房房主诚心出售看房方便随时可以签约,125万,25320元/平,中楼层 (共5层) 2室0厅 | 49.37平米 | 西南,https://ke-image.ljcdn.com/110000-inspection/b21b7d70-bf95-4c84-bc6c-da7d8a25e62e_1000.jpg!m_fill,w_280,h_210,f_jpg?from=ke.com
20240924,怀柔,怀柔,101123186807,青春路六院 电梯两居 全明格局,173万,27193元/平,低楼层 (共9层) 2室1厅 | 63.62平米 | 西 北,https://ke-image.ljcdn.com/110000-inspection/pc1_WlB5DbZho_1.jpg!m_fill,w_280,h_210,f_jpg?from=ke.com
20240924,怀柔,怀柔,101123126914,南大街35号院 3室2厅 南 北 西,650万,40572元/平,中楼层 (共6层) 3室2厅 | 160.21平米 | 南 北 西,https://ke-image.ljcdn.com/110000-inspection/6ac07f3c-0239-4a40-8145-f895207a6a4f_1000.jpg!m_fill,w_280,h_210,f_jpg?from=ke.com
20240924,怀柔,怀柔,101123122880,凤瑞二园 南北通透 视野开阔 采光好,200万,20000元/平,顶层 (共4层) | 2009年 | 2室1厅 | 100平米 | 南 北,https://ke-image.ljcdn.com/110000-inspection/pc1_uNHpxbZRt_1.jpg!m_fill,w_280,h_210,f_jpg?from=ke.com
20240924,怀柔,怀柔,101123122766,龙湖花园 5室2厅 南 北,410万,22585元/平,中楼层 (共6层) | 1995年 | 5室2厅 | 181.54平米 | 南 北,https://ke-image.ljcdn.com/110000-inspection/pc1_vVsvHPFKp_1.jpg!m_fill,w_280,h_210,f_jpg?from=ke.com
20240924,怀柔,怀柔,101123103089,迎宾中路  精装修 南北通透 采光好,278万,20881元/平,高楼层 (共6层) 3室2厅 | 133.14平米 | 南 北,https://ke-image.ljcdn.com/110000-inspection/d6a2b9c8-ec64-4d6c-a33c-7c18974a0244_1000.jpg!m_fill,w_280,h_210,f_jpg?from=ke.com
20240924,怀柔,怀柔,101123102128,东园北区 南北通透 采光充足 交通便利,260万,23968元/平,顶层 (共6层) | 2001年 | 3室2厅 | 108.48平米 | 南 北,https://ke-image.ljcdn.com/110000-inspection/pc1_vOC8dPS4F_1.jpg!m_fill,w_280,h_210,f_jpg?from=ke.com
20240924,怀柔,怀柔,101123102042,礼贤街 采光好 视野开阔 满五唯一,298万,28599元/平,顶层 (共6层) | 2003年 | 3室2厅 | 104.2平米 | 南 北,https://ke-image.ljcdn.com/110000-inspection/pc1_t4Sm64qvK_1.jpg!m_fill,w_280,h_210,f_jpg?from=ke.com
20240924,怀柔,怀柔,101123083083,融城园南区 南北通透采光好没遮挡,161万,19963元/平,高楼层 (共6层) 3室1厅 | 80.65平米 | 南 北,https://ke-image.ljcdn.com/110000-inspection/820debfd-0336-44b4-b7e8-8986aa3fd179_1000.jpg!m_fill,w_280,h_210,f_jpg?from=ke.com
20240924,怀柔,怀柔,101123080314,北大街1号院   南北通透  低楼层,260万,27634元/平,低楼层 (共6层) | 1995年 | 2室2厅 | 94.09平米 | 南 北,https://ke-image.ljcdn.com/110000-inspection/pc1_nz63iBqfb.jpg!m_fill,w_280,h_210,f_jpg?from=ke.com
20240924,怀柔,怀柔,101123077775,府前东街九院 满五唯一 南北通透,165万,24081元/平,底层 (共6层) 2室1厅 | 68.52平米 | 南 北,https://ke-image.ljcdn.com/110000-inspection/pc1_Fxoq5bnk4_1.jpg!m_fill,w_280,h_210,f_jpg?from=ke.com
20240924,怀柔,怀柔,101123077705,凤瑞二园 一层 精装修 满五唯一,205万,18441元/平,底层 (共6层) | 1996年 | 3室2厅 | 111.17平米 | 南 北,https://ke-image.ljcdn.com/110000-inspection/pc1_kJiogyTXy_1.jpg!m_fill,w_280,h_210,f_jpg?from=ke.com
20240924,怀柔,怀柔,101123071358,南华园三区   4层   看房子随时,185万,21891元/平,中楼层 (共6层) | 2002年 | 3室1厅 | 84.51平米 | 南 北,https://ke-image.ljcdn.com/110000-inspection/pc1_voywmFWt4_1.jpg!m_fill,w_280,h_210,f_jpg?from=ke.com
20240924,怀柔,怀柔,101123071271,于家园三区 房子是纯西向主卧室带阳台南侧滨湖万房主自荐,166万,20842元/平,高楼层 (共6层) | 2001年 | 2室1厅 | 79.65平米 | 西 西北 北,https://ke-image.ljcdn.com/110000-inspection/742b6ba9-e095-4106-9121-f52199f6c24a_1000.jpg!m_fill,w_280,h_210,f_jpg?from=ke.com
20240924,怀柔,怀柔,101123068974,京承高速14出口下04年新新小镇中高别墅区房型方正,1200万,34487元/平,底层 (共3层) 5室2厅 | 347.96平米 | 南 北,https://ke-image.ljcdn.com/110000-inspection/pc1_Q4Po0dzTz.jpg!m_fill,w_280,h_210,f_jpg?from=ke.com
20240924,怀柔,怀柔,101123064075,龍祥小區 低层 正规三居 南北通透 双卫 采光好,345万,29387元/平,中楼层 (共7层) | 2007年 | 3室2厅 | 117.4平米 | 南 北,https://ke-image.ljcdn.com/110000-inspection/3b044fdc-c6e2-4108-a485-fc017acc8f1b_1000.jpg!m_fill,w_280,h_210,f_jpg?from=ke.com
20240924,怀柔,怀柔,101123039729,铁路小区  满五唯一  顶层复式,210万,18902元/平,顶层 (共6层) 3室1厅 | 111.1平米 | 南 北,https://ke-image.ljcdn.com/110000-inspection/5b142299-41f9-41e2-9a49-a9d4e5a4d2bd_1000.jpg!m_fill,w_280,h_210,f_jpg?from=ke.com
20240924,怀柔,怀柔,101123025382,世嘉光织谷东区精装修采光好,207万,29992元/平,顶层 (共6层) | 2013年 | 2室1厅 | 69.02平米 | 南 北,https://ke-image.ljcdn.com/110000-inspection/pc1_UiP3m7IgY.jpg!m_fill,w_280,h_210,f_jpg?from=ke.com
20240924,怀柔,怀柔,101123023414,本房可俯视怀柔水库视野好地处怀柔地势高地,430万,26191元/平,顶层 (共24层) | 2001年 | 3室2厅 | 164.18平米 | 西 南,https://ke-image.ljcdn.com/110000-inspection/bebb3562-2ab0-4fef-ab45-9f05859351ea_1000.jpg!m_fill,w_280,h_210,f_jpg?from=ke.com
20240924,怀柔,怀柔,101123017956,诚心出售怀柔别墅万通新新小镇交通便利,910万,26951元/平,底层 (共2层) 5室2厅 | 337.66平米 | 南 北,https://ke-image.ljcdn.com/110000-inspection/pc1_4ZqJKw9B6_1.jpg!m_fill,w_280,h_210,f_jpg?from=ke.com
20240924,怀柔,怀柔,101123003383,东关一区南北通透低楼层三室一厅,255万,25644元/平,顶层 (共6层) 3室1厅 | 99.44平米 | 南 北,https://ke-image.ljcdn.com/110000-inspection/c49b0188-e215-4746-8690-72aea6806513_1000.jpg!m_fill,w_280,h_210,f_jpg?from=ke.com
20240924,怀柔,怀柔,101123001562,天韵家园 06年左右小区位置好 不临街 南北通透,375万,34910元/平,高楼层 (共6层) | 2004年 | 3室1厅 | 107.42平米 | 南 北,https://ke-image.ljcdn.com/110000-inspection/72fda3cd-b897-43cf-8803-8ed51dc6d4b4_1000.jpg!m_fill,w_280,h_210,f_jpg?from=ke.com
20240924,怀柔,怀柔,101122985468,07年楼龙祥小区楼层高视野开阔满五唯一空间大,170万,24159元/平,顶层 (共7层) | 2007年 | 3室2厅 | 70.37平米 | 南 北,https://ke-image.ljcdn.com/110000-inspection/pc1_EXwCap5Nu_1.jpg!m_fill,w_280,h_210,f_jpg?from=ke.com
20240924,怀柔,怀柔,101122984293,城区内房龄五年多的电梯房精装修拎包入住房主自荐,299万,33025元/平,高楼层 (共16层) 2室1厅 | 90.54平米 | 南,https://ke-image.ljcdn.com/110000-inspection/2c6b2490-acfd-41c5-b34a-16a0039a4418_1000.jpg!m_fill,w_280,h_210,f_jpg?from=ke.com
20240924,怀柔,怀柔,101122981500,府东一条小区 两室 一厅 南北。,215万,34450元/平,中楼层 (共6层) 2室1厅 | 62.41平米 | 南 北,https://ke-image.ljcdn.com/110000-inspection/f81b7e7c-c69e-4e48-97ef-cba56ed15b17_1000.jpg!m_fill,w_280,h_210,f_jpg?from=ke.com
20240924,怀柔,怀柔,101122873685,怀柔新新家园不临街精装修的全南向,315万,35000元/平,低楼层 (共16层) | 2017年 | 2室1厅 | 90平米 | 南,https://ke-image.ljcdn.com/110000-inspection/pc1_6DPriHf5X_1.jpg!m_fill,w_280,h_210,f_jpg?from=ke.com
20240924,怀柔,怀柔,101122804791,青春苑2院 正规三居 全明格局 采光好 南北通透 房龄新,240万,30589元/平,高楼层 (共6层) 3室1厅 | 78.46平米 | 南 北,https://ke-image.ljcdn.com/110000-inspection/57faba54-6afb-4097-b5f3-a31691855c06_1000.jpg!m_fill,w_280,h_210,f_jpg?from=ke.com
20240924,怀柔,怀柔,101122719875,满五唯一南北通透。楼层好采光充足,310万,23159元/平,中楼层 (共6层) 4室2厅 | 133.86平米 | 南 北,https://ke-image.ljcdn.com/110000-inspection/pc1_yyj3JqpXS_1.jpg!m_fill,w_280,h_210,f_jpg?from=ke.com
20240924,怀柔,怀柔,101122715471,漪澜鑫筑 观怀柔水库全景洋房 转角飘窗 视野开阔,420万,28922元/平,中楼层 (共24层) 3室2厅 | 145.22平米 | 东南 南 北,https://ke-image.ljcdn.com/110000-inspection/bbb5f8f6-ffb5-4eff-9d27-9e0a46f25fd6_1000.jpg!m_fill,w_280,h_210,f_jpg?from=ke.com
20240924,怀柔,怀柔,101122683904,北京城建·府前龙樾 一层带下跃 精装修,588万,37145元/平,底层 (共12层) | 2022年 | 3室2厅 | 158.3平米 | 南 北,https://ke-image.ljcdn.com/110000-inspection/221489af-bf64-4f43-9e9e-f5681096982e_1000.jpg!m_fill,w_280,h_210,f_jpg?from=ke.com
20240924,怀柔,怀柔,101122682693,万通龙山新新小镇 满五唯一  把边大院,680万,23456元/平,底层 (共2层) 5室2厅 | 289.91平米 | 南 北,https://ke-image.ljcdn.com/110000-inspection/1199b7cb-6aba-4be6-90f9-c7c512579d39_1000.jpg!m_fill,w_280,h_210,f_jpg?from=ke.com
20240924,怀柔,怀柔,101122654439,交通便利高楼层视野开阔采光充足有超市,245万,32676元/平,顶层 (共6层) 2室1厅 | 74.98平米 | 南 北,https://ke-image.ljcdn.com/110000-inspection/8e9a0ef5-5e05-44bc-b73c-5ab085bc7015_1000.jpg!m_fill,w_280,h_210,f_jpg?from=ke.com
20240924,怀柔,怀柔,101122633432,满五唯一青春苑西区南北通透大四居采光充足,520万,25548元/平,顶层 (共6层) 4室3厅 | 203.54平米 | 南 北,https://ke-image.ljcdn.com/110000-inspection/pc1_xPS7vMdwj_1.jpg!m_fill,w_280,h_210,f_jpg?from=ke.com
20240924,怀柔,怀柔,101122601645,万通龙山逸墅 位置好边户大花园 楼间距60米前排可停车,790万,24950元/平,底层 (共3层) 5室2厅 | 316.64平米 | 东 南 北,https://ke-image.ljcdn.com/110000-inspection/39ff8938-aac9-420d-b6b9-c249fead97b8_1000.jpg!m_fill,w_280,h_210,f_jpg?from=ke.com
20240924,怀柔,怀柔,101122580104,开放路 三居室业主诚意出售 随时签约,180万,18096元/平,中楼层 (共7层) 3室2厅 | 99.47平米 | 南 北,https://ke-image.ljcdn.com/110000-inspection/9afc18e4-a0fa-4f2b-9a75-98be3614da7b_1000.jpg!m_fill,w_280,h_210,f_jpg?from=ke.com
20240924,怀柔,怀柔,101122488981,滨河馨居 2室1厅 南,140万,19650元/平,中楼层 (共11层) 2室1厅 | 71.25平米 | 南,https://ke-image.ljcdn.com/110000-inspection/daea0c61-bc97-454b-9ef6-098361d2fbc2_1000.jpg!m_fill,w_280,h_210,f_jpg?from=ke.com
20240924,怀柔,怀柔,101122459443,八龙桥雅苑 宽沟9号院 一层无遮挡采光好,265万,29593元/平,底层 (共5层) | 2008年 | 3室1厅 | 89.55平米 | 南 北,https://ke-image.ljcdn.com/110000-inspection/13db444c-4842-4220-953b-19f06f8e0c42_1000.jpg!m_fill,w_280,h_210,f_jpg?from=ke.com
20240924,怀柔,怀柔,101122393283,城区里电梯房中间楼层房龄新两梯六户,239万,31460元/平,低楼层 (共15层) | 2017年 | 2室1厅 | 75.97平米 | 南 西,https://ke-image.ljcdn.com/110000-inspection/pc1_xfNXQ5Q6I_1.jpg!m_fill,w_280,h_210,f_jpg?from=ke.com
20240924,怀柔,怀柔,101122390888,南华园四区临河地上两层地下一层独栋别墅 风景优美,1500万,35088元/平,底层 (共2层) 5室4厅 | 427.5平米 | 南 北,https://ke-image.ljcdn.com/110000-inspection/pc1_2Do1gBDDP_1.jpg!m_fill,w_280,h_210,f_jpg?from=ke.com
20240924,怀柔,怀柔,101122380337,南华园三区小区管理好看房方便业主诚意出售,253万,24381元/平,顶层 (共5层) 3室2厅 | 103.77平米 | 南 北,https://ke-image.ljcdn.com/110000-inspection/44d3cfea-7e4d-43fd-8aef-b74271a9c42c_1000.jpg!m_fill,w_280,h_210,f_jpg?from=ke.com
20240924,怀柔,怀柔,101122372039,馥郁苑 南北通透 低楼层精装修拎包入住,350万,31824元/平,低楼层 (共6层) 3室1厅 | 109.98平米 | 南 北,https://ke-image.ljcdn.com/110000-inspection/5b7f5297-ab48-40d6-a43b-af0195069db1_1000.jpg!m_fill,w_280,h_210,f_jpg?from=ke.com
20240924,怀柔,怀柔,101122368785,顶秀美泉电梯 花园洋房 满五唯一 新小区 拎包入住,260万,27841元/平,底层 (共5层) | 2015年 | 2室2厅 | 93.39平米 | 南 北,https://ke-image.ljcdn.com/110000-inspection/037d4c3f-8686-4133-a191-e4bbfab72808_1000.jpg!m_fill,w_280,h_210,f_jpg?from=ke.com
20240924,怀柔,怀柔,101122341742,怀柔科学城 栖美园 舒适小区 低楼层南北两居室,218万,22521元/平,底层 (共6层) | 2006年 | 2室2厅 | 96.8平米 | 南 北,https://ke-image.ljcdn.com/110000-inspection/f509a6b3-5c87-4f0a-8604-40a720ac76d6_1000.jpg!m_fill,w_280,h_210,f_jpg?from=ke.com
20240924,怀柔,怀柔,101122339060,欧郡香水城 宜居 精装修 满五年,880万,25444元/平,底层 (共2层) | 2008年 | 5室3厅 | 345.86平米 | 南 北,https://ke-image.ljcdn.com/110000-inspection/pc1_YlqdX3YJR_1.jpg!m_fill,w_280,h_210,f_jpg?from=ke.com
20240924,怀柔,怀柔,101122322927,金 善 名 居   大 三 居 室   南 北 通 透,210万,19348元/平,顶层 (共5层) 3室2厅 | 108.54平米 | 南 西 北,https://ke-image.ljcdn.com/110000-inspection/pc1_WhcC6Mf9M_1.jpg!m_fill,w_280,h_210,f_jpg?from=ke.com
20240924,怀柔,怀柔,101122299564,镜春园 5室2厅 南 北,850万,32616元/平,高楼层 (共7层) 5室2厅 | 260.61平米 | 南 北,https://ke-image.ljcdn.com/110000-inspection/pc1_X74fxWFVh_1.jpg!m_fill,w_280,h_210,f_jpg?from=ke.com
20240924,怀柔,怀柔,101122270908,融城园北区南北通透格局好交通便利,190万,23774元/平,低楼层 (共6层) | 2004年 | 2室1厅 | 79.92平米 | 南 北,https://ke-image.ljcdn.com/110000-inspection/7c5e4380-ff47-42b4-b39a-ccdb5392d34a_1000.jpg!m_fill,w_280,h_210,f_jpg?from=ke.com
20240924,怀柔,怀柔,101122269436,南北通透采光充足视野开阔配套设施齐交通便利,450万,26828元/平,顶层 (共6层) 4室2厅 | 167.74平米 | 南 北,https://ke-image.ljcdn.com/110000-inspection/c1211de2-53fa-4eb3-b900-85ccdb449504_1000.jpg!m_fill,w_280,h_210,f_jpg?from=ke.com
20240924,怀柔,怀柔,101122252296,青春苑西区南北通透采光好,280万,29781元/平,高楼层 (共7层) | 1999年 | 3室1厅 | 94.02平米 | 南 北,https://ke-image.ljcdn.com/110000-inspection/pc1_4bmXaxYZ2_1.jpg!m_fill,w_280,h_210,f_jpg?from=ke.com
20240924,怀柔,怀柔,101122243316,世嘉光织谷西区满屋不唯一采光充足房主自荐,220万,24235元/平,中楼层 (共7层) | 2012年 | 2室1厅 | 90.78平米 | 南 北,https://ke-image.ljcdn.com/110000-inspection/56647bd1-f814-49fc-b300-52b8db7db8a6_1000.jpg!m_fill,w_280,h_210,f_jpg?from=ke.com
20240924,怀柔,怀柔,101122240851,11层电梯房户型通透无遮挡业主诚心卖看房方便,220万,24706元/平,高楼层 (共15层) 2室1厅 | 89.05平米 | 南 北,https://ke-image.ljcdn.com/110000-inspection/pc1_hSXN1HOQd_1.jpg!m_fill,w_280,h_210,f_jpg?from=ke.com
20240924,怀柔,怀柔,101122229975,南华园四区看房方便业主稳定出售,850万,33717元/平,底层 (共2层) 6室1厅 | 252.1平米 | 南 北,https://ke-image.ljcdn.com/110000-inspection/bc554024-5e18-4cc9-8fa1-0c9419537550_1000.jpg!m_fill,w_280,h_210,f_jpg?from=ke.com
20240924,怀柔,怀柔,101122224251,滨湖小区 次顶层 视野开阔 业主诚心出售,210万,23042元/平,高楼层 (共6层) 3室1厅 | 91.14平米 | 南 北,https://ke-image.ljcdn.com/110000-inspection/pc1_PmI2kF6Kd_1.jpg!m_fill,w_280,h_210,f_jpg?from=ke.com
20240924,怀柔,怀柔,101122217893,开放路 精装修 大居室 满五唯一,239万,24028元/平,低楼层 (共7层) 3室1厅 | 99.47平米 | 南 北,https://ke-image.ljcdn.com/110000-inspection/pc1_LkYBMUYFb_1.jpg!m_fill,w_280,h_210,f_jpg?from=ke.com
20240924,怀柔,怀柔,101122208649,世嘉光织谷西区  南北通透   电梯房,415万,26926元/平,高楼层 (共7层) | 2012年 | 5室2厅 | 154.13平米 | 南 北,https://ke-image.ljcdn.com/110000-inspection/cde305c8-32fd-448f-bfd4-70c196ab2185_1000.jpg!m_fill,w_280,h_210,f_jpg?from=ke.com
20240924,怀柔,怀柔,101122082896,家天下带二十平米楼上和九平米储藏室的两室两卫,256万,26551元/平,顶层 (共6层) 2室2厅 | 96.42平米 | 南 北,https://ke-image.ljcdn.com/110000-inspection/cc430f24-f8fd-4521-8188-0a6b7fc0dca3_1000.jpg!m_fill,w_280,h_210,f_jpg?from=ke.com
20240924,怀柔,怀柔,101122059236,南大街25号 3室2厅 南 北,390万,30257元/平,中楼层 (共6层) | 2007年 | 3室2厅 | 128.9平米 | 南 北,https://ke-image.ljcdn.com/110000-inspection/9e1471e3-e776-4a7c-973e-9007127da468_1000.jpg!m_fill,w_280,h_210,f_jpg?from=ke.com
20240924,怀柔,怀柔,101122058266,北大街1号院 2室1厅 南 北,215万,25393元/平,顶层 (共6层) 2室1厅 | 84.67平米 | 南 北,https://ke-image.ljcdn.com/110000-inspection/pc1_GJhJ4Ppt8_1.jpg!m_fill,w_280,h_210,f_jpg?from=ke.com
20240924,怀柔,怀柔,101122058059,库上一层 业主诚心出售 看房方便,240万,26976元/平,底层 (共4层) 2室1厅 | 88.97平米 | 南 北,https://ke-image.ljcdn.com/110000-inspection/8b3e1bdd-1e8c-4471-bdb3-784affc1e2aa_1000.jpg!m_fill,w_280,h_210,f_jpg?from=ke.com
20240924,怀柔,怀柔,101122057865,低楼层  成熟社区  配套完善 看房随时  随时签约！,239万,26770元/平,低楼层 (共6层) 2室1厅 | 89.28平米 | 东 西,https://ke-image.ljcdn.com/110000-inspection/pc1_hH7ngIixs.jpg!m_fill,w_280,h_210,f_jpg?from=ke.com
20240924,怀柔,怀柔,101122043716,天恒半山世家有钥匙随时看价钱能谈毛坯省装修款。,1580万,38098元/平,底层 (共3层) 8室4厅 | 414.72平米 | 南 北,https://ke-image.ljcdn.com/110000-inspection/pc1_SVyBHO22p_1.jpg!m_fill,w_280,h_210,f_jpg?from=ke.com
20240924,怀柔,怀柔,101122001371,茶坞铁路南北通透复式看房方便业主诚意出售,280万,16569元/平,顶层 (共5层) 4室2厅 | 169平米 | 南 北,https://ke-image.ljcdn.com/110000-inspection/6f8956cf-bd55-40ec-a974-0557cc9ed629_1000.jpg!m_fill,w_280,h_210,f_jpg?from=ke.com
20240924,怀柔,怀柔,101121976409,城区的绿堤香廊高档住宅小区电梯入户住宅洋房,700万,34345元/平,底层 (共6层) | 2012年 | 4室2厅 | 203.82平米 | 南 北,https://ke-image.ljcdn.com/110000-inspection/d84bb9a4-1a5c-4ff2-a1b6-778e2c3dae7d_1000.jpg!m_fill,w_280,h_210,f_jpg?from=ke.com
20240924,怀柔,怀柔,101121831541,龙湖花园 1室1厅 南 北,146万,28050元/平,中楼层 (共6层) 1室1厅 | 52.05平米 | 南 北,https://ke-image.ljcdn.com/110000-inspection/pc1_lmpBQZCvp_1.jpg!m_fill,w_280,h_210,f_jpg?from=ke.com
20240924,怀柔,怀柔,101121820429,顶秀美泉欧式洋房 南北通透4层两居 环境安静 居住舒适,249万,27744元/平,中楼层 (共5层) | 2012年 | 2室1厅 | 89.75平米 | 南 北,https://ke-image.ljcdn.com/110000-inspection/pc1_09i8gsswA_1.jpg!m_fill,w_280,h_210,f_jpg?from=ke.com
20240924,怀柔,怀柔,101121820166,水岸雁栖新房 大四居 南北通透,500万,34752元/平,中楼层 (共6层) | 2021年 | 4室1厅 | 143.88平米 | 南 北,https://ke-image.ljcdn.com/110000-inspection/pc1_53hsHYqZB.jpg!m_fill,w_280,h_210,f_jpg?from=ke.com
20240924,怀柔,怀柔,101121774582,新贤家园南北三居业主诚意出售不临街诚售,460万,35997元/平,底层 (共11层) 3室1厅 | 127.79平米 | 南 东 北,https://ke-image.ljcdn.com/110000-inspection/25bef536-97cf-4ba7-a82b-cac4419fa24a_1000.jpg!m_fill,w_280,h_210,f_jpg?from=ke.com
20240924,怀柔,怀柔,101121766444,梦想家园西区安平路29号院就到,185万,20855元/平,顶层 (共15层) | 2014年 | 2室2厅 | 88.71平米 | 南 北,https://ke-image.ljcdn.com/110000-inspection/pc1_4Jx9bUIBT_1.jpg!m_fill,w_280,h_210,f_jpg?from=ke.com
20240924,怀柔,怀柔,101121729345,南北通透三层户型方正 诚意出售 可随时签约,190万,29209元/平,中楼层 (共6层) | 1986年 | 3室1厅 | 65.05平米 | 南 北,https://ke-image.ljcdn.com/110000-inspection/4ec8bde4-3fb2-4012-9ca2-e358410c0897_1000.jpg!m_fill,w_280,h_210,f_jpg?from=ke.com
20240924,怀柔,怀柔,101121724238,天恒半山世家怀柔别墅区环境好交通便利,1730万,56770元/平,底层 (共2层) | 2012年 | 5室2厅 | 304.74平米 | 东 南 西 北,https://ke-image.ljcdn.com/110000-inspection/51f17dbd-1d3f-4bad-bb89-7b1697b894fa_1000.jpg!m_fill,w_280,h_210,f_jpg?from=ke.com
20240924,怀柔,怀柔,101121637898,金台园楼龄新中间楼层满五唯一大三局,350万,27076元/平,中楼层 (共6层) 3室2厅 | 129.27平米 | 南 北,https://ke-image.ljcdn.com/110000-inspection/5569491b-1711-465e-9f4f-82337c399551_1000.jpg!m_fill,w_280,h_210,f_jpg?from=ke.com
20240924,怀柔,怀柔,101121589238,益田影人四季花园 3室2厅 南 北,450万,26926元/平,底层 (共8层) | 2012年 | 3室2厅 | 167.13平米 | 南 北,https://ke-image.ljcdn.com/110000-inspection/e4f2fb5a-d423-4f8f-97b5-365a1b26d863_1000.jpg!m_fill,w_280,h_210,f_jpg?from=ke.com
20240924,怀柔,怀柔,101121581708,湖光小区 南北通透采光好交通便利。,340万,29430元/平,中楼层 (共6层) 3室2厅 | 115.53平米 | 南 北,https://ke-image.ljcdn.com/110000-inspection/7630802d-349c-4b9a-889e-657ee3d17e4c_1000.jpg!m_fill,w_280,h_210,f_jpg?from=ke.com
20240924,怀柔,怀柔,101121574583,新新小镇    独栋别墅      装修好拎包入住,850万,25174元/平,地下室 (共3层) 5室3厅 | 337.66平米 | 东南 西南 西北 东北,https://ke-image.ljcdn.com/110000-inspection/pc1_PiFKPMSzW_1.jpg!m_fill,w_280,h_210,f_jpg?from=ke.com
20240924,怀柔,怀柔,101121572128,怀柔育龙铭居小区本房是商品房大两居拎包入住,163万,21795元/平,高楼层 (共9层) | 2012年 | 2室1厅 | 74.79平米 | 东南,https://ke-image.ljcdn.com/110000-inspection/71d07f85-cdb1-44dd-b60a-40ff196f88d1_1000.jpg!m_fill,w_280,h_210,f_jpg?from=ke.com
20240924,怀柔,怀柔,101121555493,开利园小区新上4居室房源满五唯一高层急售房主自荐,325万,27660元/平,顶层 (共6层) | 1995年 | 4室2厅 | 117.5平米 | 南 北,https://ke-image.ljcdn.com/110000-inspection/20a2679b-0d58-4d8c-b04f-1fdec6265577_1000.jpg!m_fill,w_280,h_210,f_jpg?from=ke.com
20240924,怀柔,怀柔,101121518731,金善顶层带楼上采光居住两无忧全屋精装,198万,26057元/平,顶层 (共6层) | 2009年 | 2室1厅 | 75.99平米 | 南 北,https://ke-image.ljcdn.com/110000-inspection/pc1_NMpfA4FBc.jpg!m_fill,w_280,h_210,f_jpg?from=ke.com
20240924,怀柔,怀柔,101121518406,金善名居 南北通透    采光充足 价格可谈,180万,18760元/平,顶层 (共6层) | 2009年 | 3室1厅 | 95.95平米 | 南 北,https://ke-image.ljcdn.com/110000-inspection/pc1_NEES4yIzU_1.jpg!m_fill,w_280,h_210,f_jpg?from=ke.com
20240924,怀柔,怀柔,101121509979,顶秀美泉小镇A区 顶层带隔层视野开阔户型方正,320万,24853元/平,顶层 (共5层) 3室2厅 | 128.76平米 | 南 北,https://ke-image.ljcdn.com/110000-inspection/pc1_F4s2aho6D_1.jpg!m_fill,w_280,h_210,f_jpg?from=ke.com
20240924,怀柔,怀柔,101121506009,馥郁苑 精装3居2卫 满五唯一,395万,33932元/平,中楼层 (共6层) 3室2厅 | 116.41平米 | 南 北,https://ke-image.ljcdn.com/110000-inspection/pc1_HsMDYTFoa_1.jpg!m_fill,w_280,h_210,f_jpg?from=ke.com
20240924,怀柔,怀柔,101121502179,东亚华欣湾东户阳光好业主诚意出售,139万,13109元/平,低楼层 (共9层) 3室2厅 | 106.04平米 | 东,https://ke-image.ljcdn.com/110000-inspection/pc1_ceebPJ9eZ_1.jpg!m_fill,w_280,h_210,f_jpg?from=ke.com
20240924,怀柔,怀柔,101121461332,顶秀美泉小镇A区 4+1三居室精装修,310万,27758元/平,顶层 (共4层) | 2010年 | 3室2厅 | 111.68平米 | 南 北,https://ke-image.ljcdn.com/110000-inspection/38100aa6-da0f-4a14-ab89-c4a16b907d95_1000.jpg!m_fill,w_280,h_210,f_jpg?from=ke.com
20240924,怀柔,怀柔,101121444795,幸福东园3号院 南北双阳台两居室,115万,16552元/平,顶层 (共7层) 2室2厅 | 69.48平米 | 南 西 北,https://ke-image.ljcdn.com/110000-inspection/5d81c417-e08c-4982-9fd6-06f49111c0d1_1000.jpg!m_fill,w_280,h_210,f_jpg?from=ke.com
20240924,怀柔,怀柔,101121444629,万通龙山新新小镇联排边户看房方便业主诚意出售,660万,26565元/平,底层 (共2层) 4室2厅 | 248.45平米 | 南 北,https://ke-image.ljcdn.com/110000-inspection/af58425f-2694-4e47-bfef-dd72ecb8e358_1000.jpg!m_fill,w_280,h_210,f_jpg?from=ke.com
20240924,怀柔,怀柔,101121419464,顶秀美泉欧式洋房三居室采光视野好 有车库 拎包入住,310万,26658元/平,中楼层 (共4层) 3室2厅 | 116.29平米 | 南 北,https://ke-image.ljcdn.com/110000-inspection/pc1_9RFtVEPmw.jpg!m_fill,w_280,h_210,f_jpg?from=ke.com
20240924,怀柔,怀柔,101121384999,西园 满五唯一 怀柔水库观景房,120万,19346元/平,中楼层 (共5层) 2室1厅 | 62.03平米 | 南 西,https://ke-image.ljcdn.com/110000-inspection/pc1_GApyRBeHk.jpg!m_fill,w_280,h_210,f_jpg?from=ke.com
20240924,怀柔,怀柔,101121374683,湖光山舍独栋全地上户型好格局好看房钥匙随时,825万,27936元/平,底层 (共2层) 5室2厅 | 295.32平米 | 南 北,https://ke-image.ljcdn.com/110000-inspection/pc1_GqMLgwFli_1.jpg!m_fill,w_280,h_210,f_jpg?from=ke.com
20240924,怀柔,怀柔,101121372763,独栋别墅位置好业主诚心出售看房方便,810万,27913元/平,底层 (共2层) 5室2厅 | 290.19平米 | 南 北,https://ke-image.ljcdn.com/110000-inspection/117805ce-347e-4543-998f-1679e73cffdd_1000.jpg!m_fill,w_280,h_210,f_jpg?from=ke.com
20240924,怀柔,怀柔,101121364085,礼贤街 中间楼层 精装修 拎包入住 诚意出售 随时可看,136万,26693元/平,中楼层 (共6层) | 2001年 | 2室1厅 | 50.95平米 | 南,https://ke-image.ljcdn.com/110000-inspection/0e68f4e0-bd65-4acb-a874-8c9029bfc0f9_1000.jpg!m_fill,w_280,h_210,f_jpg?from=ke.com
20240924,怀柔,怀柔,101121341226,镜春园小区电梯房落地窗空气好位置好。,480万,33789元/平,低楼层 (共7层) 3室2厅 | 142.06平米 | 南 北,https://ke-image.ljcdn.com/110000-inspection/c76b4654-192b-423e-adec-5f3704e553c6_1000.jpg!m_fill,w_280,h_210,f_jpg?from=ke.com
20240924,怀柔,怀柔,101121283660,电梯观景房   成熟社区   配套完善  随时签约,448万,33986元/平,中楼层 (共9层) 3室2厅 | 131.82平米 | 南 北,https://ke-image.ljcdn.com/110000-inspection/pc1_jQVTqCYcx_1.jpg!m_fill,w_280,h_210,f_jpg?from=ke.com
20240924,怀柔,怀柔,101121258469,美丽家园大三室南北通透客厅通阳台适合居住,256万,19958元/平,高楼层 (共6层) 3室2厅 | 128.27平米 | 南 北,https://ke-image.ljcdn.com/110000-inspection/364b13a1-3cb2-47fb-975a-05bfd4034d6a_1000.jpg!m_fill,w_280,h_210,f_jpg?from=ke.com
20240924,怀柔,怀柔,101121224509,丽湖馨居   大三居室   观景房子     业主诚意出售,550万,35969元/平,高楼层 (共12层) 3室2厅 | 152.91平米 | 南 北,https://ke-image.ljcdn.com/110000-inspection/14f7be41-9e68-4d13-bf0f-dd2146c3cc83_1000.jpg!m_fill,w_280,h_210,f_jpg?from=ke.com
20240924,怀柔,怀柔,101121223280,顶秀美泉电梯房 5+1 两层 精装修带车库带地下室,370万,30955元/平,顶层 (共5层) | 2015年 | 4室2厅 | 119.53平米 | 南 北,https://ke-image.ljcdn.com/110000-inspection/c22dd5d5-4207-40b9-ab89-d13d1bc8f8c6_1000.jpg!m_fill,w_280,h_210,f_jpg?from=ke.com
20240924,怀柔,怀柔,101121207682,凤瑞二园全明格局满五唯一商品房房主自荐,255万,22901元/平,顶层 (共6层) 3室2厅 | 111.35平米 | 南 北,https://ke-image.ljcdn.com/110000-inspection/7d235a5a-0e7e-4dca-b09c-4d1b2deb14a3_1000.jpg!m_fill,w_280,h_210,f_jpg?from=ke.com
20240924,怀柔,怀柔,101121192728,怀柔区水岸雁栖电梯房低层通透能看山,295万,33646元/平,底层 (共6层) | 2021年 | 2室1厅 | 87.68平米 | 东 西,https://ke-image.ljcdn.com/110000-inspection/pc1_xikcUdIWN.jpg!m_fill,w_280,h_210,f_jpg?from=ke.com
20240924,怀柔,怀柔,101121184130,鸿翔花园双拼别墅前后有花园范崎路8号院,980万,34064元/平,底层 (共2层) 6室3厅 | 287.7平米 | 南 北,https://ke-image.ljcdn.com/110000-inspection/pc1_Nv0pTQ9RP_1.jpg!m_fill,w_280,h_210,f_jpg?from=ke.com
20240924,怀柔,怀柔,101121158473,后横街小区 2室1厅 南 北,199万,27821元/平,中楼层 (共5层) 2室1厅 | 71.53平米 | 南 北,https://ke-image.ljcdn.com/110000-inspection/2f38e3cb-d2b8-4cc9-9c98-1783a6cf81a0_1000.jpg!m_fill,w_280,h_210,f_jpg?from=ke.com
20240924,怀柔,怀柔,101121146272,兴怀大街小区  楼龄新 采光好,155万,22367元/平,顶层 (共6层) 2室1厅 | 69.3平米 | 南,https://ke-image.ljcdn.com/110000-inspection/7e002b2e-5516-4ac2-8a69-ffc290d3f3c8_1000.jpg!m_fill,w_280,h_210,f_jpg?from=ke.com
20240924,怀柔,怀柔,101121141155,滨湖小区精装修：对定金周期没有要求,180万,27574元/平,底层 (共6层) | 1993年 | 2室1厅 | 65.28平米 | 南 北,https://ke-image.ljcdn.com/110000-inspection/ee9d1e04-08b7-4bda-a817-86dfd96998ec_1000.jpg!m_fill,w_280,h_210,f_jpg?from=ke.com
20240924,怀柔,怀柔,101121139059,富乐小区一号院 满五唯一 诚意出售,150万,23548元/平,高楼层 (共6层) 2室1厅 | 63.7平米 | 南 北,https://ke-image.ljcdn.com/110000-inspection/pc1_fopxXXuLV_1.jpg!m_fill,w_280,h_210,f_jpg?from=ke.com
20240924,怀柔,怀柔,101121138833,府前观邸 电梯房 南北通透 配套齐全,360万,35577元/平,低楼层 (共9层) 2室2厅 | 101.19平米 | 南 北,https://ke-image.ljcdn.com/110000-inspection/pc1_qRXVFMdJN_1.jpg!m_fill,w_280,h_210,f_jpg?from=ke.com
20240924,怀柔,怀柔,101121136968,世嘉光织谷东区 南北朝向 挑空客厅,240万,27079元/平,顶层 (共6层) | 2013年 | 2室1厅 | 88.63平米 | 南 北,https://ke-image.ljcdn.com/110000-inspection/pc1_p0Xo8LRQV_1.jpg!m_fill,w_280,h_210,f_jpg?from=ke.com
20240924,怀柔,怀柔,101121120136,小中富乐二区 联排中间户上下两层大面宽 采光好,690万,35338元/平,底层 (共2层) 3室2厅 | 195.26平米 | 南 北,https://ke-image.ljcdn.com/110000-inspection/a0011f89-532f-458c-9376-e4527b08b1be_1000.jpg!m_fill,w_280,h_210,f_jpg?from=ke.com
20240924,怀柔,怀柔,101121118213,70年产权南北通透三居室采光充足,370万,27444元/平,中楼层 (共5层) | 2010年 | 3室2厅 | 134.82平米 | 南 北,https://ke-image.ljcdn.com/110000-inspection/pc1_ZYILvjrze.jpg!m_fill,w_280,h_210,f_jpg?from=ke.com
20240924,怀柔,怀柔,101121094739,独栋别墅精装修采光好视野开阔房主自荐,810万,38861元/平,底层 (共2层) 5室2厅 | 208.44平米 | 南 北,https://ke-image.ljcdn.com/110000-inspection/pc1_VZjXHnUAw_1.jpg!m_fill,w_280,h_210,f_jpg?from=ke.com
20240924,怀柔,怀柔,101121036751,新新小镇  联排别墅  小区中间位置 满五唯一,490万,20103元/平,底层 (共2层) 4室3厅 | 243.75平米 | 南 北,https://ke-image.ljcdn.com/110000-inspection/pc1_Bnf1P5izH_1.jpg!m_fill,w_280,h_210,f_jpg?from=ke.com
20240924,怀柔,怀柔,101121002232,顶秀美泉小镇A区 小区环境好 采光好,360万,28296元/平,顶层 (共5层) | 2010年 | 4室2厅 | 127.23平米 | 南 北,https://ke-image.ljcdn.com/110000-inspection/pc1_MovhDRz6U_1.jpg!m_fill,w_280,h_210,f_jpg?from=ke.com
20240924,怀柔,怀柔,101120971835,龙山御景 近怀柔水库 南北通透三居 全明格局房主自荐,685万,49968元/平,底层 (共18层) 3室2厅 | 137.09平米 | 东 南 北,https://ke-image.ljcdn.com/110000-inspection/5188d7c1-5602-4a85-b3f2-39120fe4feb3_1000.jpg!m_fill,w_280,h_210,f_jpg?from=ke.com
20240924,怀柔,怀柔,101120910535,益田·影人四季花园 南北通透三居室,460万,23578元/平,底层 (共8层) 4室2厅 | 195.1平米 | 南 北,https://ke-image.ljcdn.com/110000-inspection/40b9e864-5a68-496f-bdbd-52bac372b48a_1000.jpg!m_fill,w_280,h_210,f_jpg?from=ke.com
20240924,怀柔,怀柔,101120908195,兴怀大街小区 3室1厅 南 北,205万,24774元/平,中楼层 (共6层) 3室1厅 | 82.75平米 | 南 北,https://ke-image.ljcdn.com/110000-inspection/pc1_oaVSvzG8K_1.jpg!m_fill,w_280,h_210,f_jpg?from=ke.com
20240924,怀柔,怀柔,101120898004,乐园西大街13号院优质小区。,410万,36901元/平,底层 (共5层) 3室2厅 | 111.11平米 | 南 北,https://ke-image.ljcdn.com/110000-inspection/pc1_JWxowgCfB.jpg!m_fill,w_280,h_210,f_jpg?from=ke.com
20240924,怀柔,怀柔,101120839062,红螺路39号院    天恒半山世家  独栋别墅,2800万,56108元/平,底层 (共2层) 5室3厅 | 499.04平米 | 南 北,https://ke-image.ljcdn.com/110000-inspection/pc1_lJV2lgNiH_1.jpg!m_fill,w_280,h_210,f_jpg?from=ke.com
20240924,怀柔,怀柔,101120804364,光织谷东区 乐园西大街13号  电梯房 精装修,618万,30713元/平,底层 (共4层) | 2013年 | 4室2厅 | 201.22平米 | 南 北,https://ke-image.ljcdn.com/110000-inspection/pc1_lJO93voNN_1.jpg!m_fill,w_280,h_210,f_jpg?from=ke.com
20240924,怀柔,怀柔,101120786863,双拼别墅 2020年第二次装修 花园面积大 户型方正,786万,46119元/平,底层 (共3层) 4室2厅 | 170.43平米 | 南 北,https://ke-image.ljcdn.com/110000-inspection/pc1_NUmD1lPFq.jpg!m_fill,w_280,h_210,f_jpg?from=ke.com
20240924,怀柔,怀柔,101120780940,万通龙山新新小镇看房方便业主诚意出售,799万,27487元/平,底层 (共3层) | 2005年 | 6室3厅 | 290.69平米 | 南 北,https://ke-image.ljcdn.com/110000-inspection/63172c81-9b3c-4859-b75a-513e172f2662_1000.jpg!m_fill,w_280,h_210,f_jpg?from=ke.com
20240924,怀柔,怀柔,101120774015,青春路南北通透两居室低楼层精装修,169万,29438元/平,中楼层 (共4层) 2室1厅 | 57.41平米 | 南 北,https://ke-image.ljcdn.com/110000-inspection/pc1_BCRs9VwLY.jpg!m_fill,w_280,h_210,f_jpg?from=ke.com
20240924,怀柔,怀柔,101120768750,顶秀美泉家园顶秀美泉小镇顶秀美,350万,39495元/平,顶层 (共5层) | 2015年 | 2室1厅 | 88.62平米 | 南 北,https://ke-image.ljcdn.com/110000-inspection/pc1_DTe5NvUju_1.jpg!m_fill,w_280,h_210,f_jpg?from=ke.com
20240924,怀柔,怀柔,101120684643,房子是独栋别墅边户停车方便个人购买只有契税,887万,42643元/平,底层 (共2层) 4室3厅 | 208.01平米 | 南 北,https://ke-image.ljcdn.com/110000-inspection/pc1_o0kyopDzR_1.jpg!m_fill,w_280,h_210,f_jpg?from=ke.com
20240924,怀柔,怀柔,101120674090,红螺湖 独栋别墅业主自住装修保养好房主自荐,1300万,29335元/平,底层 (共2层) | 2006年 | 4室3厅 | 443.16平米 | 南 北 东 西,https://ke-image.ljcdn.com/110000-inspection/pc1_ouKTFY6AU_1.jpg!m_fill,w_280,h_210,f_jpg?from=ke.com
20240924,怀柔,怀柔,101120645464,万通龙山新新小镇 双拼别墅 有钥匙随时看房,540万,21809元/平,底层 (共2层) 2室2厅 | 247.61平米 | 南 北,https://ke-image.ljcdn.com/110000-inspection/pc1_10tAdxuPD_1.jpg!m_fill,w_280,h_210,f_jpg?from=ke.com
20240924,怀柔,怀柔,101120654971,青春路滨湖小区南北通透满五唯一两居全明格局,165万,21924元/平,中楼层 (共5层) 2室1厅 | 75.26平米 | 南 北,https://ke-image.ljcdn.com/110000-inspection/b10cca32-1bff-4826-8890-340d6aac62af_1000.jpg!m_fill,w_280,h_210,f_jpg?from=ke.com
20240924,怀柔,怀柔,101120649005,新贤家园 2室1厅 南 北,300万,36102元/平,低楼层 (共11层) | 2013年 | 2室1厅 | 83.1平米 | 南 北,https://ke-image.ljcdn.com/110000-inspection/pc1_z4EUH9XrQ.jpg!m_fill,w_280,h_210,f_jpg?from=ke.com
20240924,怀柔,怀柔,101120580334,塞班假日青春路61号院290平别墅精装修,680万,22735元/平,底层 (共2层) 6室2厅 | 299.1平米 | 南 北,https://ke-image.ljcdn.com/110000-inspection/pc1_1Y1RL8HV1_1.jpg!m_fill,w_280,h_210,f_jpg?from=ke.com
20240924,怀柔,怀柔,101120530730,满五唯一楼层好格局好采光好视野佳,349万,24033元/平,低楼层 (共24层) 3室2厅 | 145.22平米 | 东 北,https://ke-image.ljcdn.com/110000-inspection/pc1_taW45KeqF_1.jpg!m_fill,w_280,h_210,f_jpg?from=ke.com
20240924,怀柔,怀柔,101120522803,馥郁苑二期  南北通透大三居双卫中间楼层采光充足,420万,31095元/平,中楼层 (共7层) | 2017年 | 3室1厅 | 135.07平米 | 南 北,https://ke-image.ljcdn.com/110000-inspection/pc1_bWLGGweX5_1.jpg!m_fill,w_280,h_210,f_jpg?from=ke.com
20240924,怀柔,怀柔,101120471531,精装修 拎包入住 成熟社区 南北通透,360万,27817元/平,中楼层 (共7层) 3室1厅 | 129.42平米 | 南 北,https://ke-image.ljcdn.com/110000-inspection/pc1_QADquqBdH_1.jpg!m_fill,w_280,h_210,f_jpg?from=ke.com
20240924,怀柔,怀柔,101120467242,迎宾中路2号院 2室1厅 南 北,210万,28456元/平,中楼层 (共6层) 2室1厅 | 73.8平米 | 南 北,https://ke-image.ljcdn.com/110000-inspection/pc1_Kkc6RQcZY_1.jpg!m_fill,w_280,h_210,f_jpg?from=ke.com
20240924,怀柔,怀柔,101120463552,怡成园高层电梯三居怡成园高层电梯三居,459万,34496元/平,高楼层 (共12层) 3室1厅 | 133.06平米 | 南 北,https://ke-image.ljcdn.com/110000-inspection/pc1_YbMVMLETL_1.jpg!m_fill,w_280,h_210,f_jpg?from=ke.com
20240924,怀柔,怀柔,101120320321,红螺路的高品质别墅区坐在庭院赏花看河水溪流,1190万,61268元/平,底层 (共2层) | 2008年 | 5室2厅 | 194.23平米 | 南 北,https://ke-image.ljcdn.com/110000-inspection/pc1_9StUstg4W_1.jpg!m_fill,w_280,h_210,f_jpg?from=ke.com
20240924,怀柔,怀柔,101120318820,顶秀美泉欧式小镇 电梯房 客厅通阳台 南北通透 精装,323万,36370元/平,顶层 (共5层) | 2015年 | 2室1厅 | 88.81平米 | 南 北,https://ke-image.ljcdn.com/110000-inspection/pc1_JMx5p22TI_1.jpg!m_fill,w_280,h_210,f_jpg?from=ke.com
20240924,怀柔,怀柔,101120311600,育龙馨居 科学城高层电梯 楼龄新 视野好,269万,22358元/平,顶层 (共14层) | 2013年 | 3室2厅 | 120.32平米 | 南 北,https://ke-image.ljcdn.com/110000-inspection/65908693-0022-41be-a976-42475ee9ac1c_1000.jpg!m_fill,w_280,h_210,f_jpg?from=ke.com
20240924,怀柔,怀柔,101120292746,兴怀大街14号院 中间层四居 满五唯一 前后通阳台,310万,22083元/平,中楼层 (共6层) | 1998年 | 4室2厅 | 140.38平米 | 南 北,https://ke-image.ljcdn.com/110000-inspection/pc1_bom12qnuu_2.jpg!m_fill,w_280,h_210,f_jpg?from=ke.com
20240924,怀柔,怀柔,101120254319,八龙桥雅苑 4室4厅 南 北,580万,25897元/平,底层 (共2层) | 2008年 | 4室4厅 | 223.97平米 | 南 北,https://ke-image.ljcdn.com/110000-inspection/pc1_cbJzzQM0t_1.jpg!m_fill,w_280,h_210,f_jpg?from=ke.com
20240924,怀柔,怀柔,101120250652,安乐馨居 全南朝向采光好 自主型精装修标准 诚心出售,155万,22065元/平,低楼层 (共17层) 1室1厅 | 70.25平米 | 南,https://ke-image.ljcdn.com/110000-inspection/6837b7a9-6e16-42dc-9791-b5809f90eb9e_1000.jpg!m_fill,w_280,h_210,f_jpg?from=ke.com
20240924,怀柔,怀柔,101120178643,70年产权精装修有电梯顶层带阁南北通透,325万,38362元/平,顶层 (共6层) | 2021年 | 2室2厅 | 84.72平米 | 南 北,https://ke-image.ljcdn.com/110000-inspection/pc1_rGRXKWd1F_1.jpg!m_fill,w_280,h_210,f_jpg?from=ke.com
20240924,怀柔,怀柔,101120129741,北宅村北宅800号东西通透,240万,14953元/平,顶层 (共5层) 3室2厅 | 160.51平米 | 东 西,https://ke-image.ljcdn.com/110000-inspection/pc1_2OpkMPwjh_1.jpg!m_fill,w_280,h_210,f_jpg?from=ke.com
20240924,怀柔,怀柔,101120080253,馥郁苑顶层    全明格局   视线宽广,360万,24017元/平,顶层 (共6层) 4室2厅 | 149.9平米 | 东 南 北,https://ke-image.ljcdn.com/110000-inspection/pc1_Q94Z4houW_1.jpg!m_fill,w_280,h_210,f_jpg?from=ke.com
20240924,怀柔,怀柔,101120026662,万通龙山新新小镇精装联排别墅装修品质高,628万,21731元/平,底层 (共3层) 4室3厅 | 289平米 | 东 西,https://ke-image.ljcdn.com/110000-inspection/pc1_USzwrLxUC_1.jpg!m_fill,w_280,h_210,f_jpg?from=ke.com
20240924,怀柔,怀柔,101120005459,满五唯一电梯房南北通透环境好！,528万,27600元/平,高楼层 (共6层) | 2013年 | 5室3厅 | 191.31平米 | 南 北,https://ke-image.ljcdn.com/110000-inspection/pc1_W1VbzoL5m_1.jpg!m_fill,w_280,h_210,f_jpg?from=ke.com
20240924,怀柔,怀柔,101119975389,裕华园转商的大两居可以贷款可以把户口迁入,172万,21474元/平,底层 (共14层) | 2013年 | 2室1厅 | 80.1平米 | 南 北,https://ke-image.ljcdn.com/110000-inspection/pc1_QKkbg1PDE.jpg!m_fill,w_280,h_210,f_jpg?from=ke.com
20240924,怀柔,怀柔,101119840433,顶秀美泉小镇C区 3室1厅 南 北,345万,29632元/平,中楼层 (共4层) | 2012年 | 3室1厅 | 116.43平米 | 南 北,https://ke-image.ljcdn.com/110000-inspection/pc1_ZHZgKGZ8Z_1.jpg!m_fill,w_280,h_210,f_jpg?from=ke.com
20240924,怀柔,怀柔,101119823854,青春路一院2000年楼龄新 南北通透 楼层好 采光好。,335万,30372元/平,高楼层 (共6层) 3室2厅 | 110.3平米 | 南 北,https://ke-image.ljcdn.com/110000-inspection/pc1_xffr2zjax_1.jpg!m_fill,w_280,h_210,f_jpg?from=ke.com
20240924,怀柔,怀柔,101119823723,满五 唯一 复式结构 南北通透 精装修 诚意出售,360万,21462元/平,顶层 (共6层) 4室2厅 | 167.74平米 | 南 北,https://ke-image.ljcdn.com/110000-inspection/pc1_iuUFNTzRY_1.jpg!m_fill,w_280,h_210,f_jpg?from=ke.com
20240924,怀柔,怀柔,101119762851,下辛庄别墅区 独栋别墅地上两层有花园,560万,26642元/平,底层 (共2层) 5室1厅 | 210.2平米 | 东 南 西 北,https://ke-image.ljcdn.com/110000-inspection/5a40d091-6519-4324-9e9e-16b80b97c29d_1000.jpg!m_fill,w_280,h_210,f_jpg?from=ke.com
20240924,怀柔,怀柔,101119756085,东关二区小区满五唯一价格合适房主自荐,199万,20280元/平,顶层 (共6层) | 1999年 | 3室2厅 | 98.13平米 | 南 北,https://ke-image.ljcdn.com/110000-inspection/0ce06cab-560c-4bcf-8353-f201b64003fd_1000.jpg!m_fill,w_280,h_210,f_jpg?from=ke.com
20240924,怀柔,怀柔,101119747877,湖光山舍全新精装修独栋别墅院前花园位置好。,800万,27569元/平,底层 (共2层) 5室2厅 | 290.19平米 | 南 北,https://ke-image.ljcdn.com/110000-inspection/pc1_a5nLNxrEJ.jpg!m_fill,w_280,h_210,f_jpg?from=ke.com
20240924,怀柔,怀柔,101119726720,八龙桥雅苑  花园小区  格局方正 南北通透 诚意出售,798万,28251元/平,中楼层 (共4层) 5室3厅 | 282.47平米 | 南 北,https://ke-image.ljcdn.com/110000-inspection/pc1_NeDEyU2LF_1.jpg!m_fill,w_280,h_210,f_jpg?from=ke.com
20240924,怀柔,怀柔,101119651210,此房满五唯一南北通透下跃有阳台采光充足,400万,24503元/平,底层 (共6层) | 2012年 | 3室2厅 | 163.25平米 | 南 北,https://ke-image.ljcdn.com/110000-inspection/pc1_MYiWKKdpp_1.jpg!m_fill,w_280,h_210,f_jpg?from=ke.com
20240924,怀柔,怀柔,101119587769,青春路一院诚意出售看房方便随时签约楼龄新。,599万,25014元/平,顶层 (共6层) 6室3厅 | 239.47平米 | 南 北,https://ke-image.ljcdn.com/110000-inspection/pc1_uDHwO7xyT_1.jpg!m_fill,w_280,h_210,f_jpg?from=ke.com
20240924,怀柔,怀柔,101119525148,龙祥小区品质三居随时看房随时签约。房主自荐,310万,25136元/平,中楼层 (共7层) | 2007年 | 3室2厅 | 123.33平米 | 南 北,https://ke-image.ljcdn.com/110000-inspection/226d932c-371a-497d-b742-e2e1eab1bf86_1000.jpg!m_fill,w_280,h_210,f_jpg?from=ke.com
20240924,怀柔,怀柔,101119521258,新 兴 居    南  北 三 居 室房主自荐,308万,25957元/平,高楼层 (共6层) 3室2厅 | 118.66平米 | 南 北,https://ke-image.ljcdn.com/110000-inspection/af02d5fd-3bb1-4963-a053-60eadd7598ce_1000.jpg!m_fill,w_280,h_210,f_jpg?from=ke.com
20240924,怀柔,怀柔,101119493921,滨河馨居、电梯两居、价低格局可动非承重墙体多,129万,18106元/平,底层 (共11层) 2室1厅 | 71.25平米 | 南 北,https://ke-image.ljcdn.com/110000-inspection/pc1_UDaFjCicE.jpg!m_fill,w_280,h_210,f_jpg?from=ke.com
20240924,怀柔,怀柔,101119484718,益田影人四季花园电梯洋房南北通透视野好次顶层,250万,24653元/平,高楼层 (共8层) | 2012年 | 2室1厅 | 101.41平米 | 南 北,https://ke-image.ljcdn.com/110000-inspection/pc1_31RIUUmFX_1.jpg!m_fill,w_280,h_210,f_jpg?from=ke.com
20240924,怀柔,怀柔,101119418128,八龙桥雅苑看房方便有钥匙随时业主诚意出售,245万,27302元/平,顶层 (共5层) 3室1厅 | 89.74平米 | 南 北,https://ke-image.ljcdn.com/110000-inspection/pc1_QFM2kGUsd.jpg!m_fill,w_280,h_210,f_jpg?from=ke.com
20240924,怀柔,怀柔,101119317810,天恒半山世家 精装独栋别墅 居住舒适 环境好 景色怡人,1200万,47701元/平,底层 (共2层) 5室2厅 | 251.57平米 | 东 东南,https://ke-image.ljcdn.com/110000-inspection/pc1_bpVFTqJmr_1.jpg!m_fill,w_280,h_210,f_jpg?from=ke.com
20240924,怀柔,怀柔,101119243128,富乐小区南里 南北通透交通便利诚意出售,325万,28557元/平,中楼层 (共6层) 3室1厅 | 113.81平米 | 南 北,https://ke-image.ljcdn.com/110000-inspection/pc1_dt7GYDuyN_1.jpg!m_fill,w_280,h_210,f_jpg?from=ke.com
20240924,怀柔,怀柔,101119137656,兆龙居小区 南北3居室 中间层  采光好,185万,22733元/平,中楼层 (共6层) | 1993年 | 3室1厅 | 81.38平米 | 南 北,https://ke-image.ljcdn.com/110000-inspection/276abae1-aac2-412e-a142-7ea8efd89100_1000.jpg!m_fill,w_280,h_210,f_jpg?from=ke.com
20240924,怀柔,怀柔,101119125968,天恒半山世家 独栋别墅 四区三期 大花园,2550万,94291元/平,底层 (共3层) 5室2厅 | 270.44平米 | 南 北,https://ke-image.ljcdn.com/110000-inspection/pc1_2b6pXI4oW_1.jpg!m_fill,w_280,h_210,f_jpg?from=ke.com
20240924,怀柔,怀柔,101119124171,水库边 观景房 满五唯一 急售,550万,32016元/平,顶层 (共24层) 5室3厅 | 171.79平米 | 南 西,https://ke-image.ljcdn.com/110000-inspection/13417f9b-e826-43b4-9e87-17620baf27d7_1000.jpg!m_fill,w_280,h_210,f_jpg?from=ke.com
20240924,怀柔,怀柔,101119094689,八龙桥雅苑满五年唯一看房提前业主稳定出售,245万,27229元/平,顶层 (共5层) 3室2厅 | 89.98平米 | 南 北,https://ke-image.ljcdn.com/110000-inspection/a5d123bc-b436-4b47-8b72-e8d02b87d54f_1000.jpg!m_fill,w_280,h_210,f_jpg?from=ke.com
20240924,怀柔,怀柔,101119093376,想要品质三居看过来 私家电梯入户7+1两层格局,570万,47872元/平,顶层 (共7层) | 2015年 | 3室2厅 | 119.07平米 | 南 北 东,https://ke-image.ljcdn.com/110000-inspection/pc1_GrF1CEbhn_1.jpg!m_fill,w_280,h_210,f_jpg?from=ke.com
20240924,怀柔,怀柔,101119087126,天恒别墅山天恒半山世家精装修独栋别墅房主自荐,1950万,72443元/平,底层 (共2层) 6室3厅 | 269.18平米 | 南 北,https://ke-image.ljcdn.com/110000-inspection/pc1_NB8E3wMzC_1.jpg!m_fill,w_280,h_210,f_jpg?from=ke.com
20240924,怀柔,怀柔,101119059250,青春路一院精装五居室 看房便利房主自荐,498万,25379元/平,顶层 (共6层) 5室3厅 | 196.23平米 | 南 北,https://ke-image.ljcdn.com/110000-inspection/pc1_jazfiz2PW_1.jpg!m_fill,w_280,h_210,f_jpg?from=ke.com
20240924,怀柔,怀柔,101118937975,丽湖馨居 电梯8层三居双卫 小区中间位置 满五唯一,480万,31960元/平,中楼层 (共12层) 3室2厅 | 150.19平米 | 东 南 北,https://ke-image.ljcdn.com/110000-inspection/188b3563-d05a-4931-8556-45a9d961a814_1000.jpg!m_fill,w_280,h_210,f_jpg?from=ke.com
20240924,怀柔,怀柔,101118933597,此房满五唯一南北通透 明厨明卫,345万,20320元/平,顶层 (共6层) 5室2厅 | 169.79平米 | 南 北,https://ke-image.ljcdn.com/110000-inspection/c4769088-5ec9-42bc-8fa2-121a44c3a9b4_1000.jpg!m_fill,w_280,h_210,f_jpg?from=ke.com
20240924,怀柔,怀柔,101118884318,新新小镇德园独栋别墅拎包入住精装修南院诚意出售,619万,30543元/平,底层 (共2层) 4室1厅 | 202.67平米 | 南 北,https://ke-image.ljcdn.com/110000-inspection/4f35061d-8f0d-4d79-84e3-f33d5eb04931_1000.jpg!m_fill,w_280,h_210,f_jpg?from=ke.com
20240924,怀柔,怀柔,101118875681,泊岸花园洋房精装四居满五唯一环境环境好,700万,34311元/平,底层 (共6层) | 2012年 | 4室2厅 | 204.02平米 | 南 北,https://ke-image.ljcdn.com/110000-inspection/947bd744-2a71-4b97-82a1-ed31b54dc04c_1000.jpg!m_fill,w_280,h_210,f_jpg?from=ke.com
20240924,怀柔,怀柔,101118850459,东园南区南北通透两居室户型方正不临街。,180万,22916元/平,高楼层 (共6层) | 2002年 | 2室1厅 | 78.55平米 | 南 北,https://ke-image.ljcdn.com/110000-inspection/954c63d9-e997-49f8-9b11-fda5e0534c2d_1000.jpg!m_fill,w_280,h_210,f_jpg?from=ke.com
20240924,怀柔,怀柔,101118830567,顶秀美泉小镇A区满五唯一南北通透采光充足精装修,348万,27139元/平,顶层 (共4层) 3室2厅 | 128.23平米 | 南 北,https://ke-image.ljcdn.com/110000-inspection/pc1_Agwb6iPtI.jpg!m_fill,w_280,h_210,f_jpg?from=ke.com
20240924,怀柔,怀柔,101118817263,业主诚心出售价格可以聊看房提前联系,300万,33644元/平,顶层 (共4层) 4室2厅 | 89.17平米 | 南 北,https://ke-image.ljcdn.com/110000-inspection/961de5bc-c61d-49c0-9c4c-f34b2a42df15_1000.jpg!m_fill,w_280,h_210,f_jpg?from=ke.com
20240924,怀柔,怀柔,101118679784,新贤家园电梯房精装修两居室急售房源,270万,38088元/平,中楼层 (共11层) | 2013年 | 2室1厅 | 70.89平米 | 南,https://ke-image.ljcdn.com/110000-inspection/052bea6e-f2bc-40d8-9704-109213ca879c_1000.jpg!m_fill,w_280,h_210,f_jpg?from=ke.com
20240924,怀柔,怀柔,101118679637,房主诚意出售电梯房温馨两居室适合一家人采光好,265万,37293元/平,中楼层 (共10层) | 2013年 | 2室1厅 | 71.06平米 | 南,https://ke-image.ljcdn.com/110000-inspection/d03d6323-355b-48de-b60b-143ddd6cd3aa_1000.jpg!m_fill,w_280,h_210,f_jpg?from=ke.com
20240924,怀柔,怀柔,101118672118,梦想家园 眼镜户型 双卧朝南 客厅通阳台 全明格局,275万,22171元/平,中楼层 (共14层) | 2014年 | 3室1厅 | 124.04平米 | 南 北,https://ke-image.ljcdn.com/110000-inspection/aeae0318-747a-4e52-b753-9b3e9ad53968_1000.jpg!m_fill,w_280,h_210,f_jpg?from=ke.com
20240924,怀柔,怀柔,101118667890,社区成熟环境优美周边配套齐全交通便利。房主自荐,370万,24808元/平,中楼层 (共6层) | 1996年 | 4室2厅 | 149.15平米 | 南 北,https://ke-image.ljcdn.com/110000-inspection/eeb3deed-9999-40c2-b0c6-12227b74feef_1000.jpg!m_fill,w_280,h_210,f_jpg?from=ke.com
20240924,怀柔,怀柔,101118568934,欧郡香水城独栋别墅精装修带车库看房方便业主诚意出售,1000万,22707元/平,底层 (共2层) 5室2厅 | 440.41平米 | 南 北,https://ke-image.ljcdn.com/110000-inspection/pc1_YFxpYqxRb_1.jpg!m_fill,w_280,h_210,f_jpg?from=ke.com
20240924,怀柔,怀柔,101118567659,：满五年 唯一南北通透！户型好业主诚意出售,190万,27987元/平,低楼层 (共6层) | 1992年 | 3室1厅 | 67.89平米 | 南 北,https://ke-image.ljcdn.com/110000-inspection/43c5cfed-82e5-4338-845f-d8bc5f8b281d_1000.jpg!m_fill,w_280,h_210,f_jpg?from=ke.com
20240924,怀柔,怀柔,101118564678,万通龙山新新小镇边户看房方便业主稳定出售,678万,23281元/平,底层 (共3层) 5室2厅 | 291.23平米 | 南 北,https://ke-image.ljcdn.com/110000-inspection/pc1_C3cRkrbbC_1.jpg!m_fill,w_280,h_210,f_jpg?from=ke.com
20240924,怀柔,怀柔,101118564299,世嘉光织谷东区满五唯一精装修采光充足房主自荐,260万,27073元/平,高楼层 (共6层) | 2013年 | 2室1厅 | 96.04平米 | 南,https://ke-image.ljcdn.com/110000-inspection/37ccbc4e-d970-4298-8211-65ae7851ce6a_1000.jpg!m_fill,w_280,h_210,f_jpg?from=ke.com
20240924,怀柔,怀柔,101118562509,世嘉光织谷西区 满五唯一次顶层 采光好,230万,24801元/平,中楼层 (共7层) | 2012年 | 2室1厅 | 92.74平米 | 南 北,https://ke-image.ljcdn.com/110000-inspection/ce67974f-3a58-428c-ae0f-7b78feb77775_1000.jpg!m_fill,w_280,h_210,f_jpg?from=ke.com
20240924,怀柔,怀柔,101118531797,此房满五唯一 采光通风好 南北通透 三居格局房主自荐,288万,25692元/平,高楼层 (共6层) 3室2厅 | 112.1平米 | 南 北,https://ke-image.ljcdn.com/110000-inspection/46b005e7-7a2d-4c55-b5b5-a794d361caee_1000.jpg!m_fill,w_280,h_210,f_jpg?from=ke.com
20240924,怀柔,怀柔,101118531321,丽湖馨居 顶层大复式 业主自住 看房方便,498万,35180元/平,顶层 (共9层) 3室3厅 | 141.56平米 | 南 北,https://ke-image.ljcdn.com/110000-inspection/27db957c-47b9-46f5-9dc8-4eea64008af6_1000.jpg!m_fill,w_280,h_210,f_jpg?from=ke.com
20240924,怀柔,怀柔,101118524899,西园单价低满五唯一采光好,220万,25624元/平,顶层 (共5层) 2室1厅 | 85.86平米 | 南 北,https://ke-image.ljcdn.com/110000-inspection/67ec8808-19f5-42e4-a69a-377547f06edb_1000.jpg!m_fill,w_280,h_210,f_jpg?from=ke.com
20240924,怀柔,怀柔,101118519635,此房满五年唯一南北通透全明格局无遮挡光线足。,180万,20525元/平,顶层 (共6层) | 1996年 | 3室1厅 | 87.7平米 | 南 北,https://ke-image.ljcdn.com/110000-inspection/a04c8d8f-6fbe-41ea-bb2b-2e84b445efe7_1000.jpg!m_fill,w_280,h_210,f_jpg?from=ke.com
20240924,怀柔,怀柔,101118512536,万通龙山新新小镇 把边儿联排别墅房主自荐,685万,38616元/平,底层 (共3层) 4室2厅 | 177.39平米 | 南 北,https://ke-image.ljcdn.com/110000-inspection/pc1_b0iWM86dM.jpg!m_fill,w_280,h_210,f_jpg?from=ke.com
20240924,怀柔,怀柔,101118488255,泊岸湖光小区甲26号院泊岸湖光小区甲26号院,880万,29734元/平,底层 (共4层) 5室3厅 | 295.96平米 | 南 北,https://ke-image.ljcdn.com/110000-inspection/pc1_Apo49Kh7t_1.jpg!m_fill,w_280,h_210,f_jpg?from=ke.com
20240924,怀柔,怀柔,101118434680,此房满五年精装修南北通透看房提前约,500万,31520元/平,顶层 (共5层) | 2010年 | 3室2厅 | 158.63平米 | 南 北,https://ke-image.ljcdn.com/110000-inspection/pc1_dwhmlEPpZ_1.jpg!m_fill,w_280,h_210,f_jpg?from=ke.com
20240924,怀柔,怀柔,101118377393,八龙桥雅苑南北通透下叠拼业主诚意出售,620万,27761元/平,底层 (共4层) 4室2厅 | 223.34平米 | 南 北,https://ke-image.ljcdn.com/110000-inspection/pc1_Ca2AysNA0_1.jpg!m_fill,w_280,h_210,f_jpg?from=ke.com
20240924,怀柔,怀柔,101118366991,镜春园 电梯 复式 满五唯一 拎包入住 户型方正,699万,27850元/平,顶层 (共6层) 5室2厅 | 250.99平米 | 南 北,https://ke-image.ljcdn.com/110000-inspection/pc1_4Fzgf40WD.jpg!m_fill,w_280,h_210,f_jpg?from=ke.com
20240924,怀柔,怀柔,101118366857,梦想家园东区 三室两厅  百平方正户型,260万,25268元/平,高楼层 (共15层) 3室2厅 | 102.9平米 | 南,https://ke-image.ljcdn.com/110000-inspection/pc1_t0fqEPVdP.jpg!m_fill,w_280,h_210,f_jpg?from=ke.com
20240924,怀柔,怀柔,101118362749,怀柔 科学城 顶秀美泉小镇B区  三居室 电梯房 精装修,410万,34644元/平,中楼层 (共5层) | 2015年 | 3室2厅 | 118.35平米 | 南 北,https://ke-image.ljcdn.com/110000-inspection/pc1_O8OtSerEU_1.jpg!m_fill,w_280,h_210,f_jpg?from=ke.com
20240924,怀柔,怀柔,101118356655,顶秀美泉的电梯房 5+1两层 此房是满五唯一精装修,365万,31259元/平,顶层 (共5层) | 2015年 | 3室2厅 | 116.77平米 | 南 北,https://ke-image.ljcdn.com/110000-inspection/pc1_4F7cUxbu3_1.jpg!m_fill,w_280,h_210,f_jpg?from=ke.com
20240924,怀柔,怀柔,101118356429,龙山逸墅 边户 装修好 京城高速边房主自荐,675万,21347元/平,底层 (共2层) | 2012年 | 4室2厅 | 316.21平米 | 南 北,https://ke-image.ljcdn.com/110000-inspection/e084e484-ff1d-4703-b007-e0f45caac2e3_1000.jpg!m_fill,w_280,h_210,f_jpg?from=ke.com
20240924,怀柔,怀柔,101118340621,鸿翔花园独栋别墅采光好居住舒适,1500万,42125元/平,底层 (共3层) 4室3厅 | 356.09平米 | 南 北,https://ke-image.ljcdn.com/110000-inspection/6a875ea0-3bf9-4b6d-bff8-80ddd61ca205_1000.jpg!m_fill,w_280,h_210,f_jpg?from=ke.com
20240924,怀柔,怀柔,101118336401,顶秀美泉小镇B区明厨明卫精装修满五唯一带电梯。,310万,34727元/平,中楼层 (共5层) | 2015年 | 2室1厅 | 89.27平米 | 南 北,https://ke-image.ljcdn.com/110000-inspection/1dd4aa6b-49b9-4995-8a55-543c11c1c75d_1000.jpg!m_fill,w_280,h_210,f_jpg?from=ke.com
20240924,怀柔,怀柔,101118335733,美丽家园小面积标准一居室精装好楼层房主自荐,103万,19293元/平,中楼层 (共4层) | 2000年 | 1室1厅 | 53.39平米 | 东,https://ke-image.ljcdn.com/110000-inspection/dedcf8b8-3176-40ea-9abd-1e1871b9985c_1000.jpg!m_fill,w_280,h_210,f_jpg?from=ke.com
20240924,怀柔,怀柔,101118270357,顶秀美泉小镇C区2012年楼龄欧式独特风格 4+1两层设计,325万,36890元/平,顶层 (共4层) 3室2厅 | 88.1平米 | 南 北,https://ke-image.ljcdn.com/110000-inspection/eac557d5-4e60-4bb3-ab4f-9870402cf0df_1000.jpg!m_fill,w_280,h_210,f_jpg?from=ke.com
20240924,怀柔,怀柔,101118245286,康馨家园 顶层 精装修 楼上有卫生间,285万,28288元/平,顶层 (共6层) 3室1厅 | 100.75平米 | 南 北,https://ke-image.ljcdn.com/110000-inspection/df46793b-6b46-4175-8124-cc9b77c3ebea_1000.jpg!m_fill,w_280,h_210,f_jpg?from=ke.com
20240924,怀柔,怀柔,101118235129,金善名居 满五年唯一 顶层复式南北通透,208万,25604元/平,顶层 (共5层) | 2009年 | 2室1厅 | 81.24平米 | 南 北,https://ke-image.ljcdn.com/110000-inspection/pc1_3LGHwHqJK_1.jpg!m_fill,w_280,h_210,f_jpg?from=ke.com
20240924,怀柔,怀柔,101118221759,建筑年代稍远属于成熟小区配套成熟交通便利。,445万,37547元/平,中楼层 (共6层) 3室1厅 | 118.52平米 | 南 北,https://ke-image.ljcdn.com/110000-inspection/9e5a0640-ca53-4df0-ae36-5ca1a6a0c979_1000.jpg!m_fill,w_280,h_210,f_jpg?from=ke.com
20240924,怀柔,怀柔,101118213316,金善名居 顶层复式 南北通透精装修保持好 可拎包入住,180万,23472元/平,顶层 (共6层) 2室1厅 | 76.69平米 | 南 北,https://ke-image.ljcdn.com/110000-inspection/a24f06f1-6074-4961-baf4-503fec365320_1000.jpg!m_fill,w_280,h_210,f_jpg?from=ke.com
20240924,怀柔,怀柔,101118204262,塞班假日青春路61号院塞班假日青春路61号院,610万,26635元/平,底层 (共1层) 4室2厅 | 229.03平米 | 南 北,https://ke-image.ljcdn.com/110000-inspection/pc1_GRMyzzS44.jpg!m_fill,w_280,h_210,f_jpg?from=ke.com
20240924,怀柔,怀柔,101118182843,万通龙山新新小镇独栋别墅看房方便业主诚意出售,829万,24552元/平,底层 (共3层) 4室2厅 | 337.66平米 | 南 北,https://ke-image.ljcdn.com/110000-inspection/e46a038b-a844-4a47-b25e-9fe7ee60d2ed_1000.jpg!m_fill,w_280,h_210,f_jpg?from=ke.com
20240924,怀柔,怀柔,101118157774,家天下小区中间位置 南北通透两居 业主诚意出售,280万,31077元/平,顶层 (共6层) 2室2厅 | 90.1平米 | 南 北,https://ke-image.ljcdn.com/110000-inspection/bbdface4-5459-41c0-9103-ff6537fe5199_1000.jpg!m_fill,w_280,h_210,f_jpg?from=ke.com
20240924,怀柔,怀柔,101118118134,龍祥小區 精装修三居室 中间楼层,430万,31553元/平,中楼层 (共7层) | 2007年 | 3室2厅 | 136.28平米 | 北 东南,https://ke-image.ljcdn.com/110000-inspection/pc1_ZdvRnqwuq_1.jpg!m_fill,w_280,h_210,f_jpg?from=ke.com
20240924,怀柔,怀柔,101118109832,于家园一区  低楼层 南北通透采光好,170万,23907元/平,底层 (共6层) 2室1厅 | 71.11平米 | 南 北,https://ke-image.ljcdn.com/110000-inspection/pc1_va4CPG3pl_1.jpg!m_fill,w_280,h_210,f_jpg?from=ke.com
20240924,怀柔,怀柔,101118085402,八龙桥雅苑 环境好 复式 装修好 拎包入住,575万,24780元/平,中楼层 (共4层) | 2008年 | 5室4厅 | 232.05平米 | 南 北,https://ke-image.ljcdn.com/110000-inspection/pc1_TjGzna0Ie_1.jpg!m_fill,w_280,h_210,f_jpg?from=ke.com
20240924,怀柔,怀柔,101118033646,开利园小区 南北通透四居室 满五年唯一 看房方便,313万,26680元/平,高楼层 (共6层) | 1995年 | 4室2厅 | 117.32平米 | 南 北,https://ke-image.ljcdn.com/110000-inspection/04a0b00a-236b-432b-bc76-8d185c335b09_1000.jpg!m_fill,w_280,h_210,f_jpg?from=ke.com
20240924,怀柔,怀柔,101117968871,怀柔 红螺湖 独栋别墅 依山傍水环境好,2180万,37717元/平,底层 (共2层) 4室1厅 | 578平米 | 南 北,https://ke-image.ljcdn.com/110000-inspection/pc1_Kj5TFc0zN_1.jpg!m_fill,w_280,h_210,f_jpg?from=ke.com
20240924,怀柔,怀柔,101117939342,潘家园地理位置优越无遮挡采光好,388万,23684元/平,底层 (共5层) | 1997年 | 3室2厅 | 163.83平米 | 南 北,https://ke-image.ljcdn.com/110000-inspection/pc1_cITydD4WR.jpg!m_fill,w_280,h_210,f_jpg?from=ke.com
20240924,怀柔,怀柔,101117865567,青春路九院 满五唯一 南北通透 三阳开泰采光好,260万,23645元/平,中楼层 (共6层) 3室1厅 | 109.96平米 | 南 北,https://ke-image.ljcdn.com/110000-inspection/pc1_40NpdZQrC.jpg!m_fill,w_280,h_210,f_jpg?from=ke.com
20240924,怀柔,怀柔,101117776036,顶秀美泉小镇A区南北通透格局楼层好采光充足,260万,29479元/平,顶层 (共4层) 2室1厅 | 88.2平米 | 南 北,https://ke-image.ljcdn.com/110000-inspection/77f92b9c-ba82-4f09-9629-a787415a2c4d_1000.jpg!m_fill,w_280,h_210,f_jpg?from=ke.com
20240924,怀柔,怀柔,101117769989,独栋别墅视野宽阔采光充足配套齐全交通便利,799万,23229元/平,地下室 (共2层) | 2010年 | 4室2厅 | 343.97平米 | 南 北,https://ke-image.ljcdn.com/110000-inspection/pc1_eB5fv40bF_1.jpg!m_fill,w_280,h_210,f_jpg?from=ke.com
20240924,怀柔,怀柔,101117734874,世嘉光织谷东区满五唯一毛坯,540万,28344元/平,高楼层 (共6层) 4室2厅 | 190.52平米 | 南 北,https://ke-image.ljcdn.com/110000-inspection/pc1_g9ITck59R.jpg!m_fill,w_280,h_210,f_jpg?from=ke.com
20240924,怀柔,怀柔,101117713194,青春路一院 南北通透三居室    精装修,275万,27009元/平,高楼层 (共6层) 3室2厅 | 101.82平米 | 南 北,https://ke-image.ljcdn.com/110000-inspection/7b08701d-44d3-4ba8-9338-4eaa51188b19_1000.jpg!m_fill,w_280,h_210,f_jpg?from=ke.com
20240924,怀柔,怀柔,101117687840,凤瑞二园客厅通阳台两居室中间层满五年唯一。,173万,25293元/平,中楼层 (共5层) | 2002年 | 2室1厅 | 68.4平米 | 南 北,https://ke-image.ljcdn.com/110000-inspection/0df62af7-d33b-466c-94eb-fa239e6e9282_1000.jpg!m_fill,w_280,h_210,f_jpg?from=ke.com
20240924,怀柔,怀柔,101117622457,家天下 南北通透两居 户型方正 采光充足,249万,31519元/平,顶层 (共5层) 2室1厅 | 79平米 | 南 北,https://ke-image.ljcdn.com/110000-inspection/pc1_xcqyu0zb7_1.jpg!m_fill,w_280,h_210,f_jpg?from=ke.com
20240924,怀柔,怀柔,101117614865,顶秀美泉小镇A区南北通透采光充足视野好,320万,24836元/平,顶层 (共5层) 3室2厅 | 128.85平米 | 南 北,https://ke-image.ljcdn.com/110000-inspection/f325ce3c-42ff-466f-8570-25746c38129c_1000.jpg!m_fill,w_280,h_210,f_jpg?from=ke.com
20240924,怀柔,怀柔,101117429520,业主诚心出售 前后见景 好位置 好户型 诚意卖,530万,38908元/平,低楼层 (共25层) 3室2厅 | 136.22平米 | 南 北,https://ke-image.ljcdn.com/110000-inspection/d26ca204-fff6-498c-94b0-185161efd324_1000.jpg!m_fill,w_280,h_210,f_jpg?from=ke.com
20240924,怀柔,怀柔,101117346996,万通龙山新新小镇联排别墅看房方便业主稳定出售,585万,23930元/平,底层 (共2层) 4室2厅 | 244.47平米 | 南 北,https://ke-image.ljcdn.com/110000-inspection/pc1_hAIS41L4y_1.jpg!m_fill,w_280,h_210,f_jpg?from=ke.com
20240924,怀柔,怀柔,101117278720,栖美园 交通便利 配套齐全 环境优美,230万,23837元/平,顶层 (共6层) | 2006年 | 2室1厅 | 96.49平米 | 南 北,https://ke-image.ljcdn.com/110000-inspection/46d05a51-27b2-4b1c-a098-6bb61e04e3f9_1000.jpg!m_fill,w_280,h_210,f_jpg?from=ke.com
20240924,怀柔,怀柔,101116990040,水岸雁栖新房 电梯洋房 即买即住 环境好 小区新房主自荐,238万,42372元/平,顶层 (共6层) 1室1厅 | 56.17平米 | 西,https://ke-image.ljcdn.com/110000-inspection/1bfecd47-c46c-40ea-99fd-a2b8d2d3847c_1000.jpg!m_fill,w_280,h_210,f_jpg?from=ke.com
20240924,怀柔,怀柔,101116923649,乐红园小区大平米四居20平米地下室,420万,21134元/平,顶层 (共6层) 4室2厅 | 198.74平米 | 南 北,https://ke-image.ljcdn.com/110000-inspection/7e86113f-5336-4abe-918b-e2b06a161190_1000.jpg!m_fill,w_280,h_210,f_jpg?from=ke.com
20240924,怀柔,怀柔,101116884675,欧郡香水城 房主诚心出售 精装修 看房方便,850万,25810元/平,底层 (共2层) | 2008年 | 6室3厅 | 329.33平米 | 南 北,https://ke-image.ljcdn.com/110000-inspection/pc1_Mz6qYvh1D_1.jpg!m_fill,w_280,h_210,f_jpg?from=ke.com
20240924,怀柔,怀柔,101116869756,万通龙山新新小镇小区位置出行便利小区绿化好,850万,24662元/平,底层 (共3层) 5室2厅 | 344.67平米 | 东 南 北,https://ke-image.ljcdn.com/110000-inspection/1ef0c755-c7e2-4e16-8d20-12805b0ce305_1000.jpg!m_fill,w_280,h_210,f_jpg?from=ke.com
20240924,怀柔,怀柔,101116849838,汇都家园经典户型大三居诚意推荐,425万,33415元/平,高楼层 (共6层) | 2004年 | 3室1厅 | 127.19平米 | 南 西 北,https://ke-image.ljcdn.com/110000-inspection/2e616b18-2236-492a-9586-5f27aa4978dc_1000.jpg!m_fill,w_280,h_210,f_jpg?from=ke.com
20240924,怀柔,怀柔,101116580910,独栋别墅   毛坯房     诚意出售随时签,820万,23703元/平,地下室 (共2层) | 2008年 | 5室2厅 | 345.96平米 | 南 北,https://ke-image.ljcdn.com/110000-inspection/b16d92b7-9af7-41f5-b4f4-ede48bbcaa6e_1000.jpg!m_fill,w_280,h_210,f_jpg?from=ke.com
20240924,怀柔,怀柔,101116549641,南北通透采光好配套成熟交通方便房主自荐,675万,34231元/平,底层 (共6层) 4室3厅 | 197.19平米 | 南 北,https://ke-image.ljcdn.com/110000-inspection/7aee072f-9eb6-4b17-9a0b-9adc734afdf6_1000.jpg!m_fill,w_280,h_210,f_jpg?from=ke.com
20240924,怀柔,怀柔,101116429379,花园洋房 顶秀美泉小镇C区 五居室 两层 精装修,490万,27283元/平,顶层 (共4层) | 2012年 | 5室2厅 | 179.6平米 | 南 北,https://ke-image.ljcdn.com/110000-inspection/a928b434-0242-4fd8-8aea-18548ad31356_1000.jpg!m_fill,w_280,h_210,f_jpg?from=ke.com
20240924,怀柔,怀柔,101116237555,天恒半山世家四期三区 独栋别墅 大花园 毛坯设计空房主自荐,1910万,57166元/平,底层 (共2层) | 2012年 | 9室4厅 | 334.12平米 | 东 南 西 北,https://ke-image.ljcdn.com/110000-inspection/3603f48a-38ce-470b-8eb7-4180044d0a4c_1000.jpg!m_fill,w_280,h_210,f_jpg?from=ke.com
20240924,怀柔,怀柔,101116141245,富乐社区一号院 高楼层 南北通透小两居,160万,25118元/平,顶层 (共6层) | 1990年 | 2室1厅 | 63.7平米 | 南 北,https://ke-image.ljcdn.com/110000-inspection/23c5ee82-2b36-40a4-9fc3-498cc7743951_1000.jpg!m_fill,w_280,h_210,f_jpg?from=ke.com
20240924,怀柔,怀柔,101116035721,梅苑花园 南北通透 看房提前联系,535万,25886元/平,顶层 (共6层) | 1998年 | 5室3厅 | 206.68平米 | 南 北,https://ke-image.ljcdn.com/110000-inspection/af34e916-aed6-4aa0-81ef-3307207d6031_1000.jpg!m_fill,w_280,h_210,f_jpg?from=ke.com
20240924,怀柔,怀柔,101115773807,满五唯一  生活便利出行方便,295万,25071元/平,底层 (共5层) 3室2厅 | 117.67平米 | 南 北,https://ke-image.ljcdn.com/110000-inspection/41ddcf70-2521-497f-a043-01a573184a99_1000.jpg!m_fill,w_280,h_210,f_jpg?from=ke.com
20240924,怀柔,怀柔,101115585059,天恒别墅山独栋别墅6室3厅,1350万,64566元/平,底层 (共2层) | 2009年 | 6室3厅 | 209.09平米 | 南 北,https://ke-image.ljcdn.com/110000-inspection/pc1_RK6DqSooC.jpg!m_fill,w_280,h_210,f_jpg?from=ke.com
20240924,怀柔,怀柔,101115448490,怀柔县杨宋镇和平路19号 4室3厅 南 北,500万,17054元/平,底层 (共3层) | 2003年 | 4室3厅 | 293.19平米 | 南 北,https://ke-image.ljcdn.com/110000-inspection/pc1_3t6NY2MTK_1.jpg!m_fill,w_280,h_210,f_jpg?from=ke.com
20240924,怀柔,怀柔,101115402957,北京后花园 怀柔  渡水山庄  独栋  别墅房主自荐,550万,25391元/平,底层 (共3层) | 2001年 | 6室2厅 | 216.62平米 | 南 北,https://ke-image.ljcdn.com/110000-inspection/2cabe025-fa52-426b-82dd-3b08e1d42137_1000.jpg!m_fill,w_280,h_210,f_jpg?from=ke.com
20240924,怀柔,怀柔,101115063179,红螺湖  红螺路8号满五唯一房主自荐,1820万,33229元/平,底层 (共2层) | 2008年 | 7室2厅 | 547.73平米 | 东 南 西 北,https://ke-image.ljcdn.com/110000-inspection/53bf2fd8-d76b-4873-b874-08def45f7c9c_1000.jpg!m_fill,w_280,h_210,f_jpg?from=ke.com
20240924,怀柔,怀柔,101115053856,下辛庄239号院 景区 独栋别墅 居住舒适 环境优美,2100万,87065元/平,底层 (共3层) | 1998年 | 4室2厅 | 241.2平米 | 南 北,https://ke-image.ljcdn.com/110000-inspection/pc1_i9uKitXJP.jpg!m_fill,w_280,h_210,f_jpg?from=ke.com
20240924,怀柔,怀柔,101115034094,世嘉光织谷西区阳光充足精装修。,180万,34857元/平,底层 (共7层) | 2012年 | 1室1厅 | 51.64平米 | 南,https://ke-image.ljcdn.com/110000-inspection/pc1_pvly8IpxE.jpg!m_fill,w_280,h_210,f_jpg?from=ke.com
20240924,怀柔,怀柔,101114881042,红螺湖独栋别墅~环绕红螺岛~有山有水~环境优美,1500万,25357元/平,底层 (共2层) | 2008年 | 7室4厅 | 591.57平米 | 南 北,https://ke-image.ljcdn.com/110000-inspection/pc1_2zOxOft1o.jpg!m_fill,w_280,h_210,f_jpg?from=ke.com
20240924,怀柔,怀柔,101114840136,康馨家园 精装修 南北通透 客厅通阳台,295万,30755元/平,顶层 (共6层) | 2003年 | 3室2厅 | 95.92平米 | 南 北,https://ke-image.ljcdn.com/110000-inspection/dc9d07ad-0104-47e4-b848-6217d565aaa6_1000.jpg!m_fill,w_280,h_210,f_jpg?from=ke.com
20240924,怀柔,怀柔,101114832670,管 理 好      户 型 好        独     栋,1950万,25817元/平,底层 (共2层) 6室6厅 | 755.32平米 | 北 南,https://ke-image.ljcdn.com/110000-inspection/486c768c-5708-45e9-bf81-57e361be88c1_1000.jpg!m_fill,w_280,h_210,f_jpg?from=ke.com
20240924,怀柔,怀柔,101114811873,楼龄新视野好采光好业主诚心出售看房方便房主自荐,255万,30955元/平,高楼层 (共6层) | 2006年 | 2室1厅 | 82.38平米 | 南 北,https://ke-image.ljcdn.com/110000-inspection/305b192a-aeb7-4bfb-af9f-61c2915344fe_1000.jpg!m_fill,w_280,h_210,f_jpg?from=ke.com
20240924,怀柔,怀柔,101114727559,汇都家园（于家园二区）精选好房,450万,21722元/平,顶层 (共6层) | 2004年 | 5室2厅 | 207.17平米 | 南 北,https://ke-image.ljcdn.com/110000-inspection/6a43d61e-b383-4d77-a27b-a9c4dc7a9c76_1000.jpg!m_fill,w_280,h_210,f_jpg?from=ke.com
20240924,怀柔,怀柔,101114620963,成熟社区低楼层南北通透精装修带地暖,209万,32565元/平,底层 (共6层) | 1995年 | 3室1厅 | 64.18平米 | 南 北,https://ke-image.ljcdn.com/110000-inspection/b18efb81-a60e-4852-ab77-b18c65de4bd5_1000.jpg!m_fill,w_280,h_210,f_jpg?from=ke.com
20240924,怀柔,怀柔,101114379120,湖光山舍 双拼别墅 依山而建 地上三层有地下室,670万,31962元/平,底层 (共2层) 4室2厅 | 209.63平米 | 东 南 北,https://ke-image.ljcdn.com/110000-inspection/3b0fc537-5dd9-48c8-a082-aec1f7827a8b_1000.jpg!m_fill,w_280,h_210,f_jpg?from=ke.com
20240924,怀柔,怀柔,101114333133,顶秀美泉小镇C区 装修60万 拎包入住 小区里面位置好房主自荐,305万,34132元/平,顶层 (共4层) | 2012年 | 3室2厅 | 89.36平米 | 南 北,https://ke-image.ljcdn.com/110000-inspection/e8697b29-9c85-4a67-82e7-e05ffaa93f19_1000.jpg!m_fill,w_280,h_210,f_jpg?from=ke.com
20240924,怀柔,怀柔,101114238576,4越5大面积5室3厅3卫。,230万,10047元/平,顶层 (共5层) | 2005年 | 5室3厅 | 228.93平米 | 南 北,https://ke-image.ljcdn.com/110000-inspection/fa09ebf0-5729-4930-b542-6dc638075da1_1000.jpg!m_fill,w_280,h_210,f_jpg?from=ke.com
20240924,怀柔,怀柔,101114237192,观景房视野宽阔能看见水库风景秀丽景色宜人,520万,31826元/平,顶层 (共24层) | 2001年 | 3室2厅 | 163.39平米 | 东 西 北,https://ke-image.ljcdn.com/110000-inspection/05dbaf0c-eeef-403c-a3a9-52bb0157828e_1000.jpg!m_fill,w_280,h_210,f_jpg?from=ke.com
20240924,怀柔,怀柔,101114107672,益田影人四季花园 京承高速15出口 满五唯一 舒适三居,320万,21025元/平,顶层 (共8层) | 2012年 | 3室2厅 | 152.2平米 | 南 北,https://ke-image.ljcdn.com/110000-inspection/4ec256b5-a101-40eb-b3ca-dae0fc863400_1000.jpg!m_fill,w_280,h_210,f_jpg?from=ke.com
20240924,怀柔,怀柔,101113912462,龙山御景顶层复式 精装修 视野景观优 满五唯一,1750万,59166元/平,顶层 (共18层) | 2014年 | 5室3厅 | 295.78平米 | 南 西 北,https://ke-image.ljcdn.com/110000-inspection/pc1_eBP6ECEMZ_1.jpg!m_fill,w_280,h_210,f_jpg?from=ke.com
20240924,怀柔,怀柔,101113885404,塞班假日 联排别墅 地上三层小区管理好,620万,25655元/平,底层 (共3层) | 2005年 | 4室2厅 | 241.67平米 | 南 北,https://ke-image.ljcdn.com/110000-inspection/3d62349e-6fd7-47a6-b00b-3034a5831d47_1000.jpg!m_fill,w_280,h_210,f_jpg?from=ke.com
20240924,怀柔,怀柔,101113778475,此房满五唯一南北通透精装修全明格局。,410万,34594元/平,顶层 (共6层) | 2004年 | 3室1厅 | 118.52平米 | 南 北,https://ke-image.ljcdn.com/110000-inspection/62fd6a3e-d733-4cc4-a02d-b20a5925ec81_1000.jpg!m_fill,w_280,h_210,f_jpg?from=ke.com
20240924,怀柔,怀柔,101113714406,欧郡香水城 毛坯 独栋 有钥匙 采光好 安静宜居,980万,22987元/平,底层 (共2层) | 2009年 | 5室3厅 | 426.33平米 | 东 南 西 北,https://ke-image.ljcdn.com/110000-inspection/94022f50-6d23-4dc0-9779-dba7c42ea92f_1000.jpg!m_fill,w_280,h_210,f_jpg?from=ke.com
20240924,怀柔,怀柔,101113529236,世嘉光织谷东区上下两层出售有产权车位,510万,24937元/平,底层 (共4层) | 2013年 | 3室2厅 | 204.52平米 | 南 北,https://ke-image.ljcdn.com/110000-inspection/afc716fe-6ad8-4afd-9a9a-4ab6474aa84f_1000.jpg!m_fill,w_280,h_210,f_jpg?from=ke.com
20240924,怀柔,怀柔,101113169946,联排别墅精装修南北通透采光充足。房主自荐,920万,35980元/平,底层 (共2层) | 1995年 | 7室2厅 | 255.7平米 | 南 北,https://ke-image.ljcdn.com/110000-inspection/d5baa3a7-4bcd-462d-a09c-072d8f0067a9_1000.jpg!m_fill,w_280,h_210,f_jpg?from=ke.com
20240924,怀柔,怀柔,101113154581,杨宋镇和平路18号 业主诚心出售看房方便,650万,22558元/平,底层 (共3层) | 2003年 | 5室3厅 | 288.15平米 | 南 北,https://ke-image.ljcdn.com/110000-inspection/pc1_ewruzUyYs_1.jpg!m_fill,w_280,h_210,f_jpg?from=ke.com
20240924,怀柔,怀柔,101113084726,万通龙山新新小镇 诚心出售 看房方便房主自荐,560万,19308元/平,底层 (共3层) 3室2厅 | 290.04平米 | 南 北,https://ke-image.ljcdn.com/110000-inspection/b35a31a1-d202-4b67-a3ae-f7a8dd67306d_1000.jpg!m_fill,w_280,h_210,f_jpg?from=ke.com
20240924,怀柔,怀柔,101112155981,万通龙山逸墅 联排别墅 毛坯随意装修 看房方便,810万,25598元/平,底层 (共3层) | 2012年 | 6室1厅 | 316.44平米 | 南 西 北,https://ke-image.ljcdn.com/110000-inspection/pc1_isrqNkGcg_1.jpg!m_fill,w_280,h_210,f_jpg?from=ke.com
20240924,怀柔,怀柔,101111950187,泊岸一个怀柔的e美的绿堤香廊美景胜收,885万,27252元/平,底层 (共6层) | 2012年 | 4室3厅 | 324.75平米 | 南 北,https://ke-image.ljcdn.com/110000-inspection/pc1_PeGKfCtpG_1.jpg!m_fill,w_280,h_210,f_jpg?from=ke.com
20240924,怀柔,怀柔,101111917696,怀柔区庙城万通新新小镇  业主诚心出售,618万,24562元/平,底层 (共3层) | 2007年 | 3室2厅 | 251.61平米 | 南 北,https://ke-image.ljcdn.com/110000-inspection/pc1_vBfBs2B3n_1.jpg!m_fill,w_280,h_210,f_jpg?from=ke.com
20240924,怀柔,怀柔,101111668985,富乐大街 精装修 可免征增值税 小区中间跃层,435万,25322元/平,顶层 (共6层) | 2008年 | 4室3厅 | 171.79平米 | 南 北,https://ke-image.ljcdn.com/110000-inspection/58e85249-25ef-415d-9f73-bbc848889bbe_1000.jpg!m_fill,w_280,h_210,f_jpg?from=ke.com
20240924,怀柔,怀柔,101111504391,迎宾中路 满五唯一 户型方正 看房随时,269万,21135元/平,高楼层 (共6层) | 2005年 | 3室2厅 | 127.28平米 | 南 西,https://ke-image.ljcdn.com/110000-inspection/pc1_hoSCEW5aY_1.jpg!m_fill,w_280,h_210,f_jpg?from=ke.com
20240924,怀柔,怀柔,101111231115,欧郡香水城  满五唯一  毛坯房,900万,26015元/平,底层 (共2层) | 2008年 | 5室2厅 | 345.96平米 | 南 北,https://ke-image.ljcdn.com/110000-inspection/895a921d-487c-4ef2-8cb1-1a4eab6be64c_1000.jpg!m_fill,w_280,h_210,f_jpg?from=ke.com
20240924,怀柔,怀柔,101121767084,影人峰会 电梯房 南北通透 户型方正,195万,15509元/平,低楼层 (共16层) 2室1厅 | 125.74平米 | 南 北,https://s1.ljcdn.com/pegasus/redskull/images/common/default_house_list.png?_v=20240826145726
20240924,怀柔,怀柔,101114571090,东亚华欣湾 2014年楼龄新 满二年 可注册,110万,15550元/平,中楼层 (共12层) | 2016年 | 2室1厅 | 70.74平米 | 南 北,https://s1.ljcdn.com/pegasus/redskull/images/common/default_house_list.png?_v=20240826145726
20240924,怀柔,怀柔,101126747112,新新家园 电梯房 楼龄新 交通便利 诚意出售,218万,30380元/平,低楼层 (共15层) | 2017年 | 2室1厅 | 71.76平米 | 东,https://s1.ljcdn.com/pegasus/redskull/images/common/default_house_list.png?_v=20240826145726
20240924,怀柔,怀柔,101126736843,安乐馨居 2室1厅 南 北,112万,15994元/平,中楼层 (共12层) 2室1厅 | 70.03平米 | 南 北,https://s1.ljcdn.com/pegasus/redskull/images/common/default_house_list.png?_v=20240826145726
20240924,怀柔,怀柔,101126735596,新村 2室1厅 南 北新上,107万,19882元/平,底层 (共6层) 2室1厅 | 53.82平米 | 南 北,https://s1.ljcdn.com/pegasus/redskull/images/common/default_house_list.png?_v=20240826145726
20240924,怀柔,怀柔,101126704067,金善名居 1室1厅 南 北新上,125万,21037元/平,中楼层 (共6层) | 2009年 | 1室1厅 | 59.42平米 | 南 北,https://s1.ljcdn.com/pegasus/redskull/images/common/default_house_list.png?_v=20240826145726
20240924,怀柔,怀柔,101126696823,怀柔科学城 顶秀美泉小镇B区 花园洋房 两居 精装新上,260万,25715元/平,底层 (共5层) | 2015年 | 2室2厅 | 101.11平米 | 南 北,https://s1.ljcdn.com/pegasus/redskull/images/common/default_house_list.png?_v=20240826145726
20240924,怀柔,怀柔,101126684863,栖美园三居室电梯房南北通透宽敞明亮采光充足新上,286万,19614元/平,顶层 (共6层) 3室1厅 | 145.82平米 | 南 北,https://s1.ljcdn.com/pegasus/redskull/images/common/default_house_list.png?_v=20240826145726
20240924,怀柔,怀柔,101126655745,新贤家园 纯商品房楼栋 诚意出售新上,240万,33775元/平,中楼层 (共10层) 2室1厅 | 71.06平米 | 南,https://s1.ljcdn.com/pegasus/redskull/images/common/default_house_list.png?_v=20240826145726
20240924,怀柔,怀柔,101126610150,栖美园 满五 精装修 南北通透 中间楼层新上,208万,20177元/平,中楼层 (共6层) | 2003年 | 2室2厅 | 103.09平米 | 北 南,https://s1.ljcdn.com/pegasus/redskull/images/common/default_house_list.png?_v=20240826145726
20240924,怀柔,怀柔,101126562218,金善名居南北通透小区楼龄新采光好,160万,21056元/平,高楼层 (共6层) 2室1厅 | 75.99平米 | 南 北,https://s1.ljcdn.com/pegasus/redskull/images/common/default_house_list.png?_v=20240826145726
20240924,怀柔,怀柔,101126517780,东亚华欣湾尚院独栋 环境优雅 品质社区 随时可看,960万,18160元/平,底层 (共3层) 6室2厅 | 528.64平米 | 南 北,https://s1.ljcdn.com/pegasus/redskull/images/common/default_house_list.png?_v=20240826145726
20240924,怀柔,怀柔,101126516177,东亚华欣湾   电梯房 采光好  无遮挡,51万,12149元/平,中楼层 (共9层) | 2016年 | 1室1厅 | 41.98平米 | 北,https://s1.ljcdn.com/pegasus/redskull/images/common/default_house_list.png?_v=20240826145726
20240924,怀柔,怀柔,101126512848,南华园四区 3层 简装 南北通透,145万,25152元/平,中楼层 (共6层) 2室1厅 | 57.65平米 | 南 北,https://s1.ljcdn.com/pegasus/redskull/images/common/default_house_list.png?_v=20240826145726
20240924,怀柔,怀柔,101126504427,东亚华欣湾 4室1厅 东,125万,15145元/平,底层 (共10层) 4室1厅 | 82.54平米 | 东,https://s1.ljcdn.com/pegasus/redskull/images/common/default_house_list.png?_v=20240826145726
20240924,怀柔,怀柔,101126413879,华欣湾小区A区环境优美人车分流。,130万,17914元/平,高楼层 (共9层) | 2016年 | 2室1厅 | 72.57平米 | 南,https://s1.ljcdn.com/pegasus/redskull/images/common/default_house_list.png?_v=20240826145726
20240924,怀柔,怀柔,101126404204,东亚华欣湾 2室1厅 西,75万,9700元/平,高楼层 (共9层) | 2016年 | 2室1厅 | 77.32平米 | 西,https://s1.ljcdn.com/pegasus/redskull/images/common/default_house_list.png?_v=20240826145726
20240924,怀柔,怀柔,101126381233,东亚华欣湾 2室1厅 东北,125万,12208元/平,低楼层 (共7层) 2室1厅 | 102.4平米 | 东北,https://s1.ljcdn.com/pegasus/redskull/images/common/default_house_list.png?_v=20240826145726
20240924,怀柔,怀柔,101126316749,小镇联排别墅把西边户看房方便价格可谈,530万,21065元/平,底层 (共2层) 4室2厅 | 251.61平米 | 南 北,https://s1.ljcdn.com/pegasus/redskull/images/common/default_house_list.png?_v=20240826145726
20240924,怀柔,怀柔,101126314549,顶秀美泉小镇C区 3室2厅 南 北,345万,25884元/平,底层 (共4层) 3室2厅 | 133.29平米 | 南 北,https://s1.ljcdn.com/pegasus/redskull/images/common/default_house_list.png?_v=20240826145726
20240924,怀柔,怀柔,101126244365,东亚华欣湾 2室1厅 东 西,105万,13934元/平,中楼层 (共12层) | 2016年 | 2室1厅 | 75.36平米 | 东 西,https://s1.ljcdn.com/pegasus/redskull/images/common/default_house_list.png?_v=20240826145726
20240924,怀柔,怀柔,101126209791,青春路九院 2室1厅 南 北,125万,23738元/平,低楼层 (共3层) | 1980年 | 2室1厅 | 52.66平米 | 南 北,https://s1.ljcdn.com/pegasus/redskull/images/common/default_house_list.png?_v=20240826145726
20240924,怀柔,怀柔,101126189836,北京城建胜悦居 1室1厅 南,210万,36214元/平,高楼层 (共12层) | 2018年 | 1室1厅 | 57.99平米 | 南,https://s1.ljcdn.com/pegasus/redskull/images/common/default_house_list.png?_v=20240826145726
20240924,怀柔,怀柔,101126145542,北宅村800号  户型方正  电梯房  采光好,330万,20554元/平,顶层 (共5层) 3室1厅 | 160.56平米 | 东 西,https://s1.ljcdn.com/pegasus/redskull/images/common/default_house_list.png?_v=20240826145726
20240924,怀柔,怀柔,101125973977,湖光小区 2室1厅 南,140万,26441元/平,中楼层 (共5层) | 1985年 | 2室1厅 | 52.95平米 | 南,https://s1.ljcdn.com/pegasus/redskull/images/common/default_house_list.png?_v=20240826145726
20240924,怀柔,怀柔,101125912018,雁栖一品园B区 楼层好 视野宽阔,150万,19675元/平,中楼层 (共15层) 1室1厅 | 76.24平米 | 南,https://s1.ljcdn.com/pegasus/redskull/images/common/default_house_list.png?_v=20240826145726
20240924,怀柔,怀柔,101125841496,东亚华欣湾 2014电梯房 西户中间层 精装修的,88万,11012元/平,中楼层 (共12层) | 2016年 | 2室1厅 | 79.92平米 | 西,https://s1.ljcdn.com/pegasus/redskull/images/common/default_house_list.png?_v=20240826145726
20240924,怀柔,怀柔,101125741147,新贤家园 2室1厅 南 北,335万,40740元/平,中楼层 (共11层) 2室1厅 | 82.23平米 | 南 北,https://s1.ljcdn.com/pegasus/redskull/images/common/default_house_list.png?_v=20240826145726
20240924,怀柔,怀柔,101125735169,满五唯一采光好电梯房楼层好,170万,24005元/平,中楼层 (共5层) | 2013年 | 1室1厅 | 70.82平米 | 南,https://s1.ljcdn.com/pegasus/redskull/images/common/default_house_list.png?_v=20240826145726
20240924,怀柔,怀柔,101125553528,东关一区 3室1厅 南 北,230万,29296元/平,中楼层 (共7层) 3室1厅 | 78.51平米 | 南 北,https://s1.ljcdn.com/pegasus/redskull/images/common/default_house_list.png?_v=20240826145726
20240924,怀柔,怀柔,101125485589,怀柔科学城 顶秀美泉小镇B区 电梯洋房 南北两居,255万,28730元/平,中楼层 (共5层) | 2015年 | 2室1厅 | 88.76平米 | 南 北,https://s1.ljcdn.com/pegasus/redskull/images/common/default_house_list.png?_v=20240826145726
20240924,怀柔,怀柔,101125473711,此房满五年唯一南北通透楼层好视野无遮挡,176万,24327元/平,中楼层 (共6层) 3室1厅 | 72.35平米 | 南 北,https://s1.ljcdn.com/pegasus/redskull/images/common/default_house_list.png?_v=20240826145726
20240924,怀柔,怀柔,101125358876,东亚华欣湾好装修2室1厅 西,93万,11653元/平,高楼层 (共12层) | 2016年 | 2室1厅 | 79.81平米 | 西,https://s1.ljcdn.com/pegasus/redskull/images/common/default_house_list.png?_v=20240826145726
20240924,怀柔,怀柔,101125326768,育龙铭居转完商品房满五年。,130万,19594元/平,顶层 (共9层) 2室1厅 | 66.35平米 | 南 北,https://s1.ljcdn.com/pegasus/redskull/images/common/default_house_list.png?_v=20240826145726
20240924,怀柔,怀柔,101125299938,东亚华欣湾 3室1厅 西南,290万,21745元/平,顶层 (共9层) 3室1厅 | 133.37平米 | 西南,https://s1.ljcdn.com/pegasus/redskull/images/common/default_house_list.png?_v=20240826145726
20240924,怀柔,怀柔,101125223533,于家园一区 3室1厅 南 北,235万,29830元/平,高楼层 (共6层) 3室1厅 | 78.78平米 | 南 北,https://s1.ljcdn.com/pegasus/redskull/images/common/default_house_list.png?_v=20240826145726
20240924,怀柔,怀柔,101125161317,东亚尚院电梯房此房为西北户型采光好,90万,12277元/平,中楼层 (共12层) | 2016年 | 2室1厅 | 73.31平米 | 西北,https://s1.ljcdn.com/pegasus/redskull/images/common/default_house_list.png?_v=20240826145726
20240924,怀柔,怀柔,101124917742,金桥国际 满五唯一  南北通透 电梯房,228万,25963元/平,顶层 (共6层) 2室1厅 | 87.82平米 | 南 北,https://s1.ljcdn.com/pegasus/redskull/images/common/default_house_list.png?_v=20240826145726
20240924,怀柔,怀柔,101124917276,雁栖一品园B区 楼层好视野宽阔采光充足,160万,20251元/平,中楼层 (共14层) 2室1厅 | 79.01平米 | 南,https://s1.ljcdn.com/pegasus/redskull/images/common/default_house_list.png?_v=20240826145726
20240924,怀柔,怀柔,101124770736,东亚华欣湾 2室1厅 西,95万,12412元/平,顶层 (共10层) | 2016年 | 2室1厅 | 76.54平米 | 西,https://s1.ljcdn.com/pegasus/redskull/images/common/default_house_list.png?_v=20240826145726
20240924,怀柔,怀柔,101124754090,华欣湾电梯房出行方便小区西南侧挨着城南公园,150万,18262元/平,顶层 (共10层) | 2016年 | 2室1厅 | 82.14平米 | 南 北,https://s1.ljcdn.com/pegasus/redskull/images/common/default_house_list.png?_v=20240826145726
20240924,怀柔,怀柔,101124752109,东亚华欣湾精装修电梯房采西南光好无遮挡,135万,15559元/平,中楼层 (共9层) | 2016年 | 2室1厅 | 86.77平米 | 西南,https://s1.ljcdn.com/pegasus/redskull/images/common/default_house_list.png?_v=20240826145726
20240924,怀柔,怀柔,101124726604,光织谷东区客厅通阳台户型电梯洋房视野开阔,260万,27459元/平,中楼层 (共6层) 2室1厅 | 94.69平米 | 南,https://s1.ljcdn.com/pegasus/redskull/images/common/default_house_list.png?_v=20240826145726
20240924,怀柔,怀柔,101124621730,电梯房满五唯一中间楼层精装修人车分流,88万,11513元/平,中楼层 (共10层) | 2016年 | 2室1厅 | 76.44平米 | 东,https://s1.ljcdn.com/pegasus/redskull/images/common/default_house_list.png?_v=20240826145726
20240924,怀柔,怀柔,101124590929,电梯房  经典小户型  出入方便  随时签约！,96万,18817元/平,中楼层 (共15层) | 2014年 | 1室1厅 | 51.02平米 | 南 北,https://s1.ljcdn.com/pegasus/redskull/images/common/default_house_list.png?_v=20240826145726
20240924,怀柔,怀柔,101124581676,青春苑西区 5室2厅 南 北,560万,28751元/平,顶层 (共6层) | 2005年 | 5室2厅 | 194.78平米 | 南 北,https://s1.ljcdn.com/pegasus/redskull/images/common/default_house_list.png?_v=20240826145726
20240924,怀柔,怀柔,101124503467,东亚华欣湾 满五唯一 环境好 视野好无遮挡 精装修房主自荐,69万,10618元/平,中楼层 (共9层) 1室1厅 | 64.99平米 | 西,https://s1.ljcdn.com/pegasus/redskull/images/common/default_house_list.png?_v=20240826145726
20240924,怀柔,怀柔,101124493196,东亚华欣湾 2室1厅 东,95万,12429元/平,顶层 (共10层) | 2016年 | 2室1厅 | 76.44平米 | 东,https://s1.ljcdn.com/pegasus/redskull/images/common/default_house_list.png?_v=20240826145726
20240924,怀柔,怀柔,101124410232,后横街小区南北通透交通便利配套齐全,165万,29245元/平,中楼层 (共5层) 2室1厅 | 56.42平米 | 南 北,https://s1.ljcdn.com/pegasus/redskull/images/common/default_house_list.png?_v=20240826145726
20240924,怀柔,怀柔,101124401105,富乐社区一号院 3室1厅 南 北,239万,26296元/平,中楼层 (共6层) 3室1厅 | 90.89平米 | 南 北,https://s1.ljcdn.com/pegasus/redskull/images/common/default_house_list.png?_v=20240826145726
20240924,怀柔,怀柔,101124400413,柏泉庄园雁鸣园B区2室1厅诚意卖,200万,22151元/平,低楼层 (共13层) 2室1厅 | 90.29平米 | 南 北,https://s1.ljcdn.com/pegasus/redskull/images/common/default_house_list.png?_v=20240826145726
20240924,怀柔,怀柔,101124375352,东亚华欣湾 2室1厅 东 北,135万,13175元/平,中楼层 (共11层) | 2014年 | 2室1厅 | 102.47平米 | 东 北,https://s1.ljcdn.com/pegasus/redskull/images/common/default_house_list.png?_v=20240826145726
20240924,怀柔,怀柔,101124370334,东亚华欣湾 满五唯一 格局好 采光好,120万,15068元/平,中楼层 (共12层) | 2016年 | 2室1厅 | 79.64平米 | 东,https://s1.ljcdn.com/pegasus/redskull/images/common/default_house_list.png?_v=20240826145726
20240924,怀柔,怀柔,101124325670,龙湖花园 2室2厅 南 北,275万,26478元/平,高楼层 (共6层) 2室2厅 | 103.86平米 | 南 北,https://s1.ljcdn.com/pegasus/redskull/images/common/default_house_list.png?_v=20240826145726
20240924,怀柔,怀柔,101124312267,东亚华欣湾精装修两室电梯房环境好,95万,11892元/平,中楼层 (共12层) | 2016年 | 2室1厅 | 79.89平米 | 东,https://s1.ljcdn.com/pegasus/redskull/images/common/default_house_list.png?_v=20240826145726
20240924,怀柔,怀柔,101124285068,顶秀美泉小镇A区精装修大平层三居室,420万,26110元/平,底层 (共4层) 3室2厅 | 160.86平米 | 南 北,https://s1.ljcdn.com/pegasus/redskull/images/common/default_house_list.png?_v=20240826145726
20240924,怀柔,怀柔,101123997906,东亚华欣湾 3室1厅 东,128万,12005元/平,中楼层 (共11层) 3室1厅 | 106.63平米 | 东,https://s1.ljcdn.com/pegasus/redskull/images/common/default_house_list.png?_v=20240826145726
20240924,怀柔,怀柔,101123980681,东亚华欣湾 电梯房 楼龄新 小区环境好房主自荐,78万,10205元/平,高楼层 (共10层) | 2016年 | 2室1厅 | 76.44平米 | 东,https://s1.ljcdn.com/pegasus/redskull/images/common/default_house_list.png?_v=20240826145726
20240924,怀柔,怀柔,101123804503,北京城建胜悦居精装修三居室成熟社区适宜居住,340万,33818元/平,底层 (共15层) | 2018年 | 3室1厅 | 100.54平米 | 南 北,https://s1.ljcdn.com/pegasus/redskull/images/common/default_house_list.png?_v=20240826145726
20240924,怀柔,怀柔,101123715521,东亚华欣湾  精装修  家具家电齐全  随时配合看房子,89万,21111元/平,低楼层 (共10层) | 2016年 | 1室0厅 | 42.16平米 | 南,https://s1.ljcdn.com/pegasus/redskull/images/common/default_house_list.png?_v=20240826145726
20240924,怀柔,怀柔,101123656514,鸿翔花园 5室3厅 南 北,650万,21493元/平,底层 (共3层) 5室3厅 | 302.43平米 | 南 北,https://s1.ljcdn.com/pegasus/redskull/images/common/default_house_list.png?_v=20240826145726
20240924,怀柔,怀柔,101123619482,东亚华欣湾电梯房精装修西朝阳采光很好,110万,15005元/平,低楼层 (共12层) | 2016年 | 2室1厅 | 73.31平米 | 西,https://s1.ljcdn.com/pegasus/redskull/images/common/default_house_list.png?_v=20240826145726
20240924,怀柔,怀柔,101123596580,华欣湾小区A区 有电梯 采光充足 纯南向 满五唯一,90万,12521元/平,中楼层 (共10层) | 2016年 | 2室1厅 | 71.88平米 | 南,https://s1.ljcdn.com/pegasus/redskull/images/common/default_house_list.png?_v=20240826145726
20240924,怀柔,怀柔,101123516791,东亚华欣湾 2室1厅 南 北,105万,14835元/平,高楼层 (共12层) | 2016年 | 2室1厅 | 70.78平米 | 南 北,https://s1.ljcdn.com/pegasus/redskull/images/common/default_house_list.png?_v=20240826145726
20240924,怀柔,怀柔,101123373614,东亚尚院有地下车库视野宽阔采光充足。,1100万,19240元/平,底层 (共3层) 6室2厅 | 571.74平米 | 南 北,https://s1.ljcdn.com/pegasus/redskull/images/common/default_house_list.png?_v=20240826145726
20240924,怀柔,怀柔,101123250533,东亚华欣湾 纯南向 采光好 诚意出售,100万,13907元/平,中楼层 (共10层) | 2016年 | 2室1厅 | 71.91平米 | 南,https://s1.ljcdn.com/pegasus/redskull/images/common/default_house_list.png?_v=20240826145726
20240924,怀柔,怀柔,101123218620,凤翔四园业主诚心卖北面停车场通透无遮挡。,200万,21044元/平,中楼层 (共6层) 3室2厅 | 95.04平米 | 北 南,https://s1.ljcdn.com/pegasus/redskull/images/common/default_house_list.png?_v=20240826145726
20240924,怀柔,怀柔,101123084558,金台园小区南北通透户型方正格局好,188万,20880元/平,顶层 (共6层) 3室1厅 | 90.04平米 | 南 北,https://s1.ljcdn.com/pegasus/redskull/images/common/default_house_list.png?_v=20240826145726
20240924,怀柔,怀柔,101123038184,金桥国际 3室2厅 南 北,260万,24536元/平,高楼层 (共6层) 3室2厅 | 105.97平米 | 南 北,https://s1.ljcdn.com/pegasus/redskull/images/common/default_house_list.png?_v=20240826145726
20240924,怀柔,怀柔,101122814362,东亚华欣湾 精装修 电梯房 随时可看,52万,14413元/平,中楼层 (共10层) | 2016年 | 1室1厅 | 36.08平米 | 西,https://s1.ljcdn.com/pegasus/redskull/images/common/default_house_list.png?_v=20240826145726
20240924,怀柔,怀柔,101122808539,东亚华欣湾 1室1厅 东,79万,12256元/平,中楼层 (共10层) | 2016年 | 1室1厅 | 64.46平米 | 东,https://s1.ljcdn.com/pegasus/redskull/images/common/default_house_list.png?_v=20240826145726
20240924,怀柔,怀柔,101122701955,东亚华欣湾  电梯房    配套齐全 人车分流,108万,15019元/平,低楼层 (共10层) | 2016年 | 2室1厅 | 71.91平米 | 南,https://s1.ljcdn.com/pegasus/redskull/images/common/default_house_list.png?_v=20240826145726
20240924,怀柔,怀柔,101122696951,东亚华欣湾 1室1厅 南,60万,14195元/平,中楼层 (共10层) | 2016年 | 1室1厅 | 42.27平米 | 南,https://s1.ljcdn.com/pegasus/redskull/images/common/default_house_list.png?_v=20240826145726
20240924,怀柔,怀柔,101122658734,东亚华欣湾 1室0厅 南,60万,14989元/平,低楼层 (共12层) | 2016年 | 1室0厅 | 40.03平米 | 南,https://s1.ljcdn.com/pegasus/redskull/images/common/default_house_list.png?_v=20240826145726
20240924,怀柔,怀柔,101122650683,东亚华欣湾电梯房交通方便。,110万,15005元/平,低楼层 (共12层) | 2016年 | 2室1厅 | 73.31平米 | 东北,https://s1.ljcdn.com/pegasus/redskull/images/common/default_house_list.png?_v=20240826145726
20240924,怀柔,怀柔,101122419515,东亚华欣湾华欣湾小区 两室三层,93万,12167元/平,低楼层 (共10层) | 2016年 | 2室1厅 | 76.44平米 | 西,https://s1.ljcdn.com/pegasus/redskull/images/common/default_house_list.png?_v=20240826145726
20240924,怀柔,怀柔,101122289427,融城园北区 满五 楼层低 方便宜居,205万,23888元/平,底层 (共6层) 3室1厅 | 85.82平米 | 南 北,https://s1.ljcdn.com/pegasus/redskull/images/common/default_house_list.png?_v=20240826145726
20240924,怀柔,怀柔,101122083836,胜悦居   大两居室 客厅通阳台,320万,36085元/平,中楼层 (共15层) | 2018年 | 2室1厅 | 88.68平米 | 南 北,https://s1.ljcdn.com/pegasus/redskull/images/common/default_house_list.png?_v=20240826145726
20240924,怀柔,怀柔,101122003629,欧式风格上下两层顶秀美泉交通便利,160万,29630元/平,低楼层 (共3层) 2室1厅 | 54平米 | 南,https://s1.ljcdn.com/pegasus/redskull/images/common/default_house_list.png?_v=20240826145726
20240924,怀柔,怀柔,101121990281,东亚华欣湾 6室2厅 南 北,1260万,22008元/平,底层 (共3层) 6室2厅 | 572.53平米 | 南 北,https://s1.ljcdn.com/pegasus/redskull/images/common/default_house_list.png?_v=20240826145726
20240924,怀柔,怀柔,101121386643,东亚华欣湾 南向  采光充足 电梯高层,67万,16560元/平,高楼层 (共10层) | 2016年 | 1室0厅 | 40.46平米 | 南,https://s1.ljcdn.com/pegasus/redskull/images/common/default_house_list.png?_v=20240826145726
20240924,怀柔,怀柔,101121221202,东亚华欣湾 电梯直达  环境安静,220万,16495元/平,顶层 (共9层) 3室2厅 | 133.38平米 | 南 西南,https://s1.ljcdn.com/pegasus/redskull/images/common/default_house_list.png?_v=20240826145726
20240924,怀柔,怀柔,101120825567,东亚华欣湾46号楼 精装修 视野开阔,169万,18887元/平,中楼层 (共10层) 2室1厅 | 89.48平米 | 东南,https://s1.ljcdn.com/pegasus/redskull/images/common/default_house_list.png?_v=20240826145726
20240924,怀柔,怀柔,101120807153,东亚华欣湾 3室1厅 东 南,200万,14995元/平,中楼层 (共9层) 3室1厅 | 133.38平米 | 东 南,https://s1.ljcdn.com/pegasus/redskull/images/common/default_house_list.png?_v=20240826145726
20240924,怀柔,怀柔,101120698478,东亚华欣湾 2室1厅 西,110万,14402元/平,中楼层 (共10层) 2室1厅 | 76.38平米 | 西,https://s1.ljcdn.com/pegasus/redskull/images/common/default_house_list.png?_v=20240826145726
20240924,怀柔,怀柔,101120346160,东亚华欣湾精装电梯房 采光好无遮挡,100万,13641元/平,中楼层 (共12层) | 2016年 | 2室1厅 | 73.31平米 | 西北,https://s1.ljcdn.com/pegasus/redskull/images/common/default_house_list.png?_v=20240826145726
20240924,怀柔,怀柔,101120157869,东亚华欣湾 东向 采光充足电梯房 诚意出售,96万,12429元/平,高楼层 (共9层) | 2016年 | 2室1厅 | 77.24平米 | 东,https://s1.ljcdn.com/pegasus/redskull/images/common/default_house_list.png?_v=20240826145726
20240924,怀柔,怀柔,101120075958,东亚华欣湾三室精装修次顶层看房方便,155万,15158元/平,高楼层 (共9层) 2室1厅 | 102.26平米 | 东 北,https://s1.ljcdn.com/pegasus/redskull/images/common/default_house_list.png?_v=20240826145726
20240924,怀柔,怀柔,101119880286,东亚华欣湾小区内都是电梯房位置就在怀柔城区南边,125万,14554元/平,中楼层 (共10层) | 2016年 | 2室1厅 | 85.89平米 | 东南,https://s1.ljcdn.com/pegasus/redskull/images/common/default_house_list.png?_v=20240826145726
20240924,怀柔,怀柔,101119097633,东亚华欣湾  精装修 无抵押 产权清晰  随时签约,190万,14246元/平,中楼层 (共9层) | 2014年 | 3室2厅 | 133.38平米 | 南 北,https://s1.ljcdn.com/pegasus/redskull/images/common/default_house_list.png?_v=20240826145726
20240924,怀柔,怀柔,101118976463,电梯房精装修交通方便采光充足精装修,190万,15129元/平,低楼层 (共16层) 2室2厅 | 125.59平米 | 南 北,https://s1.ljcdn.com/pegasus/redskull/images/common/default_house_list.png?_v=20240826145726
20240924,怀柔,怀柔,101118792771,东亚华欣湾电梯房采光充足精装修,80万,19773元/平,高楼层 (共10层) 1室0厅 | 40.46平米 | 南,https://s1.ljcdn.com/pegasus/redskull/images/common/default_house_list.png?_v=20240826145726
20240924,怀柔,怀柔,101118751136,东亚华欣湾采光好交通便利电梯房,125万,12215元/平,中楼层 (共9层) 2室1厅 | 102.34平米 | 西北,https://s1.ljcdn.com/pegasus/redskull/images/common/default_house_list.png?_v=20240826145726
20240924,怀柔,怀柔,101118554547,顶秀美泉环境优美格局合理视野宽阔采光充足,159万,29298元/平,中楼层 (共5层) 2室1厅 | 54.27平米 | 南 北,https://s1.ljcdn.com/pegasus/redskull/images/common/default_house_list.png?_v=20240826145726
20240924,怀柔,怀柔,101118489049,金桥国际  满五不唯一  精装修,255万,29825元/平,低楼层 (共6层) 2室1厅 | 85.5平米 | 南 北,https://s1.ljcdn.com/pegasus/redskull/images/common/default_house_list.png?_v=20240826145726
20240924,怀柔,怀柔,101118211321,东亚华欣湾 东朝向 满五 电梯房,128万,16706元/平,顶层 (共10层) | 2016年 | 2室1厅 | 76.62平米 | 东,https://s1.ljcdn.com/pegasus/redskull/images/common/default_house_list.png?_v=20240826145726
20240924,怀柔,怀柔,101117952328,东亚尚院独栋别墅地上三层地下两层,990万,17280元/平,底层 (共3层) 6室2厅 | 572.93平米 | 南 北,https://s1.ljcdn.com/pegasus/redskull/images/common/default_house_list.png?_v=20240826145726
20240924,怀柔,怀柔,101117219776,东亚华欣湾低楼层大两室精装修环境好,140万,16135元/平,低楼层 (共9层) 2室1厅 | 86.77平米 | 南 西,https://s1.ljcdn.com/pegasus/redskull/images/common/default_house_list.png?_v=20240826145726
20240924,怀柔,怀柔,101115785225,影人峰会 南北通透 采光无遮挡 户型方正,280万,22295元/平,高楼层 (共16层) | 2015年 | 3室1厅 | 125.59平米 | 南 北,https://s1.ljcdn.com/pegasus/redskull/images/common/default_house_list.png?_v=20240826145726
20240924,怀柔,怀柔,101114639601,东亚华欣湾纯西向精装修 采光充足 看房方便 诚意出售,99万,12804元/平,中楼层 (共9层) 2室1厅 | 77.32平米 | 西,https://s1.ljcdn.com/pegasus/redskull/images/common/default_house_list.png?_v=20240826145726
20240924,怀柔,怀柔,101114632051,华欣湾小区采光好东人车分流环境好,105万,13185元/平,低楼层 (共12层) | 2016年 | 2室1厅 | 79.64平米 | 东,https://s1.ljcdn.com/pegasus/redskull/images/common/default_house_list.png?_v=20240826145726
20240924,怀柔,怀柔,101114583307,东亚华欣湾 地暖中央空调全屋定制家具家电,139万,15748元/平,中楼层 (共12层) | 2016年 | 2室1厅 | 88.27平米 | 南 西,https://s1.ljcdn.com/pegasus/redskull/images/common/default_house_list.png?_v=20240826145726
20240924,怀柔,怀柔,101113897556,华欣湾B区西向采光充足小区配套设施齐全人车分流,138万,13502元/平,高楼层 (共10层) 2室2厅 | 102.21平米 | 西,https://s1.ljcdn.com/pegasus/redskull/images/common/default_house_list.png?_v=20240826145726
20240924,怀柔,怀柔,101113641517,东亚华欣湾 采光充足 中间楼层房主自荐,121万,13944元/平,高楼层 (共9层) | 2016年 | 2室1厅 | 86.78平米 | 西南,https://s1.ljcdn.com/pegasus/redskull/images/common/default_house_list.png?_v=20240826145726
20240924,怀柔,怀柔,101112930328,东亚华欣湾业主诚意售房且交通便利,100万,13277元/平,高楼层 (共12层) | 2016年 | 2室1厅 | 75.32平米 | 西,https://s1.ljcdn.com/pegasus/redskull/images/common/default_house_list.png?_v=20240826145726
20240924,怀柔,怀柔,101112858991,东亚华欣湾 精装修电梯房好户型,99万,12781元/平,低楼层 (共9层) | 2016年 | 2室1厅 | 77.46平米 | 西,https://s1.ljcdn.com/pegasus/redskull/images/common/default_house_list.png?_v=20240826145726
